siteNum=100
demandLowerBound=0
demandUpperBound=1000
fixedCostLowerBound=500
fixedCostUpperBound=1500
coordinateLowerBound=0
coordinateUpperBound=1
facilityFailProbility=0.05
Coordinate: index, x, y
0,0.9314215266243111,0.9552784651767146
1,0.8213430162413314,0.9887516201801445
2,0.38497891940255924,0.35882837622168484
3,0.05251295630952524,0.09073734685983381
4,0.10130878951691236,0.34603589109818866
5,0.5422850582590221,0.11796724562638794
6,0.10657042811645379,0.35287107269938667
7,0.5782828478189789,0.8680681875675501
8,0.2664307300364802,0.5741744306896368
9,0.9762354645419834,0.7210102204684341
10,0.9337243162556292,0.43607174163748064
11,0.7439895239610486,0.4659283793886331
12,0.7696680937163528,0.7422044741140293
13,0.8098541082180489,0.7646784606383842
14,0.4349769880024057,0.16067066423756848
15,0.7620002711694691,0.12948263570414575
16,0.2538969727829725,0.5170189232863939
17,0.6665034696530058,0.7667313814889425
18,0.29413744013480003,0.9076606415429063
19,0.4695481705348663,0.07989925883198556
20,0.9065224335772917,0.13761770524810335
21,0.8391903570329556,0.12526888231157163
22,0.8370552526983746,0.3243159929789594
23,0.6850646633128887,0.10553010625963732
24,0.3370046985642354,0.41871504552581607
25,0.8995429938125011,0.15050437280559747
26,0.4319929410409301,0.013860030976519555
27,0.9782497339536145,0.7079939690031377
28,0.19211447228612588,0.2214581378602003
29,0.7342102378873573,0.05338382289673582
30,0.09154167604870611,0.6930126124711258
31,0.18406657635877455,0.03637484114935696
32,0.1489531965892653,0.2771821700725817
33,0.4365375634757047,0.18451859218948796
34,0.7632958591062667,0.7234597788430238
35,0.31066620266734235,0.42986383337768896
36,0.8876060357546883,0.29503597652883995
37,0.24582382251998458,0.04271161600422435
38,0.5854505302412452,0.7809597237391582
39,0.4340990607592945,0.728897729495364
40,0.1445875363267929,0.3822943345479223
41,0.8700413547709043,0.40929874640639263
42,0.7984108893075443,0.7052869506810903
43,0.7401179882453297,0.37110598505689374
44,0.5534455651680256,0.0079382436842248
45,0.9389186100084902,0.34179470451261107
46,0.8630997239831549,0.3061774868801289
47,0.10350652646190361,0.6269153385338933
48,0.4477492182704581,0.9281104827314671
49,0.5445788064592512,0.8885051958826535
50,0.7747752522187125,0.7339386582345506
51,0.708104542150444,0.46025184681578013
52,0.8737326744786926,0.16537025790079574
53,0.1981411020765338,0.47587669891200324
54,0.9100223432921581,0.40477325195152825
55,0.8380157498210201,0.9073233307996028
56,0.4595632689401178,0.4902529278753641
57,0.33150216256668485,0.9510082487739487
58,0.15788537496137,0.25155153736203695
59,0.9513003502126532,0.5597491992751233
60,0.6995135427523888,0.5203370619337987
61,0.8903163233439325,0.591033474293039
62,0.684680033898246,0.22155814562192044
63,0.596220242436329,0.1409036112572385
64,0.6535893625307144,0.6647611419138482
65,0.6819307259583051,0.22043851305557405
66,0.7332108254015043,0.12859401417623684
67,0.32858271345741397,0.4285585750882014
68,0.8183155024927022,0.25052087869564266
69,0.31076806975823934,0.7705092008916252
70,0.16171246615928014,0.98526963993546
71,0.07152793385866785,0.17767731180575896
72,0.8699762713019525,0.6083681233487033
73,0.30858698764914927,0.1290542164924866
74,0.6257139489202287,0.8804207656604567
75,0.9491695191824123,0.10915224701810522
76,0.209286065076969,0.8995838644365766
77,0.5091219131335942,0.1672473438157822
78,0.23740141556444283,0.8095295336677899
79,0.8316595678453144,0.1253277501475032
80,0.5297726648733925,0.9235971002574193
81,0.8091731630199769,0.38015206676430946
82,0.938437386397244,0.9661334065268893
83,0.7686279234150747,0.553677984912865
84,0.6231805826406237,0.5633484006365602
85,0.024826510465135954,0.37215784165508203
86,0.5803584150670675,0.7176526041045469
87,0.08178420398603026,0.6815912137502657
88,0.30101797892821847,0.8211755774965565
89,0.5891930487860878,0.8817810003915989
90,0.7500895154889324,0.23558511457375464
91,0.6540016497892233,0.0763638095289928
92,0.1784485086125409,0.7286377982229391
93,0.6037181405109404,0.40816259852489956
94,0.16177047296457459,0.6723039837331011
95,0.7084407083548058,0.9971486006563387
96,0.18658156684119942,0.9590510918056653
97,0.8438545121440776,0.9585268878711317
98,0.8189078053363472,0.1046058441079829
99,0.6493508017297617,0.05087708211776576
Demand:index, demand
0,324
1,226
2,639
3,861
4,292
5,309
6,0
7,719
8,745
9,422
10,952
11,708
12,598
13,413
14,192
15,521
16,257
17,571
18,925
19,766
20,828
21,526
22,686
23,138
24,656
25,749
26,326
27,449
28,261
29,68
30,474
31,891
32,360
33,184
34,771
35,216
36,50
37,673
38,987
39,232
40,859
41,503
42,689
43,197
44,704
45,144
46,29
47,844
48,313
49,272
50,490
51,529
52,287
53,660
54,928
55,927
56,662
57,980
58,896
59,441
60,366
61,730
62,357
63,732
64,600
65,831
66,695
67,168
68,576
69,664
70,301
71,185
72,405
73,175
74,459
75,676
76,339
77,847
78,725
79,469
80,205
81,254
82,403
83,905
84,233
85,444
86,831
87,841
88,122
89,84
90,919
91,691
92,525
93,354
94,209
95,974
96,146
97,774
98,367
99,870
Fixcost:index, fixedCost
0,866
1,1254
2,744
3,617
4,1468
5,725
6,600
7,905
8,920
9,1254
10,727
11,1078
12,1186
13,1159
14,726
15,512
16,1417
17,1215
18,1172
19,1314
20,760
21,735
22,1147
23,1380
24,1491
25,942
26,1081
27,603
28,1061
29,726
30,1265
31,1262
32,1229
33,1442
34,1095
35,1205
36,1192
37,616
38,1411
39,1084
40,571
41,1257
42,871
43,1302
44,1359
45,1323
46,1174
47,1309
48,764
49,1431
50,1262
51,1094
52,1134
53,719
54,1009
55,1031
56,1301
57,794
58,1339
59,508
60,1219
61,1185
62,550
63,923
64,653
65,863
66,886
67,986
68,1007
69,1163
70,1062
71,834
72,1432
73,762
74,797
75,1427
76,1267
77,1087
78,1441
79,1418
80,1009
81,1333
82,502
83,1481
84,734
85,1260
86,931
87,876
88,605
89,1142
90,1303
91,1256
92,828
93,895
94,633
95,1106
96,912
97,1377
98,511
99,1403
TransCost:start_index, end_index, transCost
0,1,0.11505533692106337
0,2,0.8089204111664934
0,3,1.2328469573444159
0,4,1.0296910557918648
0,5,0.9233186174862201
0,6,1.0214078525353876
0,7,0.3637479333124013
0,8,0.7664548549320082
0,9,0.2385160361702914
0,10,0.5192118301892135
0,11,0.5240174253621381
0,12,0.2675157915430239
0,13,0.22606857134058853
0,14,0.936941159967296
0,15,0.8429960342576842
0,16,0.8069144608419275
0,17,0.32516392739142436
0,18,0.639060610599958
0,19,0.9897554000691559
0,20,0.8180397809163061
0,21,0.8351182528792901
0,22,0.637980121145297
0,23,0.8847394970175734
0,24,0.8007694229854608
0,25,0.8054052275755286
0,26,1.0656911280243273
0,27,0.25167936556161286
0,28,1.0416655861537907
0,29,0.9232043317590213
0,30,0.879875866755243
0,31,1.1844506287460925
0,32,1.0354087467960587
0,33,0.9159590158893338
0,34,0.28636714792703805
0,35,0.8132636150286245
0,36,0.6616947491525718
0,37,1.1414124872637983
0,38,0.3874054129134814
0,39,0.5464227965062312
0,40,0.9733542737564509
0,41,0.5494191285396547
0,42,0.2831741283366621
0,43,0.6146987313519208
0,44,1.0199604515353735
0,45,0.6135295680387705
0,46,0.6526867156160923
0,47,0.8906545853654877
0,48,0.4844347232997341
0,49,0.3925633192708153
0,50,0.27116298682222195
0,51,0.5430670570384136
0,52,0.7920119819698026
0,53,0.8760857461017691
0,54,0.5509209696820324
0,55,0.10499682877760193
0,56,0.6624945023826025
0,57,0.5999345615310333
0,58,1.0457484242689525
0,59,0.39602849368689125
0,60,0.4929049981877406
0,61,0.36655702301356896
0,62,0.7740974561127791
0,63,0.8806624231892947
0,64,0.4019838635079175
0,65,0.7760382818201463
0,66,0.8501145002911067
0,67,0.800530122653313
0,68,0.7137760351801437
0,69,0.6475726944090971
0,70,0.7702931314281404
0,71,1.1593448773351467
0,72,0.35230995539277266
0,73,1.0346832230466576
0,74,0.31473925437187517
0,75,0.8463123349539654
0,76,0.7242799965315874
0,77,0.8940525777535554
0,78,0.7091591257197112
0,79,0.835925019243306
0,80,0.4028964097990426
0,81,0.5879753707042175
0,82,0.012924861317213118
0,83,0.43334132389376495
0,84,0.49861974994819874
0,85,1.0779351487454671
0,86,0.42392376454563474
0,87,0.8926299858358504
0,88,0.6445092842092943
0,89,0.3500317248097758
0,90,0.7421858373510748
0,91,0.9216576153732733
0,92,0.786342392200119
0,93,0.6377501711582173
0,94,0.8200227445307993
0,95,0.22687783840917616
0,96,0.7448495139297527
0,97,0.08762724619079976
0,98,0.8580811416841717
0,99,0.9473678037180048
1,0,0.11505533692106337
1,2,0.7663008014409658
1,3,1.1821714326364643
1,4,0.9651594666499326
1,5,0.9144062395238963
1,6,0.9566838157924301
1,7,0.2713719520891225
1,8,0.692677335724898
1,9,0.3093171958688298
1,10,0.5639898977276431
1,11,0.5285146203083644
1,12,0.2519043327362768
1,13,0.22436750173453066
1,14,0.913781580779506
1,15,0.8613157081320868
1,16,0.7379205577534732
1,17,0.27068112526767835
1,18,0.5334055364299893
1,19,0.9745625830051963
1,20,0.8553855705383606
1,21,0.8636671616834456
1,22,0.6646213787328198
1,23,0.8936733363645364
1,24,0.7480142394459609
1,25,0.8418869782952677
1,26,1.0497652555493193
1,27,0.32162800990845297
1,28,0.9923043124660169
1,29,0.939417392461146
1,30,0.7874462247211977
1,31,1.145924425983862
1,32,0.9789990561272862
1,33,0.8915525782527799
1,34,0.27156810109345114
1,35,0.7570643078094685
1,36,0.6968731462766887
1,37,1.1073454889251342
1,38,0.31436083912892593
1,39,0.46634957441965325
1,40,0.9087290129025045
1,41,0.5814956243173293
1,42,0.2843907545964098
1,43,0.6229635910386377
1,44,1.0167418176729532
1,45,0.6575540061316241
1,46,0.6838501810277625
1,47,0.8038748166066878
1,48,0.37848338594100944
1,49,0.29435993851190406
1,50,0.25903320679316966
1,51,0.5404951086370876
1,52,0.8250463890225953
1,53,0.8071067529667125
1,54,0.5906731393970314
1,55,0.08311766573033989
1,56,0.6159427991192901
1,57,0.49129280883584336
1,58,0.9917862692535093
1,59,0.44825437621433506
1,60,0.48399857333231083
1,61,0.4036546056476337
1,62,0.7792705551652949
1,63,0.8772266010103629
1,64,0.3648439643744776
1,65,0.7808590252160568
1,66,0.8646608527212282
1,67,0.7460757091402198
1,68,0.7382369494357862
1,69,0.5552625771228583
1,70,0.6596397401521333
1,71,1.1045651594512242
1,72,0.3834798536553211
1,73,1.0009986866949059
1,74,0.22362089799902496
1,75,0.8888389461095855
1,76,0.6185180677498106
1,77,0.8788351912109271
1,78,0.610825956631616
1,79,0.8634855010821787
1,80,0.29876141193799477
1,81,0.6087212184123231
1,82,0.1192588575791089
1,83,0.4382555751115627
1,84,0.4692933509955174
1,85,1.00728666807902
1,86,0.3627233856815358
1,87,0.8008088111794476
1,88,0.5466441937278619
1,89,0.2556097042121372
1,90,0.7565294749953978
1,91,0.9276069479854389
1,92,0.693521844149447
1,93,0.6200356430103535
1,94,0.7315565914250854
1,95,0.11321413519177462
1,96,0.6354559143089941
1,97,0.03768689282669557
1,98,0.8841491297277834
1,99,0.9535145363329885
2,0,0.8089204111664934
2,1,0.7663008014409658
2,3,0.42709064218228376
2,4,0.28395843052280495
2,5,0.28767917121956094
2,6,0.2784722203119411
2,7,0.5446940372363119
2,8,0.24582025216993386
2,9,0.6933685819765592
2,10,0.5541552562849075
2,11,0.37464519863974277
2,12,0.5431049560346405
2,13,0.587565500256814
2,14,0.20436801531182652
2,15,0.44129872918657537
2,16,0.2054427557988164
2,17,0.49562176515945766
2,18,0.5562994066266639
2,19,0.2914676839117432
2,20,0.5665172531620829
2,21,0.5107426624728149
2,22,0.4533917905336199
2,23,0.3926976792189918
2,24,0.07673290705679432
2,25,0.5551351881052634
2,26,0.3481572596568981
2,27,0.6883944149835151
2,28,0.2367852980001474
2,29,0.4639600079387318
2,30,0.44472971515824145
2,31,0.3799237448067499
2,32,0.24974836297377348
2,33,0.1817751209269641
2,34,0.5254329325845342
2,35,0.10280280172218596
2,36,0.5066591441502151
2,37,0.34538955843913716
2,38,0.46731546230482834
2,39,0.3733150338779632
2,40,0.24153398985908497
2,41,0.487681068396192
2,42,0.5394066532366466
2,43,0.3553512317373059
2,44,0.38923629821436667
2,45,0.5542015218316231
2,46,0.48101103929250205
2,47,0.3887123967016312
2,48,0.5727322474002843
2,49,0.553199473277648
2,50,0.5409703362927518
2,51,0.33866929070047036
2,52,0.5256484344552736
2,53,0.22047376222074624
2,54,0.527049835001913
2,55,0.711399384954076
2,56,0.15111332824509996
2,57,0.5945895769164632
2,58,0.25115691924090255
2,59,0.600906931339008
2,60,0.35357755138904606
2,61,0.5561340660241322
2,62,0.3296420395502814
2,63,0.3035030473353878
2,64,0.40711967194126103
2,65,0.3276158263024788
2,66,0.4174605631938573
2,67,0.08968184141157665
2,68,0.44666666348026696
2,69,0.41831609054141583
2,70,0.6650387703188025
2,71,0.3620320821107706
2,72,0.5454287458006226
2,73,0.2421402315111571
2,74,0.5744666875958262
2,75,0.6169677482446169
2,76,0.5685811086341147
2,77,0.22828660685685287
2,78,0.474247459626668
2,79,0.5040299039444733
2,80,0.5830342531759382
2,81,0.424729862496753
2,82,0.8216664009938047
2,83,0.4302940021507401
2,84,0.31395616374908375
2,85,0.36039899044277174
2,86,0.40856819974375114
2,87,0.44283505365543396
2,88,0.4699088997370048
2,89,0.5614114870271821
2,90,0.3853500342755492
2,91,0.39007622447617335
2,92,0.42357268465045694
2,93,0.22423361108755369
2,94,0.38482329329954823
2,95,0.7155978184947844
2,96,0.6321620186363337
2,97,0.7551192716971549
2,98,0.5029148773719471
2,99,0.4058651151620531
3,0,1.2328469573444159
3,1,1.1821714326364643
3,2,0.42709064218228376
3,4,0.25991994927020584
3,5,0.49052846934185695
3,6,0.2676495852428745
3,7,0.9384440392123696
3,8,0.5286513292692648
3,9,1.1182607779145732
3,10,0.9464614652031564
3,11,0.7867071593046285
3,12,0.9688761061156581
3,13,1.013786094408087
3,14,0.3888050982410437
3,15,0.7105444724679817
3,16,0.47145678963367454
3,17,0.9132098802191811
3,18,0.8519073075045644
3,19,0.417176022868136
3,20,0.8552952445008545
3,21,0.7874349241363551
3,22,0.8185753470181795
3,23,0.632724653987443
3,24,0.4341715354941573
3,25,0.8491360208015524
3,26,0.38718881764478963
3,27,1.1126519307773763
3,28,0.19124985872603037
3,29,0.682719905571141
3,30,0.6035385128818473
3,31,0.1423433769979618
3,32,0.20991043815886531
3,33,0.3953097783823709
3,34,0.9516039148946818
3,35,0.42620402680292074
3,36,0.8597199435989834
3,37,0.19918725315454688
3,38,0.8720260244127875
3,39,0.7435432933425441
3,40,0.3057502336141518
3,41,0.8774018734718371
3,42,0.9664548318507082
3,43,0.7425680125267399
3,44,0.5077294260769888
3,45,0.9212734554631886
3,46,0.8387284196088429
3,47,0.5385974219697987
3,48,0.9259619168455818
3,49,0.9373165643570314
3,50,0.9671456720919376
3,51,0.7525565049237857
3,52,0.8246040849524667
3,53,0.4117522038055194
3,54,0.9132036456618483
3,55,1.1330610344466192
3,56,0.5703530980777083
3,57,0.9043787933648846
3,58,0.19226167189385024
3,59,1.0138002254612088
3,60,0.7766374147882917
3,61,0.9758128390930567
3,62,0.6455612251179699
3,63,0.546016727830718
3,64,0.8311414821821813
3,65,0.6426422965088584
3,66,0.6817497460554466
3,67,0.4362770828881768
3,68,0.7822942648304165
3,69,0.727176372798393
3,70,0.9011728781463436
3,71,0.08899509467376891
3,72,0.9675680297151609
3,73,0.2589248771844306
3,74,0.9757864929678703
3,75,0.8968456390543798
3,76,0.8238995670763718
3,77,0.46297464194722776
3,78,0.7421899690657514
3,79,0.7799140582572579
3,80,0.959912599275556
3,81,0.8101206999679057
3,82,1.2454639124064801
3,83,0.8527219244710024
3,84,0.7409606925433481
3,85,0.28277912612902784
3,86,0.819538631241484
3,87,0.5915784799668725
3,88,0.7715534686866642
3,89,0.9559160964506953
3,90,0.7124562665373131
3,91,0.6016604083362268
3,92,0.6502128491372029
3,93,0.6360707079288799
3,94,0.5917406172215247
3,95,1.1188487730306214
3,96,0.8786029546909959
3,97,1.1744275820497614
3,98,0.766520319254987
3,99,0.5981674133812187
4,0,1.0296910557918648
4,1,0.9651594666499326
4,2,0.28395843052280495
4,3,0.25991994927020584
4,5,0.49646286531930595
4,6,0.008625807108528453
4,7,0.7071223167530625
4,8,0.2816246588774968
4,9,0.9518941298049335
4,10,0.8372706035315161
4,11,0.6537681050449988
4,12,0.7769515465450463
4,13,0.8229812085852949
4,14,0.38169979566361284
4,15,0.6952758778715168
4,16,0.22916882634579597
4,17,0.704577690598601
4,18,0.5938057332252752
4,19,0.4543445265065731
4,20,0.83174945312518
4,21,0.7701995065231627
4,22,0.736066988838883
4,23,0.6313588145675257
4,24,0.2466471589740269
4,25,0.8218335716878556
4,26,0.46871399607514413
4,27,0.9487038896253036
4,28,0.15415994494358176
4,29,0.6972872265946041
4,30,0.3471141623158203
4,31,0.32052896458569224
4,32,0.08373066597339462
4,33,0.3721104254608807
4,34,0.7620207814383586
4,35,0.22551640815660193
4,36,0.7879494595005383
4,37,0.33599138474841583
4,38,0.650808701010287
4,39,0.5072795599415012
4,40,0.056459938423906154
4,41,0.7713312814502791
4,42,0.7842274296044137
4,43,0.639300947904147
4,44,0.5645685813814316
4,45,0.837620557918433
4,46,0.7628329569583117
4,47,0.2808880453836833
4,48,0.6773712430417964
4,49,0.7005435422251796
4,50,0.7771908601727904
4,51,0.6174515122295653
4,52,0.7932709052259919
4,53,0.16197262771650076
4,54,0.8108438133326312
4,55,0.9261645292965428
4,56,0.38619273131893755
4,57,0.6472870634794113
4,58,0.11012812139273177
4,59,0.876446821744429
4,60,0.6230809136445937
4,61,0.8261699003274774
4,62,0.5965037450761566
4,63,0.535739300839087
4,64,0.6376516422279163
4,65,0.5940509527373322
4,66,0.6682672764653627
4,67,0.2417921212037903
4,68,0.7233406832514021
4,69,0.4733400266259019
4,70,0.6420812953236276
4,71,0.17097225092131918
4,72,0.8121994198663853
4,73,0.30007548806199025
4,74,0.7487108690073548
4,75,0.8803304366779406
4,76,0.5639808957973745
4,77,0.44528293076800995
4,78,0.48306061686598945
4,79,0.7629707352754823
4,80,0.7191371515997249
4,81,0.7086860268955271
4,82,1.041779831037096
4,83,0.6988777186248939
4,84,0.5653095570216575
4,85,0.08082014173367044
4,86,0.6062899678581148
4,87,0.33612287039160577
4,88,0.5154041927711301
4,89,0.7246060119640466
4,90,0.6581153427991417
4,91,0.6149735192460333
4,92,0.3903008526734839
4,93,0.5062359960946323
4,94,0.3318229700261106
4,95,0.8902566637885606
4,96,0.6189176704950549
4,97,0.9625587625281962
4,98,0.7571240420794432
4,99,0.622469894588526
5,0,0.9233186174862201
5,1,0.9144062395238963
5,2,0.28767917121956094
5,3,0.49052846934185695
5,4,0.49646286531930595
5,6,0.4950020675651935
5,7,0.7509642228190513
5,8,0.5331234435873583
5,9,0.7429493822727709
5,10,0.5043958396769403
5,11,0.4021960244622602
5,12,0.664360716963098
5,13,0.6998775550896519
5,14,0.11549287382033853
5,15,0.2200167697993178
5,16,0.492351428644019
5,17,0.6605491031791143
5,18,0.8277637947717258
5,19,0.0820964460520383
5,20,0.3647670573696131
5,21,0.29699506786867885
5,22,0.35981838900171437
5,23,0.1433202639369818
5,24,0.3641280890301755
5,25,0.3587365288913437
5,26,0.15166628914364294
5,27,0.7336189288398949
5,28,0.3651435389760471
5,29,0.20250010633786267
5,30,0.7306481851999593
5,31,0.3673932514939018
5,32,0.42433400237431346
5,33,0.12494644605713912
5,34,0.6445672826573183
5,35,0.3884929545262107
5,36,0.38807204609707124
5,37,0.30586381624138775
5,38,0.6643961800052438
5,39,0.6204355455447345
5,40,0.4775270975439704
5,41,0.43851822453566824
5,42,0.6407377601451617
5,43,0.32127416576412243
5,44,0.11059357206842745
5,45,0.45543046200804566
5,46,0.3719477714094796
5,47,0.6719782446182477
5,48,0.8156402942899769
5,49,0.7705413642796429
5,50,0.6583862630993373
5,51,0.38033518039934044
5,52,0.33482020230325066
5,53,0.4965221438447055
5,54,0.4663565117672513
5,55,0.842935152388202
5,56,0.3813653414191002
5,57,0.8592943279467992
5,58,0.40694948030173256
5,59,0.602050499228767
5,60,0.4319979923695715
5,61,0.5872967037039212
5,62,0.1760891923122473
5,63,0.05860956372975387
5,64,0.5580073594197726
5,65,0.17320875600189023
5,66,0.19122127697711203
5,67,0.3770088408917782
5,68,0.30620788981295277
5,69,0.6923952045947823
5,70,0.947126676338369
5,71,0.4745287790817702
5,72,0.5898089114080631
5,73,0.23396091367953498
5,74,0.7670044002541977
5,75,0.40697993653420056
5,76,0.8495957087112275
5,77,0.05939968242479525
5,78,0.7557859709096054
5,79,0.28946810502214665
5,80,0.8057270149753286
5,81,0.37412583564626795
5,82,0.936120987685902
5,83,0.4909938298355891
5,84,0.4526681556097904
5,85,0.5765207782850331
5,86,0.600892760541938
5,87,0.7278275992498918
5,88,0.7434458699733568
5,89,0.7652527762405159
5,90,0.2387816063693717
5,91,0.11921175578874704
5,92,0.7108414441119999
5,93,0.29662664485656487
5,94,0.6723693693473819
5,95,0.8947444076891751
5,96,0.9132069919303921
5,97,0.8930199592882245
5,98,0.2769452495551094
5,99,0.12634937065358054
6,0,1.0214078525353876
6,1,0.9566838157924301
6,2,0.2784722203119411
6,3,0.2676495852428745
6,4,0.008625807108528453
6,5,0.4950020675651935
6,7,0.6985275041614974
6,8,0.2730027332971647
6,9,0.9443747707881328
6,10,0.8313277969462478
6,11,0.6473677921731719
6,12,0.7689466896873481
6,13,0.8149805270424458
6,14,0.3805152632799571
6,15,0.6924526503290149
6,16,0.220566605848914
6,17,0.6962796609091497
6,18,0.5856388389571415
6,19,0.45416566653284846
6,20,0.8284064360203471
6,21,0.7671601640563406
6,22,0.7310427289306142
6,23,0.6291527110605639
6,24,0.2396567999335069
6,25,0.818387299004863
6,26,0.4699237154348613
6,27,0.9412423087090375
6,28,0.15680287923361308
6,29,0.6954310487773833
6,30,0.34047339171659713
6,31,0.32584584941006345
6,32,0.08674738638293321
6,33,0.3704333517800821
6,34,0.7540718008452316
6,35,0.21813521124842147
6,36,0.7831740028549738
6,37,0.3399858768101163
6,38,0.6423286116623654
6,39,0.49866928100901564
6,40,0.04807316147794031
6,41,0.7655533542520663
6,42,0.7764278297399674
6,43,0.6338099265347125
6,44,0.5645139897710808
6,45,0.8324218773141342
6,46,0.7579689086375687
6,47,0.27406139299456694
6,48,0.6688074055398954
6,49,0.691921421417775
6,50,0.7692270092106296
6,51,0.6110433053364495
6,52,0.7897432923385244
6,53,0.15334788035529287
6,54,0.8051265839671602
6,55,0.9178396184279284
6,56,0.37878452952087927
6,57,0.6390323673846583
6,58,0.11357320111132307
6,59,0.869693739508419
6,60,0.6161382918991675
6,61,0.8191330525737429
6,62,0.5928353912468715
6,63,0.5335608169400343
6,64,0.6296865330323611
6,65,0.5904048231395775
6,66,0.6655662149548776
6,67,0.234559273660567
6,68,0.7190664872676625
6,69,0.4648852363454703
6,70,0.6347980719896327
6,71,0.17866401501102722
6,72,0.8050262258462527
6,73,0.30150402227460793
6,74,0.7401477377766271
6,75,0.8771385832675714
6,76,0.5562781487037545
6,77,0.44328756672633957
6,78,0.47503020667179313
6,79,0.7599540934758425
6,80,0.7105127245364774
6,81,0.7031321751499363
6,82,1.0334860068578042
6,83,0.6918406919759743
6,84,0.5578411577976827
6,85,0.0839883773491059
6,86,0.5979470062079154
6,87,0.32965328458723625
6,88,0.5070689886297685
6,89,0.7160099898698388
6,90,0.6541198757002843
6,91,0.6133002601076591
6,92,0.38257952175527477
6,93,0.5002129554171748
6,94,0.3241672864474567
6,95,0.88166964746696
6,96,0.611437648402287
6,97,0.9541523919226965
6,98,0.7543607642978648
6,99,0.6211367839109307
7,0,0.3637479333124013
7,1,0.2713719520891225
7,2,0.5446940372363119
7,3,0.9384440392123696
7,4,0.7071223167530625
7,5,0.7509642228190513
7,6,0.6985275041614974
7,8,0.4285152082449857
7,9,0.4242550304286459
7,10,0.5594278923870473
7,11,0.4349426719008253
7,12,0.2290632810196961
7,13,0.25360339957757155
7,14,0.7217671546081598
7,15,0.7610917875420236
7,16,0.47797675871868145
7,17,0.13435782963041532
7,18,0.28689052811098326
7,19,0.7956340177922558
7,20,0.8008115463575067
7,21,0.7872887248354352
7,22,0.6021873517826279
7,23,0.7699783643485889
7,24,0.510032735783276
7,25,0.786197118831852
7,26,0.8666442820510482
7,27,0.4308100108554162
7,28,0.753147110891507
7,29,0.8294721002014622
7,30,0.5172633977662039
7,31,0.9203913793383107
7,32,0.7303904675556024
7,33,0.6980915233513928
7,34,0.2348220735353254
7,35,0.5134605386913099
7,36,0.6511887203281573
7,37,0.8897991198723028
7,38,0.0874028611765583
7,39,0.20039306587528052
7,40,0.6512049289492818
7,41,0.5436841238459492
7,42,0.2737774383178376
7,43,0.5226490633312753
7,44,0.86048847230757
7,45,0.6379827050451972
7,46,0.6299538177254906
7,47,0.5325103303396156
7,48,0.1436805681073867
7,49,0.03941616055439498
7,50,0.23790753587450822
7,51,0.42798112119958764
7,52,0.7622827431020578
7,53,0.5461885302988042
7,54,0.5698186467853201
7,55,0.2626825967828302
7,56,0.39602867177194134
7,57,0.2603454635028484
7,58,0.7462082920778159
7,59,0.483944889045933
7,60,0.36825781339783314
7,61,0.4172686451283782
7,62,0.6552065289220843
7,63,0.7273857787764437
7,64,0.21680596387199613
7,65,0.6558712358011081
7,66,0.7555294377789509
7,67,0.5054887304005212
7,68,0.6625559251902061
7,69,0.2847488584035413
7,70,0.4327436461847297
7,71,0.856411177039426
7,72,0.390549838891902
7,73,0.7866876803642466
7,74,0.0490132179847267
7,75,0.8446954053474519
7,76,0.37034019976565724
7,77,0.7042251699019966
7,78,0.34587125474126895
7,79,0.7847694690991913
7,80,0.07373396770778969
7,81,0.5397892909212805
7,82,0.37326676630536804
7,83,0.3675220365215362
7,84,0.30800966728234785
7,85,0.7431291869790572
7,86,0.1504299030376508
7,87,0.5303626731699822
7,88,0.2812022837750092
7,89,0.01752351907266636
7,90,0.6554024478742269
7,91,0.7953170180357189
7,92,0.42344814591805535
7,93,0.4606084073776695
7,94,0.4602240562050092
7,95,0.18331072446105293
7,96,0.40212906184860026
7,97,0.28055495959440124
7,98,0.8004843034444894
7,99,0.8202755371820531
8,0,0.7664548549320082
8,1,0.692677335724898
8,2,0.24582025216993386
8,3,0.5286513292692648
8,4,0.2816246588774968
8,5,0.5331234435873583
8,6,0.2730027332971647
8,7,0.4285152082449857
8,9,0.7248334362364853
8,10,0.6814345771478355
8,11,0.48967296155388024
8,12,0.5305487156677241
8,13,0.5758478561052229
8,14,0.44653466376571815
8,15,0.6658377900256032
8,16,0.05851364881300784
8,17,0.4440004237446159
8,18,0.33463519631644195
8,19,0.5343824848828095
8,20,0.7747897543656682
8,21,0.7277154537879164
8,22,0.6229298393545899
8,23,0.6283962706055208
8,24,0.170728748221469
8,25,0.7617922659695773
8,26,0.5842628451635042
8,27,0.7242885910823252
8,28,0.3604603853315339
8,29,0.7000289459233153
8,30,0.21144430626968602
8,31,0.5440700803395995
8,32,0.3193828012452616
8,33,0.42516821054727755
8,34,0.5188073550546615
8,35,0.15093815135812058
8,36,0.681011774513032
8,37,0.5318621701444223
8,38,0.380175999169154
8,39,0.22814900464543206
8,40,0.22729657971190415
8,41,0.6257234033981386
8,42,0.5478990625622351
8,43,0.5153798717461864
8,44,0.6348235463969623
8,45,0.7115056470944963
8,46,0.6540919279646963
8,47,0.171248064136931
8,48,0.39767715940246356
8,49,0.4197263184082159
8,50,0.5328590448098869
8,51,0.4561294897545838
8,52,0.732076842560165
8,53,0.11969092429894378
8,54,0.665512527313278
8,55,0.661587200969436
8,56,0.21057776762510105
8,57,0.382410797158675
8,58,0.34039333925247955
8,59,0.6850215207872069
8,60,0.4364162977530454
8,61,0.62411333977717
8,62,0.5470564181835441
8,63,0.5445041096819674
8,64,0.3976150889556685
8,65,0.5456824589772415
8,66,0.6453104408029022
8,67,0.1583251289141876
8,68,0.6397877959037551
8,69,0.20127876610281145
8,70,0.4242230378637187
8,71,0.4418111194177279
8,72,0.6045133819851258
8,73,0.4471120163256883
8,74,0.4720924157985671
8,75,0.82606167173589
8,76,0.330388880419482
8,77,0.47380234738202653
8,78,0.23713862105648983
8,79,0.7217665701072733
8,80,0.43754448534009
8,81,0.5763801057149852
8,82,0.7779619431132615
8,83,0.5026152856080061
8,84,0.35691407966034094
8,85,0.3149338044094894
8,86,0.34516166889610245
8,87,0.2136181285977239
8,88,0.24941099476533213
8,89,0.44586692647967435
8,90,0.5903969391292285
8,91,0.6308935190492397
8,92,0.17776333479213055
8,93,0.37592914981849956
8,94,0.1434683888209087
8,95,0.611784250689724
8,96,0.39307242733980824
8,97,0.693646188978859
8,98,0.7250693596037465
8,99,0.6484349592117455
9,0,0.2385160361702914
9,1,0.3093171958688298
9,2,0.6933685819765592
9,3,1.1182607779145732
9,4,0.9518941298049335
9,5,0.7429493822727709
9,6,0.9443747707881328
9,7,0.4242550304286459
9,8,0.7248334362364853
9,10,0.28809223253521105
9,11,0.34497090104091965
9,12,0.20765181212165573
9,13,0.17201648447672827
9,14,0.7790642827796356
9,15,0.6291276512890138
9,16,0.7505899986028951
9,17,0.3130883792525186
9,18,0.7071747270565177
9,19,0.8171629452188018
9,20,0.5875429631111141
9,21,0.6113011561260866
9,22,0.4204015241317554
9,23,0.6808789954719314
9,24,0.7071056108998757
9,25,0.5756376093377537
9,26,0.8923347549463964
9,27,0.013171183829499269
9,28,0.9297300757394773
9,29,0.7101416880255562
9,30,0.8851366930887898
9,31,1.047022994026778
9,32,0.9388180277280449
9,33,0.7609842913153606
9,34,0.21295369426086325
9,35,0.7264631174865992
9,36,0.4350968077877279
9,37,0.9967899295334836
9,38,0.3953565578295608
9,39,0.542193778187353
9,40,0.8979792469091564
9,41,0.3293041633687657
9,42,0.1785183485530669
9,43,0.422118983903396
9,44,0.828989109148957
9,45,0.38104718234611706
9,46,0.429983595789584
9,47,0.8777867885589637
9,48,0.5676162710208229
9,49,0.46301407889627155
9,50,0.20187461864337913
9,51,0.37401754099575973
9,52,0.5650155661332931
9,53,0.815794876357514
9,54,0.3230944098594195
9,55,0.23198548363813354
9,56,0.565861366231108
9,57,0.6845291255311171
9,58,0.9434449238087991
9,59,0.16317743987122174
9,60,0.34182559669397705
9,61,0.15580774489913424
9,62,0.5783225261100787
9,63,0.6934949510144401
9,64,0.32751254324270723
9,65,0.5806783218056562
9,66,0.6403264298051419
9,67,0.7106208911037
9,68,0.49628513491282505
9,69,0.667305778922376
9,70,0.8563181392866781
9,71,1.0553228727318218
9,72,0.1548523754792063
9,73,0.8922815695398473
9,74,0.3850675977438116
9,75,0.6124563209510949
9,76,0.7874642389720355
9,77,0.7244642113092806
9,78,0.7441178809421478
9,79,0.6129761784549973
9,80,0.49027591757147637
9,81,0.37959727809405386
9,82,0.24802030371500608
9,83,0.26664764800910123
9,84,0.38665876308067987
9,85,1.0133493869842403
9,86,0.3958912879675581
9,87,0.8953194489123871
9,88,0.6826065862758329
9,89,0.4191050885771518
9,90,0.535517995688255
9,91,0.7206966258469781
9,92,0.7978234184288947
9,93,0.4864594446189464
9,94,0.8159200451037508
9,95,0.3846640566184338
9,96,0.8247525292965329
9,97,0.27191705325679794
9,98,0.6361653460755635
9,99,0.7456084803015426
10,0,0.5192118301892135
10,1,0.5639898977276431
10,2,0.5541552562849075
10,3,0.9464614652031564
10,4,0.8372706035315161
10,5,0.5043958396769403
10,6,0.8313277969462478
10,7,0.5594278923870473
10,8,0.6814345771478355
10,9,0.28809223253521105
10,11,0.19206954528209622
10,12,0.3473207365640795
10,13,0.3511783082877019
10,14,0.569732086925742
10,15,0.35140578757008994
10,16,0.6846295809779123
10,17,0.4251385401086583
10,18,0.7946492701940967
10,19,0.5850797653004363
10,20,0.2996910980632521
10,21,0.32486164256722416
10,22,0.14776418783745646
10,23,0.4136295392254563
10,24,0.5969719901617461
10,25,0.2876057804452579
10,26,0.6557416423364375
10,27,0.2755434821524185
10,28,0.7720389624874788
10,29,0.4315737603437724
10,30,0.8805056561832273
10,31,0.8495553773869442
10,32,0.8006944524689025
10,33,0.5572016279023688
10,34,0.33412234725496404
10,35,0.6230890394102248
10,36,0.14838457748749748
10,37,0.7924261970177127
10,38,0.49014523380622615
10,39,0.5791135079539442
10,40,0.790967045425869
10,41,0.06908192858562089
10,42,0.30130806874829813
10,43,0.20421547388412994
10,44,0.5726344563492823
10,45,0.09442002127004126
10,46,0.14785246177396244
10,47,0.8518702113387574
10,48,0.6915735091796473
10,49,0.5967665023398196
10,50,0.33762331815391206
10,51,0.22691178892624425
10,52,0.2772693462688131
10,53,0.7366594190028901
10,54,0.03926039962841416
10,55,0.4808723219075866
10,56,0.47724658168863493
10,57,0.7923579549519626
10,58,0.7974796352349373
10,59,0.124920096451169
10,60,0.24890827754341013
10,61,0.1609266678839609
10,62,0.328693074844042
10,63,0.44836728809848664
10,64,0.3616274797318711
10,65,0.3315082221958809
10,66,0.3670806626604542
10,67,0.605188241052972
10,68,0.21851388292881235
10,69,0.7070522605879176
10,70,0.947428429056309
10,71,0.9000834867869024
10,72,0.18371133984105423
10,73,0.6964599344997551
10,74,0.5406629648276824
10,75,0.3272841429944893
10,76,0.8600315504401683
10,77,0.5025472690217369
10,78,0.7901495456273715
10,79,0.32707650651672315
10,80,0.6331334077048343
10,81,0.13652838463210545
10,82,0.5300826177262291
10,83,0.20270186823586903
10,84,0.33561400211182413
10,85,0.9111422545254574
10,86,0.45183541498039
10,87,0.8866125230789815
10,88,0.7406904033991809
10,89,0.5633458419153498
10,90,0.27187612562344265
10,91,0.4556693610029543
10,92,0.8099607663812396
10,93,0.3311842331677536
10,94,0.8072907830375334
10,95,0.6046155354564415
10,96,0.9119921538614738
10,97,0.5301282500650899
10,98,0.3507883584224441
10,99,0.47879350610289495
11,0,0.5240174253621381
11,1,0.5285146203083644
11,2,0.37464519863974277
11,3,0.7867071593046285
11,4,0.6537681050449988
11,5,0.4021960244622602
11,6,0.6473677921731719
11,7,0.4349426719008253
11,8,0.48967296155388024
11,9,0.34497090104091965
11,10,0.19206954528209622
11,12,0.27746687993595587
11,13,0.30592442613508386
11,14,0.4343627746928137
11,15,0.33692747804002776
11,16,0.49274836620328244
11,17,0.3106228173923926
11,18,0.6304714813143808
11,19,0.4736417827727336
11,20,0.3663397950850152
11,21,0.35371187648477614
11,22,0.1694558876228627
11,23,0.36518359009786744
11,24,0.40971422601334734
11,25,0.3516947339834955
11,26,0.5492792180575253
11,27,0.3368584207960057
11,28,0.603599015617296
11,29,0.41266044822251535
11,30,0.6908367702721903
11,31,0.7057123702086425
11,32,0.6242542450182287
11,33,0.41679512513673855
11,34,0.2582540537565218
11,35,0.4348215177012104
11,36,0.22322615396715167
11,37,0.6536677251492855
11,38,0.3526745815237994
11,39,0.4064295489736864
11,40,0.6052085559840628
11,41,0.13818820276065447
11,42,0.24546733114071023
11,43,0.0949013975429338
11,44,0.49604633315352664
11,45,0.2310985024302772
11,46,0.1992676275930685
11,47,0.6604053839122811
11,48,0.5489723265940284
11,49,0.46726416521364306
11,50,0.2697726276541436
11,51,0.036331184148030146
11,52,0.32736595653571193
11,53,0.5459390705336579
11,54,0.17693740900919003
11,55,0.4512986087731301
11,56,0.28546449552319964
11,57,0.6367482257477906
11,58,0.6240797255735309
11,59,0.22755246631336756
11,60,0.0702738759481336
11,61,0.19251705635781777
11,62,0.25146456363214964
11,63,0.3570390181215474
11,64,0.21841853547727824
11,65,0.2532124974833756
11,66,0.33750652481972526
11,67,0.417084308607091
11,68,0.22787001215493125
11,69,0.5295755897027679
11,70,0.7802319635522831
11,71,0.7316373884142943
11,72,0.1901624073389668
11,73,0.550508465197234
11,74,0.4310371792879905
11,75,0.41156778186382775
11,76,0.6884510648221598
11,77,0.37996467681439433
11,78,0.6121219362110952
11,79,0.35170275124616623
11,80,0.5053212055505405
11,81,0.10773338669321755
11,82,0.5366703274640673
11,83,0.09114298655033459
11,84,0.15519491242598268
11,85,0.7252505454857386
11,86,0.30023361754923744
11,87,0.6964383274404916
11,88,0.5678242346644803
11,89,0.44372891625589217
11,90,0.23042402119183988
11,91,0.39982292529054764
11,92,0.623580691479202
11,93,0.15170018607043353
11,94,0.6177134557477109
11,95,0.5324083411956623
11,96,0.7442268741197503
11,97,0.5026194449322259
11,98,0.36900775518390544
11,99,0.42570420142606125
12,0,0.2675157915430239
12,1,0.2519043327362768
12,2,0.5431049560346405
12,3,0.9688761061156581
12,4,0.7769515465450463
12,5,0.664360716963098
12,6,0.7689466896873481
12,7,0.2290632810196961
12,8,0.5305487156677241
12,9,0.20765181212165573
12,10,0.3473207365640795
12,11,0.27746687993595587
12,13,0.04604341246940124
12,14,0.6709692304967912
12,15,0.6127698154829414
12,16,0.5627862662595998
12,17,0.10604012845856653
12,18,0.5034929451699908
12,19,0.7271314643723346
12,20,0.6198824658163142
12,21,0.6208404541662147
12,22,0.42328691435129906
12,23,0.6422709639387596
12,24,0.5402249752768619
12,25,0.6057858528914265
12,26,0.8028138866410192
12,27,0.2113685390591722
12,28,0.7776534783237042
12,29,0.6897326649386748
12,30,0.6799082861611926
12,31,0.9171284576887483
12,32,0.7755854090759492
12,33,0.6496071836705386
12,34,0.01979820635130455
12,35,0.5551931302188053
12,36,0.4624597532811189
12,37,0.8739010693504603
12,38,0.1882500466565981
12,39,0.3358327639347919
12,40,0.7212912115012476
12,41,0.3477082326826276
12,42,0.046787304205506704
12,43,0.3722731487951254
12,44,0.7654404477171474
12,45,0.4347110774496274
12,46,0.44592488507660616
12,47,0.6760642117947961
12,48,0.3717429305426215
12,49,0.2684568651160376
12,50,0.009716315151417595
12,51,0.2885954866622029
12,52,0.586146014200879
12,53,0.6305343654527663
12,54,0.36545744631087573
12,55,0.17870545298941723
12,56,0.39955548300774657
12,57,0.48537449410994593
12,58,0.7842310879521375
12,59,0.25744942011291966
12,60,0.23269467034830812
12,61,0.19341320146036328
12,62,0.5275372685260815
12,63,0.6258169738717371
12,64,0.1395411822220785
12,65,0.529091262279358
12,66,0.6146925483183038
12,67,0.5412301383458727
12,68,0.49408433327136064
12,69,0.4597721060990015
12,70,0.6547447746367386
12,71,0.8978254840390432
12,72,0.16725399629522641
12,73,0.7671694889615462
12,74,0.19956587647398658
12,75,0.6580090303145215
12,76,0.5820621019447048
12,77,0.6312368920595968
12,78,0.5365076703224161
12,79,0.6199837380418582
12,80,0.30075422124875234
12,81,0.3642013126945201
12,82,0.2804054937471296
12,83,0.1885293586812738
12,84,0.23118842081933882
12,85,0.8316991609556827
12,86,0.1908951250065286
12,87,0.6905492111952949
12,88,0.47525715697965587
12,89,0.22815093366079886
12,90,0.5069975307498108
12,91,0.6758124864678005
12,92,0.5913752214161981
12,93,0.37299244176790264
12,94,0.6119032569542077
12,95,0.26219325005925004
12,96,0.6221031694402718
12,97,0.22868977102798554
12,98,0.6394971166361952
12,99,0.7017191843432401
13,0,0.22606857134058853
13,1,0.22436750173453066
13,2,0.587565500256814
13,3,1.013786094408087
13,4,0.8229812085852949
13,5,0.6998775550896519
13,6,0.8149805270424458
13,7,0.25360339957757155
13,8,0.5758478561052229
13,9,0.17201648447672827
13,10,0.3511783082877019
13,11,0.30592442613508386
13,12,0.04604341246940124
13,14,0.7108855557501103
13,15,0.6369958600604557
13,16,0.6086243364199116
13,17,0.1433653377250732
13,18,0.535170613725288
13,19,0.7646768509959214
13,20,0.634468246706161
13,21,0.640082201244967
13,22,0.44120177377718856
13,23,0.6708568838731165
13,24,0.5858986676946032
13,25,0.6206882521559517
13,26,0.8405399312229984
13,27,0.177680101189804
13,28,0.8226120451832316
13,29,0.7153055688295942
13,30,0.7218786213779774
13,31,0.9602271591614872
13,32,0.8212445727718233
13,33,0.6898918143716471
13,34,0.06218239533261757
13,35,0.6010735393242822
13,36,0.47603510912142427
13,37,0.9161693554881898
13,38,0.2249934339863012
13,39,0.37745478724194226
13,40,0.7673312397927703
13,41,0.360440350037598
13,42,0.06048387151994383
13,43,0.3997029146305946
13,44,0.7990000606413393
13,45,0.4421406075192112
13,46,0.4615823204320911
13,47,0.719656573696601
13,48,0.39727821129454205
