siteNum=100
demandLowerBound=0
demandUpperBound=1000
fixedCostLowerBound=500
fixedCostUpperBound=1500
coordinateLowerBound=0
coordinateUpperBound=1
facilityFailProbility=0.05
Coordinate: index, x, y
0,0.5064682552687527,0.17937183120485845
1,0.45222221855332745,0.9097090319462607
2,0.7408608643398931,0.8774827990240704
3,0.2849444066477629,0.7709594574664052
4,0.1777816674811855,0.21137231065879625
5,0.6809929815437096,0.6404201529423901
6,0.867615696555556,0.8973918321001315
7,0.5906633379287318,0.8033160697200704
8,0.38258210137830206,0.844030739514098
9,0.2818995275493179,0.9946246963757807
10,0.155110309533121,0.30493789932067794
11,0.6341572355765118,0.7860503197466162
12,0.046294682291610934,0.3037526082310391
13,0.7567937993896242,0.0656620310246212
14,0.8714197062666348,0.9611927358114313
15,0.19838854864241862,0.3626198100546849
16,0.5744527922397582,0.7804577429845619
17,0.4937815322135294,0.11493060041483061
18,0.31270742846941035,0.002336334585110622
19,0.10944677312950268,0.4503131860900693
20,0.6036608998251324,0.10384993916806684
21,0.12101245522595516,0.85614010062994
22,0.48956879138983567,0.7632321142466233
23,0.1631858664898932,0.885512917254996
24,0.6702909950551127,0.18070570501696814
25,0.9216551237527075,0.28876969876764547
26,0.47289097902378574,0.8465913336118844
27,0.17280929682980128,0.47897595907835666
28,0.9483339987595543,0.7701436594838849
29,0.3779410908267834,0.6659504624010856
30,0.5779612693828504,0.07471412934983779
31,0.9314298931842484,0.966092736494535
32,0.4941348225650607,0.011111050372985432
33,0.9937291168368365,0.5310766482875767
34,0.4258712270449879,0.9618297827141873
35,0.5073587198325202,0.9186648087697799
36,0.9566540089366751,0.828701585788996
37,0.18146558381791444,0.19031128924997565
38,0.8914775586875975,0.8133714186651455
39,0.986864958028488,0.10196828153073567
40,0.2860707515912676,0.7131365564486999
41,0.2927453024140424,0.20787136722164146
42,0.19979237938650485,0.17793048344139717
43,0.009845255909433193,0.23081553827924806
44,0.8123100068032032,0.2633752361496142
45,0.3104252996064719,0.7835776868670555
46,0.5673576233804428,0.5838649478383698
47,0.19188761960669487,0.2754956067188198
48,0.17196323485132992,0.1683620346504736
49,0.02712396468067435,0.08388680130361614
50,0.17141034265760546,0.13525771202779469
51,0.6706634106570539,0.7562657039844026
52,0.6939025703759525,0.6085279583659361
53,0.29963113676305375,0.27875437295571226
54,0.3727923993845973,0.8814306271157166
55,0.7124359959179075,0.8331675072668716
56,0.5018014573726598,0.7728541653011833
57,0.00726960218085404,0.5084329594436224
58,0.449161123141807,0.9611229573885662
59,0.1292818133909156,0.9551990373174594
60,0.8845257255994193,0.006007509437620739
61,0.681475102062991,0.6346865890515783
62,0.9260191029870607,0.48875969453261314
63,0.6453617040301377,0.5659639986263073
64,0.8215840824749061,0.46589697815826703
65,0.8788134045726119,0.13336796677689666
66,0.0200826023401659,0.2331297337504502
67,0.5496102950466171,0.6879678265392086
68,0.575336237942455,0.10160887366966742
69,0.7561372464530439,0.5544846088665114
70,0.06424881177744013,0.2725148072196456
71,0.6582363098818134,0.6476933843691894
72,0.5003377900604461,0.5530915652448605
73,0.9171259472055268,0.6900279241118283
74,0.7435449829006644,0.3357599661105696
75,0.8873171550971075,0.3032818785893815
76,0.06012899620582268,0.40339151386373473
77,0.6088406424495744,0.31166951791064945
78,0.5445305767241427,0.746226350504152
79,0.5121712876880524,0.37757272316582735
80,0.9386747449060685,0.6578335070760523
81,0.5227657154482432,0.8487620562358704
82,0.3514873659187364,0.3094551185976383
83,0.050765713596113815,0.6089733250361243
84,0.5976488335364099,0.5295153443779296
85,0.17568780345633295,0.7600123807299334
86,0.7560012264700319,0.7534269546050298
87,0.5406883697577052,0.9731165209324251
88,0.15742418685227844,0.7011298865738542
89,0.6262169014650827,0.6477300222355185
90,0.16093598559199052,0.6597713532333127
91,0.1624036082663196,0.6619295046764854
92,0.2797940333803913,0.11006628458459011
93,0.45004844258488974,0.8801377294148429
94,0.3731803594632307,0.5323924923774698
95,0.7520524245858304,0.5951633739627078
96,0.931834759299496,0.07739809367940731
97,0.051240324976139284,0.16985066475941735
98,0.34464249722007245,0.5057743985010401
99,0.3250212114427763,0.4453962387438616
Demand:index, demand
0,187
1,107
2,564
3,316
4,242
5,712
6,538
7,555
8,71
9,354
10,580
11,600
12,376
13,7
14,785
15,33
16,242
17,268
18,554
19,419
20,363
21,388
22,192
23,249
24,786
25,966
26,111
27,716
28,413
29,901
30,635
31,910
32,835
33,79
34,691
35,238
36,67
37,449
38,364
39,906
40,767
41,717
42,735
43,573
44,516
45,105
46,914
47,609
48,536
49,705
50,514
51,948
52,255
53,281
54,74
55,190
56,846
57,451
58,635
59,539
60,821
61,874
62,75
63,270
64,457
65,359
66,681
67,789
68,458
69,726
70,191
71,473
72,31
73,263
74,191
75,910
76,405
77,481
78,538
79,240
80,729
81,269
82,293
83,356
84,720
85,107
86,360
87,75
88,9
89,505
90,333
91,427
92,20
93,554
94,407
95,812
96,270
97,607
98,924
99,437
Fixcost:index, fixedCost
0,1314
1,1192
2,918
3,1245
4,801
5,780
6,1196
7,502
8,836
9,830
10,772
11,831
12,1029
13,847
14,928
15,815
16,1372
17,1071
18,1474
19,789
20,663
21,1165
22,626
23,519
24,729
25,507
26,1221
27,1308
28,1233
29,570
30,531
31,794
32,1294
33,1293
34,753
35,983
36,1314
37,563
38,889
39,695
40,1266
41,1176
42,814
43,899
44,935
45,529
46,1453
47,845
48,621
49,1231
50,1403
51,1414
52,1175
53,1236
54,841
55,1089
56,1491
57,797
58,1111
59,1071
60,1356
61,841
62,546
63,1002
64,811
65,1219
66,1437
67,936
68,957
69,907
70,1446
71,587
72,964
73,862
74,523
75,1231
76,663
77,545
78,1365
79,949
80,1123
81,1201
82,1031
83,765
84,1096
85,841
86,1452
87,1195
88,714
89,588
90,554
91,1458
92,828
93,775
94,1132
95,554
96,1372
97,1086
98,1450
99,844
TransCost:start_index, end_index, transCost
0,1,0.7323490010139418
0,2,0.7364094096198481
0,3,0.6317030434101348
0,4,0.33024067538193413
0,5,0.492975085636529
0,6,0.8037289319376608
0,7,0.6295992572426118
0,8,0.6761059410481456
0,9,0.8456171401047424
0,10,0.37312095022074243
0,11,0.6199703736077612
0,12,0.4766867891605402
0,13,0.27494144230442935
0,14,0.862805591350276
0,15,0.35845910141537
0,16,0.6049183173017656
0,17,0.06567819400389727
0,18,0.262459187427999
0,19,0.4806612893369723
0,20,0.12308519948669525
0,21,0.7788398194027144
0,22,0.5841048039461794
0,23,0.7851611502448321
0,24,0.1638281700149765
0,25,0.4293576937575451
0,26,0.6680638426619945
0,27,0.4484316380290371
0,28,0.7377375470713295
0,29,0.5032673209500961
0,30,0.12674575189998663
0,31,0.8941600396571237
0,32,0.16871219258965284
0,33,0.6009321305898526
0,34,0.7865979448477332
0,35,0.7392935138386828
0,36,0.7901242579454523
0,37,0.32518672819243777
0,38,0.7417463452008902
0,39,0.4865925415833866
0,40,0.5774771350814685
0,41,0.21561475860921173
0,42,0.3066792629629841
0,43,0.49928034058052223
0,44,0.3171683291628803
0,45,0.6352145751486585
0,46,0.40905035943381396
0,47,0.32893883405977287
0,48,0.33468615792205897
0,49,0.4887620482961308
0,50,0.3379494937325804
0,51,0.5998054597147056
0,52,0.4683018299767791
0,53,0.22947436283079808
0,54,0.7146718039507124
0,55,0.6854717326232369
0,56,0.593500682297017
0,57,0.5978967480782451
0,58,0.7838487932516772
0,59,0.862657212153789
0,60,0.41591181629599944
0,61,0.48778983705882917
0,62,0.521290479287378
0,63,0.4107857032814616
0,64,0.42590450149357506
0,65,0.3751763128882466
0,66,0.4893474383920581
0,67,0.5104224936915821
0,68,0.10387433081452455
0,69,0.45060426221244554
0,70,0.4519221727052761
0,71,0.49229931907253766
0,72,0.3737700124603365
0,73,0.655293358099905
0,74,0.2840116608943065
0,75,0.4004991689670566
0,76,0.49940319622468277
0,77,0.1672805534567712
0,78,0.5681309588154888
0,79,0.19828292451166654
0,80,0.6447697456938272
0,81,0.66958859053554
0,82,0.202338176631684
0,83,0.6262764964366445
0,84,0.3618209193377367
0,85,0.6682508174735063
0,86,0.6259440777086436
0,87,0.7944820002406272
0,88,0.6277445579526441
0,89,0.4834243822681744
0,90,0.5917569181286705
0,91,0.5926570589668685
0,92,0.23703261729354524
0,93,0.7030334553613565
0,94,0.37734500179942937
0,95,0.4829018443204701
0,96,0.4374189135099738
0,97,0.4553274877810237
0,98,0.3643160879038536
0,99,0.3220124455974698
1,0,0.7323490010139418
1,2,0.2904320883267855
1,3,0.21733225893606875
1,4,0.750327789950037
1,5,0.3533448207549714
1,6,0.4155760519794631
1,7,0.17460070430894178
1,8,0.0957255661615848
1,9,0.19031681254254482
1,10,0.6738127405584297
1,11,0.21998142540246643
1,12,0.729356121614982
1,13,0.89731777404548
1,14,0.4223471385824995
1,15,0.6031070789589276
1,16,0.17789381338870258
1,17,0.7958642671834608
1,18,0.9180357229261882
1,19,0.5731836958388009
1,20,0.8199649697387303
1,21,0.33551384133258444
1,22,0.15116300447337958
1,23,0.2900473492040401
1,24,0.7609203913412774
1,25,0.7784169242586093
1,26,0.06641567211445285
1,27,0.5134224000648049
1,28,0.5153691799573906
1,29,0.25482528556451606
1,30,0.8444091403256594
1,31,0.4825133340787192
1,32,0.899574898973181
1,33,0.6607512412729041
1,34,0.058403316807223354
1,35,0.05585910589888733
1,36,0.510894937812337
1,37,0.7686626486630896
1,38,0.44969566327592597
1,39,0.9686526615641645
1,40,0.25738501917726997
1,41,0.7197284171181542
1,42,0.774093448979949
1,43,0.8103047283716415
1,44,0.7398720097662761
1,45,0.18977745502116594
1,46,0.3455872228436897
1,47,0.6855660231862624
1,48,0.7925531328214888
1,49,0.9288115428165026
1,50,0.8237901168183124
1,51,0.26694832702923516
1,52,0.38615985231520994
1,53,0.6491439131223563
1,54,0.08431348855869572
1,55,0.271237561798857
1,56,0.14555876973355575
1,57,0.5991705242915843
1,58,0.05150497096888203
1,59,0.3261285726138303
1,60,1.0017797981536583
1,61,0.35804221635619204
1,62,0.6337837425874076
1,63,0.3942886110229192
1,64,0.5774056854648556
1,65,0.885824750985003
1,66,0.8028101859393626
1,67,0.24218505242569224
1,68,0.8174245699615358
1,69,0.4674919624289023
1,70,0.7460159813236177
1,71,0.3333076737807483
1,72,0.3598487540314416
1,73,0.5141938020377932
1,74,0.6436509016544889
1,75,0.7463655244815129
1,76,0.6403862304329309
1,77,0.6182075630819268
1,78,0.18774296290325646
1,79,0.5355025135446002
1,80,0.5477931547798012
1,81,0.0932250974920697
1,82,0.6086479039852584
1,83,0.5016067092685272
1,84,0.40705790793478447
1,85,0.31445249262554686
1,86,0.341622267056683
1,87,0.1088428664104652
1,88,0.36112482520465994
1,89,0.3144950734281595
1,90,0.38381833300823853
1,91,0.3812997783932295
1,92,0.8180220060916167
1,93,0.02965109163868331
1,94,0.38550666209624146
1,95,0.4345539361296817
1,96,0.9606090189039687
1,97,0.841532460736441
1,98,0.4180150530048715
1,99,0.48142129797231903
2,0,0.7364094096198481
2,1,0.2904320883267855
2,3,0.46819551331804854
2,4,0.8722163519708119
2,5,0.2445053405505606
2,6,0.1283088348012114
2,7,0.16751119567266032
2,8,0.3598370635089535
2,9,0.4736747119952155
2,10,0.8190917986604487
2,11,0.1405189049846873
2,12,0.9008820750090077
2,13,0.8119771042181636
2,14,0.15509018254614274
2,15,0.7479038111339386
2,16,0.19262790026253582
2,17,0.8015822178465509
2,18,0.974267262545402
2,19,0.7623369548914886
2,20,0.7857045450497474
2,21,0.6202157375106041
2,22,0.2760451501107248
2,23,0.5777308075044986
2,24,0.700341648899916
2,25,0.6158487465686356
2,26,0.26974458673278323
2,27,0.6938950099504904
2,28,0.23359536036305653
2,29,0.42006748439267066
2,30,0.8191299134128273
2,31,0.2101624984939044
2,32,0.900818376006293
2,33,0.4288817720408882
2,34,0.3260872356606384
2,35,0.23710590337703052
2,36,0.22123807994930136
2,37,0.8860743556358417
2,38,0.16369379251442787
2,39,0.8135974317526248
2,40,0.4835739179303925
2,41,0.8057214322832799
2,42,0.8843803184415826
2,43,0.9759930152865683
2,44,0.6182500131325082
2,45,0.440559809193486
2,46,0.34104958167155297
2,47,0.8147147986457929
2,48,0.9091186783382579
2,49,1.0673401376942013
2,50,0.9355062674353702
2,51,0.14007593167068427
2,52,0.27302341966477217
2,53,0.7437468659966409
2,54,0.36808963615020324
2,55,0.052648060062388306
2,56,0.260953158735899
2,57,0.821190552801508
2,58,0.3034541400381091
2,59,0.6164971607835082
2,60,0.8832376649127376
2,61,0.2499533323206859
2,62,0.430568490840189
2,63,0.32582825632705603
2,64,0.4194271401374142
2,65,0.7567944152323665
2,66,0.9668051384321753
2,67,0.2692446936356223
2,68,0.7933339460711745
2,69,0.3233592409310822
2,70,0.9076288562957077
2,71,0.24419253077608458
2,72,0.4038329132371883
2,73,0.2573105313934761
2,74,0.5417294824839027
2,75,0.5925842911606801
2,76,0.8295531465543845
2,77,0.5810111944466338
2,78,0.23616485156209266
2,79,0.5497353967262727
2,80,0.29559455813312063
2,81,0.21997812399503922
2,82,0.6886705794524428
2,83,0.7404921705874836
2,84,0.3762858424918109
2,85,0.5772520142214247
2,86,0.12497633015876626
2,87,0.22184417133046463
2,88,0.6095069370954366
2,89,0.2567675537634985
2,90,0.6194442175200859
2,91,0.6173135506436452
2,92,0.8952713159961504
2,93,0.29082454040604927
2,94,0.5042581416375964
2,95,0.28254116299703447
2,96,0.8225609790662927
2,97,0.9880889260366714
2,98,0.5432827343681064
2,99,0.5996844274252727
3,0,0.6317030434101348
3,1,0.21733225893606875
3,2,0.46819551331804854
3,4,0.5697557613030029
3,5,0.4170071746417846
3,6,0.5962306411434543
3,7,0.30742643884368803
3,8,0.12195298968203871
3,9,0.22368596376418476
3,10,0.48376955818875755
3,11,0.34953874465183393
3,12,0.5246293271517571
3,13,0.8485789940696546
3,14,0.6165565483010798
3,15,0.4174124868800277
3,16,0.2896641551104794
3,17,0.688466997247484
3,18,0.7691243660218177
3,19,0.3655317369505094
3,20,0.7393343711931166
3,21,0.18474151311146983
3,22,0.20477023871722214
3,23,0.16717546844830994
3,24,0.7049053024895079
3,25,0.7986911171850235
3,26,0.20259342229495192
3,27,0.3127757122680881
3,28,0.6633900937220853
3,29,0.14026857207842672
3,30,0.7553915797593058
3,31,0.6752928852628216
3,32,0.7881181585739915
3,33,0.7482777074972469
3,34,0.2372590351650825
3,35,0.2669925046009731
3,36,0.6741868755696384
3,37,0.5897967124589168
3,38,0.6080141766242796
3,39,0.969660586973819
3,40,0.05783387013710131
3,41,0.5631421235800528
3,42,0.5991112015142561
3,43,0.6061641660241986
3,44,0.7319536993260439
3,45,0.02843405738160886
3,46,0.33876478642009805
3,47,0.5041269612032591
3,48,0.6130973814696142
3,49,0.7338529928689362
3,50,0.6457605537966972
3,51,0.38599877777696306
3,52,0.44003496631513095
3,53,0.49242415178345766
3,54,0.14114230107086206
3,55,0.4319940975947372
3,56,0.21686532771948513
3,57,0.3821301600238356
3,58,0.25125542119271976
3,59,0.241195078148663
3,60,0.9719306769666446
3,61,0.4192933186594906
3,62,0.7004380575657003
3,63,0.41463690911142664
3,64,0.6172886342332001
3,65,0.8713227276365135
3,66,0.5995102893974851
3,67,0.2773727515202435
3,68,0.7296284120781746
3,69,0.5185403092914881
3,70,0.5451179826008129
3,71,0.3931175012600022
3,72,0.3063669826842014
3,73,0.6373408925473953
3,74,0.6322286657656954
3,75,0.7626108089049697
3,76,0.4308690774892925
3,77,0.5620106939762911
3,78,0.26076178070209877
3,79,0.4542963550271687
3,80,0.6634461815483146
3,81,0.2502243379346938
3,82,0.4662769780111774
3,83,0.28474403835567647
3,84,0.3950687514102295
3,85,0.10980366036705598
3,86,0.47138298246505855
3,87,0.32599455973433655
3,88,0.14538767288778803
3,89,0.3628393713837583
3,90,0.16655594560295575
3,91,0.16402371131435134
3,92,0.6609132411342551
3,93,0.1979374591843977
3,94,0.2543615147796513
3,95,0.4990933413673929
3,96,0.9484168354114999
3,97,0.6449413759867089
3,98,0.27182159133601547
3,99,0.3280206695736724
4,0,0.33024067538193413
4,1,0.750327789950037
4,2,0.8722163519708119
4,3,0.5697557613030029
4,5,0.6612894053050751
4,6,0.9728791145191565
4,7,0.7217123302834365
4,8,0.6649811315564571
4,9,0.7901422837163664
4,10,0.09627310035962129
4,11,0.733848399387416
4,12,0.16069519797983867
4,13,0.5970649332260476
4,14,1.0214521030504577
4,15,0.1526448480123143
4,16,0.6936902842786792
4,17,0.3303890403534001
4,18,0.24879911629933504
4,19,0.24852042116880216
4,20,0.4392427357542295
4,21,0.6472621157184717
4,22,0.6338457647182184
4,23,0.674298594740097
4,24,0.49346314801504004
4,25,0.7478890790962333
4,26,0.700423238392776
4,27,0.26764984049566415
4,28,0.9518278812402681
4,29,0.49669416223213064
4,30,0.4228701600927254
4,31,1.0665779714953116
4,32,0.3744113928592233
4,33,0.8763453107129917
4,34,0.7904016997251014
4,35,0.7803100097529636
4,36,0.9938498670408598
4,37,0.021380782547858673
4,38,0.9336834319861067
4,39,0.8164465767166301
4,40,0.5133165534935643
4,41,0.11501692902318923
4,42,0.04003532497953951
4,43,0.16905820723022497
4,44,0.6366557293093035
4,45,0.58737834970743
4,46,0.538999248763682
4,47,0.06565649231392576
4,48,0.0434020506494827
4,49,0.19735829982211758
4,50,0.07638079539233689
4,51,0.734738880722925
4,52,0.6512398904478958
4,53,0.1392394896703461
4,54,0.6978591068479273
4,55,0.8200515334056739
4,56,0.6482674581790835
4,57,0.3425191870092044
4,58,0.7973536487822475
4,59,0.7454062215587679
4,60,0.7359768102773635
4,61,0.6579529271399416
4,62,0.7979993863561357
4,63,0.5868273645244981
4,64,0.6922892140698589
4,65,0.7053581884928171
4,66,0.15919290375497516
4,67,0.6044830965664043
4,68,0.4124289618762375
4,69,0.6724739585361307
4,70,0.12895004540495883
4,71,0.6490090467536686
4,72,0.46990903499318076
4,73,0.8807616932242248
4,74,0.5792757701675687
4,75,0.7154634699714242
4,76,0.22519663731434367
4,77,0.44257357544629716
4,78,0.6485164657661332
4,79,0.37341531197796374
4,80,0.8822051208077613
4,81,0.7247618099200209
4,82,0.19948410182980786
4,83,0.4173962376150687
4,84,0.526785940430512
4,85,0.5486440656329173
4,86,0.7925661457701395
4,87,0.8437745649417342
4,88,0.4901804873551681
4,89,0.625701375682255
4,90,0.4487153645464516
4,91,0.4508195534649196
4,92,0.14376868127412584
4,93,0.7220639737234655
4,94,0.3758119288939407
4,95,0.6907115770982046
4,96,0.7658623610649591
4,97,0.13317942198843194
4,98,0.3384008360318013
4,99,0.2764899315027241
5,0,0.492975085636529
5,1,0.3533448207549714
5,2,0.2445053405505606
5,3,0.4170071746417846
5,4,0.6612894053050751
5,6,0.317588541429854
5,7,0.18626466175431625
5,8,0.3612565907567199
5,9,0.5336070123321378
5,10,0.6237795501746584
5,11,0.15297624843004423
5,12,0.7184615276655223
5,13,0.5797349935069905
5,14,0.37303805088647013
5,15,0.5568483358729764
5,16,0.17595834325697995
5,17,0.5578417307587532
5,18,0.7367395793987507
5,19,0.602333568048839
5,20,0.5421142362756688
5,21,0.6000943973121466
5,22,0.22743350328273745
5,23,0.5728827729289394
5,24,0.4598390002448439
5,25,0.42611771685055305
5,26,0.29293855873110264
5,27,0.5332118576530464
5,28,0.2971521624276421
5,29,0.3041253773826849
5,30,0.5750120336477277
5,31,0.4108299872083096
5,32,0.6564647120398777
5,33,0.33130030535494254
5,34,0.4103550410663304
5,35,0.32797705001492466
5,36,0.33382465453905025
5,37,0.67240286306141
5,38,0.27242594871000164
5,39,0.6192641470531114
5,40,0.4015610078798761
5,41,0.5812355050907223
5,42,0.6674209420684926
5,43,0.7862666277907279
5,44,0.3992580999832987
5,45,0.3972587147133836
5,46,0.12693102792166977
5,47,0.6102409192376539
5,48,0.6942262960036973
5,49,0.858646646007378
5,50,0.7175399344739759
5,51,0.11630516639827304
5,52,0.034405952373389864
5,53,0.525584430008992
5,54,0.3912462747483577
5,55,0.195295175956866
5,56,0.22281914182626436
5,57,0.6865302696515189
5,58,0.39572250296100436
5,59,0.6351936390683819
5,60,0.6662619455901384
5,61,0.005753798318079394
5,62,0.28816435385841105
5,63,0.08254275772464537
5,64,0.2241075549770142
5,65,0.5442745991340584
5,66,0.7763298364126667
5,67,0.13972183643104213
5,68,0.5490728022220087
5,69,0.11415593845429813
5,70,0.71814184835035
5,71,0.023890709502129317
5,72,0.20065537729923838
5,73,0.241287605219672
5,74,0.31101540526822824
5,75,0.3952617874601808
5,76,0.6645710376123257
5,77,0.3365753111422877
5,78,0.17267582161848233
5,79,0.3123932388135798
5,80,0.2582694640713824
5,81,0.26161463339040386
5,82,0.4670244155150941
5,83,0.6310113408252319
5,84,0.13873039886694738
5,85,0.5192645028779679
5,86,0.1356347080541937
5,87,0.36107098659707093
5,88,0.5270768013603343
5,89,0.055261678746331686
5,90,0.5204168982566052
5,91,0.5190352495623559
5,92,0.665008136558821
5,93,0.33286618414120733
5,94,0.3262186165122851
5,95,0.08424737674890674
5,96,0.6163728065744084
5,97,0.7861450576469313
5,98,0.3622997757297478
5,99,0.405894355982079
6,0,0.8037289319376608
6,1,0.4155760519794631
6,2,0.1283088348012114
6,3,0.5962306411434543
6,4,0.9728791145191565
6,5,0.317588541429854
6,7,0.29249420167988077
6,8,0.48796003386809
6,9,0.5937319770153793
6,10,0.9266421040519534
6,11,0.2586499282348091
6,12,1.0133981135701082
6,13,0.8390804221816669
6,14,0.06391420659180966
6,15,0.8566481722775855
6,16,0.315623303423815
6,17,0.8671779295621975
6,18,1.0531132558382443
6,19,0.8801701154704193
6,20,0.8362899440715544
6,21,0.747742004513024
6,22,0.401146223215316
6,23,0.7045299809832344
6,24,0.7433545873778565
6,25,0.6110164980374774
6,26,0.39798026744700576
6,27,0.8110658271043352
6,28,0.1506902178141305
6,29,0.5416145558455749
6,30,0.8721801934137515
6,31,0.09376601706361627
6,32,0.961759630726714
6,33,0.3874163247291842
6,34,0.44641956254460075
6,35,0.3608845089692953
6,36,0.11245519556677763
6,37,0.9852740082267214
6,38,0.08734310698729769
6,39,0.8043127570555274
6,40,0.6100364985957006
6,41,0.8977273759592431
6,42,0.9816377209380862
6,43,1.086321354080011
6,44,0.6364242007180941
6,45,0.5686956990407204
6,46,0.43411290888629395
6,47,0.9183481633457592
6,48,1.007678913664784
6,49,1.1697079919711917
6,50,1.0322549645192343
6,51,0.24229483477280822
6,52,0.3370735643087664
6,53,0.8398325821372647
6,54,0.49508065553775527
6,55,0.16794494154418077
6,56,0.38643199665748057
6,57,0.9441845194261692
6,58,0.4232799148807002
6,59,0.7405934080209027
6,60,0.8915447043030245
6,61,0.3219664045257594
6,62,0.4127846675154042
6,63,0.3990504303902474
6,64,0.4339432203332377
6,65,0.764105918998336
6,66,1.076827043259146
6,67,0.38077007431525256
6,68,0.8477604607762202
6,69,0.3605728894177293
6,70,1.0177768162920504
6,71,0.3258666020983351
6,72,0.503424010508082
6,73,0.21319253095642068
6,74,0.5751729260681099
6,75,0.5944365267454634
6,76,0.9466103135183777
6,77,0.6403398769146242
6,78,0.356700150662462
6,79,0.6297242521996617
6,80,0.24987512769546086
6,81,0.34826191949497187
6,82,0.7823413786641117
6,83,0.8662731266049246
6,84,0.4563060566628738
6,85,0.70543413789489
6,86,0.18216387096417336
6,87,0.33558263588263393
6,88,0.7368111913620612
6,89,0.3472814385710911
6,90,0.7455599948122517
6,91,0.7434827483573685
6,92,0.9825557620148914
6,93,0.4179235763247599
6,94,0.6145655543256394
6,95,0.32356902005055005
6,96,0.8225046012448229
6,97,1.0935195002819655
6,98,0.6533492033529468
6,99,0.7061931688201812
7,0,0.6295992572426118
7,1,0.17460070430894178
7,2,0.16751119567266032
7,3,0.30742643884368803
7,4,0.7217123302834365
7,5,0.18626466175431625
7,6,0.29249420167988077
7,8,0.21202708633755407
7,9,0.36322731344560066
7,10,0.6618815915820848
7,11,0.04679556875112639
7,12,0.7388510575854035
7,13,0.7561301548205285
7,14,0.32210119536942317
7,15,0.5899938165715657
7,16,0.02802293511896216
7,17,0.6951695035235892
7,18,0.8478372625098692
7,19,0.5968085271578036
7,20,0.6995868812410959
7,21,0.4726122404943233
7,22,0.10875123367715114
7,23,0.4353082934340017
7,24,0.6276816310958657
7,25,0.6118116786587643
7,26,0.125471419004256
7,27,0.5289598349910755
7,28,0.35920566590747843
7,29,0.25321939990098696
7,30,0.7287126525981364
7,31,0.3776481013151213
7,32,0.7980642498928453
7,33,0.48639112318040517
7,34,0.22865484253936413
7,35,0.14228489377482637
7,36,0.36686999835218226
7,37,0.737033013404777
7,38,0.30098223444776734
7,39,0.8055212249020776
7,40,0.31766175134190594
7,41,0.6658149514830486
7,42,0.7374871102309782
7,43,0.8155406200187706
7,44,0.5836637298821202
7,45,0.2809323083597908
7,46,0.22068518578677485
7,47,0.6615258987266569
7,48,0.7605763623517298
7,49,0.9138682057359518
7,50,0.7887173405766553
7,51,0.09281028257901669
7,52,0.2204557720750398
7,53,0.5998872525963875
7,54,0.23145113942087162
7,55,0.12537818214250568
7,56,0.09393807234975085
7,57,0.6536851685912543
7,58,0.2119572848128185
7,59,0.4857379406954217
7,60,0.8497388088037348
7,61,0.19152722588629975
7,62,0.45979256445589617
7,63,0.24357322699069822
7,64,0.4088716590962892
7,65,0.7292879551617659
7,66,0.8066441802624311
7,67,0.12243598137309139
7,68,0.7018745678416536
7,69,0.29882889805510554
7,70,0.7475708886889149
7,71,0.16966003281383404
7,72,0.26602820759755974
7,73,0.34556047110624144
7,74,0.4919161589049727
7,75,0.5814100786366628
7,76,0.6643841796161675
7,77,0.4919824654454029
7,78,0.07339937122695293
7,79,0.4329184670191278
7,80,0.3771963883971003
7,81,0.08170327306110339
7,82,0.548729245284484
7,83,0.5738105498954286
7,84,0.27388982154648855
7,85,0.4172288385176744
7,86,0.17270072725456928
7,87,0.17700195105030442
7,88,0.44512714818514276
7,89,0.15959659787100286
7,90,0.4530680776413291
7,91,0.45099507405884853
7,92,0.7597598232999415
7,93,0.16023144569908584
7,94,0.34741679677634724
7,95,0.2633894114103102
7,96,0.8020940385635092
7,97,0.8320189938846451
7,98,0.38607939620602527
7,99,0.44572676021304614
8,0,0.6761059410481456
8,1,0.0957255661615848
8,2,0.3598370635089535
8,3,0.12195298968203871
8,4,0.6649811315564571
8,5,0.3612565907567199
8,6,0.48796003386809
8,7,0.21202708633755407
8,9,0.18115054655199683
8,10,0.5851192241185259
8,11,0.25817005485389016
8,12,0.6363880006558122
8,13,0.8636505319190704
8,14,0.5026819445030207
8,15,0.5154451938590976
8,16,0.20212839458966886
8,17,0.7375312374758438
8,18,0.844589806475834
8,19,0.4791830750472958
8,20,0.7724917166698847
8,21,0.26184979743146225
8,22,0.1340692719631825
8,23,0.22328340501106958
8,24,0.7230328546417187
8,25,0.7738956950537391
8,26,0.09034517155731434
8,27,0.4210339917953548
8,28,0.5705563162264335
8,29,0.17814074232355329
8,30,0.7937386635189052
8,31,0.5622570850395
8,32,0.8403566017846819
8,33,0.6866155676354069
8,34,0.1255012469254494
8,35,0.14539411544671074
8,36,0.5742765344340973
8,37,0.6839568504585973
8,38,0.5098181836939086
8,39,0.9569819551013585
8,40,0.16262757391682775
8,41,0.6424713202966161
8,42,0.6907254401033425
8,43,0.717611063874841
8,44,0.7223758621994057
8,45,0.0941338176017805
8,46,0.3191053629906931
8,47,0.599663724599618
8,48,0.7077347707080627
8,49,0.8391479570032274
8,50,0.7395625167443873
8,51,0.30115368537889187
8,52,0.3903613637969773
8,53,0.5713302312323851
8,54,0.03865992573375242
8,55,0.33003272801012074
8,56,0.13885013345472863
8,57,0.5034732783793652
8,58,0.1346972665860269
8,59,0.27662144951357215
8,60,0.976847140572179
8,61,0.36491368731683876
8,62,0.6492621120316155
8,63,0.38258885498379896
8,64,0.5794030383798928
8,65,0.8667681828634749
8,66,0.7103561963169858
8,67,0.22859144841027637
8,68,0.7670361034830876
8,69,0.47263136606112033
8,70,0.6541915194608559
8,71,0.3384281307619023
8,72,0.31386622204606823
8,73,0.5562858889668021
8,74,0.6234046686809042
8,75,0.7397072427953534
8,76,0.546020999794995
8,77,0.5784474026865508
8,78,0.18919039927134573
8,79,0.4841244036649947
8,80,0.5864370704118961
8,81,0.1402634343356526
8,82,0.5354792031923544
8,83,0.40663755766270465
8,84,0.3810165784566696
8,85,0.2233032358149096
8,86,0.3842536776975877
8,87,0.20410960551928944
8,88,0.26667722108338643
8,89,0.31287679271146074
8,90,0.2882334506536857
8,91,0.28572614258839996
8,92,0.7411269850860328
8,93,0.07652072866548125
8,94,0.31178003436626245
8,95,0.44546973563595177
8,96,0.9430822317767387
8,97,0.7512031323054821
8,98,0.34037738732064043
8,99,0.4027688186224268
9,0,0.8456171401047424
9,1,0.19031681254254482
9,2,0.4736747119952155
9,3,0.22368596376418476
9,4,0.7901422837163664
9,5,0.5336070123321378
9,6,0.5937319770153793
9,7,0.36322731344560066
9,8,0.18115054655199683
9,10,0.7012441684871862
9,11,0.40937606604541055
9,12,0.7299410149364012
9,13,1.0433102141947355
9,14,0.5904673886863469
9,15,0.6374984391602302
9,16,0.36256709255793096
9,17,0.9048511957051713
9,18,0.9927664980771228
9,19,0.5709772085963617
9,20,0.9471061444037182
9,21,0.2122796111256846
9,22,0.31091646821688523
9,23,0.16123992577843388
9,24,0.9018381542859293
9,25,0.9526376543691389
9,26,0.24164356194095324
9,27,0.5270619495987784
9,28,0.7032258814501412
9,29,0.34241894508866183
9,30,0.9663788109760566
9,31,0.6501567261949318
9,32,1.0061525293533435
9,33,0.8494575663749315
9,34,0.14765959710680127
9,35,0.23791122695263936
9,36,0.6948554445200208
9,37,0.8105597041154734
9,38,0.6359545005165621
9,39,1.1374584533664034
9,40,0.28151904381340875
9,41,0.7868280827268036
9,42,0.8208111970605312
9,43,0.8108131453729904
9,44,0.9033609741312694
9,45,0.21296610034001331
9,46,0.500209851456415
9,47,0.724740499187344
9,48,0.8335442247496931
9,49,0.9457029665574235
9,50,0.8664406925839682
9,51,0.45601794489124925
9,52,0.5646389982991329
9,53,0.716089889552186
9,54,0.14517028437706078
9,55,0.4598152612846246
9,56,0.3123123871913167
9,57,0.5583941269112678
9,58,0.17058372687719311
9,59,0.15762788226427069
9,60,1.1578092575574963
9,61,0.5377881375151937
9,62,0.8190173548539041
9,63,0.5620095617756338
9,64,0.7555212894662392
9,65,1.047888033552414
9,66,0.805246968593939
9,67,0.4070718497414888
9,68,0.9399906183626633
9,69,0.6470121410481233
9,70,0.7541979356197526
9,71,0.511850279854364
9,72,0.4926122008387073
9,73,0.7044798065969414
9,74,0.8044993842346937
9,75,0.9189588649392487
9,76,0.6314577140836102
9,77,0.7571778314270445
9,78,0.3614924704920291
9,79,0.6586184184789307
9,80,0.7380934841359409
9,81,0.2815891160211015
9,82,0.6886942845425728
9,83,0.4496107429418384
9,84,0.5621604162044773
9,85,0.2575342093538469
9,86,0.5319292918751675
9,87,0.25968108606993257
9,88,0.3187998021051974
9,89,0.4887641240180454
9,90,0.35603221749800884
9,91,0.35350440634470126
9,92,0.8845609176174634
9,93,0.20342399866179706
9,94,0.471158997248309
9,95,0.6169384853417936
9,96,1.1241532129403395
9,97,0.8564203821490964
9,98,0.4928603189295399
9,99,0.550918667585828
10,0,0.37312095022074243
10,1,0.6738127405584297
10,2,0.8190917986604487
10,3,0.48376955818875755
10,4,0.09627310035962129
10,5,0.6237795501746584
10,6,0.9266421040519534
10,7,0.6618815915820848
10,8,0.5851192241185259
10,9,0.7012441684871862
10,11,0.6789367558467627
10,12,0.10882208253351175
10,13,0.6475152223034858
10,14,0.971478029739343
10,15,0.07211247330613121
10,16,0.6340088639133454
10,17,0.38833100662880216
10,18,0.34118112327242356
10,19,0.15237825487964926
10,20,0.4915628136562508
10,21,0.5522558559187298
10,22,0.5673588489840331
10,23,0.5806311790367409
10,24,0.5299479001151188
10,25,0.7667153076051525
10,26,0.6279912394145267
10,27,0.17493570360433972
10,28,0.9195761091062666
10,29,0.4242447734431496
10,30,0.4814622711131411
10,31,1.01970476839066
10,32,0.4486332996992911
10,33,0.8685736800915743
10,34,0.7105057500964647
10,35,0.7076296078743455
10,36,0.9574971025107165
10,37,0.11761743161167704
10,38,0.8948415330215356
10,39,0.856161469022898
10,40,0.4286919419177197
10,41,0.16842001935359277
10,42,0.134637925766536
10,43,0.1630829856565331
10,44,0.6585126400166963
10,45,0.5032084979051195
10,46,0.49774305235645744
10,47,0.0471107114136608
10,48,0.13761172879589548
10,49,0.2554292316929252
10,50,0.17046130657602984
10,51,0.6851947076131583
10,52,0.6184367585252619
10,53,0.14687357337563803
10,54,0.6162218410951293
10,55,0.7678791828245267
10,56,0.5823576083124835
10,57,0.2515295494466991
10,58,0.7190582114234481
10,59,0.6507738922251238
10,60,0.7882932368039242
10,61,0.6211232512104652
10,62,0.7925218105639413
10,63,0.555410707787473
10,64,0.6856348263321397
10,65,0.74376233537523
10,66,0.15293428115484
10,67,0.5498564937464879
10,68,0.466832436297732
10,69,0.6507741076199156
10,70,0.09647315002526674
10,71,0.6087832904718334
10,72,0.42516144606826173
10,73,0.853792808151329
10,74,0.5892413466673635
10,75,0.7322087182596408
10,76,0.13680118456347962
10,77,0.4537802658747033
10,78,0.588543661631859
10,79,0.36437392848003314
10,80,0.859365192659303
10,81,0.6564413234578801
10,82,0.1964290038275288
10,83,0.3214425839729858
10,84,0.49626139690233045
10,85,0.45553947895441793
10,86,0.7498081933182192
10,87,0.7714487091865068
10,88,0.39619874405640043
10,89,0.5826215413921897
10,90,0.3548812738326901
10,91,0.3570660982240238
10,92,0.23134601190051368
10,93,0.6464080343470516
10,94,0.31510337760670115
10,95,0.6637550111711351
10,96,0.8093671812077292
10,97,0.17040403350060895
10,98,0.2761480573395826
10,99,0.22045012973747774
11,0,0.6199703736077612
11,1,0.21998142540246643
11,2,0.1405189049846873
11,3,0.34953874465183393
11,4,0.733848399387416
11,5,0.15297624843004423
11,6,0.2586499282348091
11,7,0.04679556875112639
11,8,0.25817005485389016
11,9,0.40937606604541055
11,10,0.6789367558467627
11,12,0.7603903366612478
11,13,0.7307523611400047
11,14,0.294903960473579
11,15,0.6076082167402219
11,16,0.05996580249601512
11,17,0.6856435048701524
11,18,0.8470759051153098
11,19,0.6229289624967427
11,20,0.6828816777127488
11,21,0.5179093965022197
11,22,0.14637789687846822
11,23,0.48135936554972925
11,24,0.6064220899309684
11,25,0.5744066953883834
11,26,0.17225568165481298
11,27,0.5541990468826692
11,28,0.31457917980198163
11,29,0.2829676457915827
11,30,0.7135524944842118
11,31,0.3475432416111668
11,32,0.787487871248114
11,33,0.44079871929304787
11,34,0.272546291391319
11,35,0.18347878976534066
11,36,0.3253049328287758
11,37,0.7482210395524871
11,38,0.2587666731480497
11,39,0.7696563989773967
11,40,0.3556411354321576
11,41,0.6714558877905618
11,42,0.7473169097517143
11,43,0.8354945305068986
11,44,0.552202546996012
11,45,0.32374137869643277
11,46,0.21293452703406535
11,47,0.6754765193587301
11,48,0.7714675053761908
11,49,0.928182632140223
11,50,0.7985397329923951
11,51,0.047115009870675975
11,52,0.18730641692283276
11,53,0.6076651120624181
11,54,0.2782246945032924
11,55,0.09136516666872871
11,56,0.13301199388060833
11,57,0.6856088561607201
11,58,0.2547037299822354
11,59,0.5324570222871935
11,60,0.8192381623869253
11,61,0.15858738745168935
11,62,0.4166114082553497
11,63,0.2203713430952401
11,64,0.370981111471272
11,65,0.6970300530866211
11,66,0.8263224731318255
11,67,0.12949270491709838
11,68,0.6869643388637947
11,69,0.26172848814916416
11,70,0.7671468791199509
11,71,0.1404366169716206
11,72,0.26865856639466495
11,73,0.29881698784444694
11,74,0.4633865361038542
11,75,0.5451195397608316
11,76,0.6898812805945136
11,77,0.4750558651759703
11,78,0.09807592213822762
11,79,0.4263033173582674
11,80,0.33040954063052586
11,81,0.127831266323948
11,82,0.5541166311983231
11,83,0.6096736257821104
11,84,0.25911977347731374
11,85,0.45920822559796964
11,86,0.12613580804046673
11,87,0.20911765230019105
11,88,0.4842374208135425
11,89,0.1385480191462863
11,90,0.48978028627189646
11,91,0.48780883716267104
11,92,0.7632350194171018
11,93,0.2067570756102646
11,94,0.3639384882799325
11,95,0.2243593137408201
11,96,0.7686350796313283
11,97,0.8482300038729034
11,98,0.40295579876166804
11,99,0.46001117847400713
12,0,0.4766867891605402
12,1,0.729356121614982
12,2,0.9008820750090077
12,3,0.5246293271517571
12,4,0.16069519797983867
12,5,0.7184615276655223
12,6,1.0133981135701082
12,7,0.7388510575854035
12,8,0.6363880006558122
12,9,0.7299410149364012
12,10,0.10882208253351175
12,11,0.7603903366612478
12,13,0.7493304466999468
12,14,1.0550160314150236
12,15,0.1630886005583566
12,16,0.7114764750885116
12,17,0.48569355718270124
12,18,0.40227791555663833
12,19,0.15958756079209363
12,20,0.592130203203759
12,21,0.5574178749834041
12,22,0.6384460448974135
12,23,0.5933873996799449
12,24,0.6360125303270516
12,25,0.875488657865397
12,26,0.6904044337623467
12,27,0.21612304452304254
12,28,1.0154779865377137
12,29,0.4910973690213222
12,30,0.578902396468922
12,31,1.1055129067858311
12,32,0.5349765159572257
12,33,0.9743244977673802
12,34,0.759699888707795
12,35,0.7685681889623858
12,36,1.0508689417090977
12,37,0.17646559288313696
12,38,0.9869373974580491
12,39,0.9619715994257001
12,40,0.4744341687390086
12,41,0.26444492911801737
12,42,0.19847606933838657
12,43,0.08153757941429372
12,44,0.7670787505613761
12,45,0.547719900214689
12,46,0.5915822101588554
12,47,0.14830968117589466
12,48,0.1847246397125445
12,49,0.22069999879828978
12,50,0.20986771670593124
12,51,0.7711059659923356
12,52,0.7157401698653709
12,53,0.25456682998977304
12,54,0.6635605871127802
12,55,0.8508962246013839
12,56,0.6538674888617502
12,57,0.2083674711901007
12,58,0.7709975000703917
12,59,0.6567109820138092
12,60,0.8895411321689399
12,61,0.7162202631332596
12,62,0.8989675624569236
12,63,0.6539389190036698
12,64,0.7920634133298112
12,65,0.8497754697517734
12,66,0.07533036263872597
12,67,0.6332045009493708
12,68,0.5663453513783648
12,69,0.7528233538074816
12,70,0.036029862303668864
12,71,0.7019742253589224
12,72,0.5180010223900358
12,73,0.9526571847261607
12,74,0.6979845647704853
12,75,0.841022604541797
12,76,0.10059473026534826
12,77,0.5626016661448134
12,78,0.6663497723434428
12,79,0.4716889025880268
12,80,0.9600601330534851
12,81,0.7239198462895458
12,82,0.30524595454159237
12,83,0.3052534620408684
12,84,0.5957853750533014
12,85,0.47425263289252406
12,86,0.8401728373594047
12,87,0.8321497256102598
12,88,0.4126238821578831
12,89,0.6742627393207289
12,90,0.3740213566300774
12,91,0.37652619010938976
12,92,0.30337491479448087
12,93,0.7037307062172509
12,94,0.3989115723596417
12,95,0.7635536819324176
12,96,0.9140118129679922
12,97,0.13399324552767733
12,98,0.36031128544146906
12,99,0.31265219672586403
13,0,0.27494144230442935
13,1,0.89731777404548
13,2,0.8119771042181636
13,3,0.8485789940696546
13,4,0.5970649332260476
13,5,0.5797349935069905
13,6,0.8390804221816669
13,7,0.7561301548205285
13,8,0.8636505319190704
13,9,1.0433102141947355
13,10,0.6475152223034858
13,11,0.7307523611400047
13,12,0.7493304466999468
13,14,0.9028368300769181
13,15,0.6324558060358982
13,16,0.7376863511850725
13,17,0.2675870785648429
13,18,0.44857869840935916
13,19,0.7530037738955934
13,20,0.15782268929846868
13,21,1.0144325981126163
13,22,0.7470028285802123
13,23,1.0121886452901072
13,24,0.14393672944523989
13,25,0.27740996318892636
13,26,0.8309340449464728
13,27,0.7154483226294212
13,28,0.730056170997334
13,29,0.7098419370745976
13,30,0.17906148182318005
13,31,0.9172094747705627
13,32,0.26826395135497005
13,33,0.5222538756350542
13,34,0.9553148109683649
13,35,0.8887247030181029
13,36,0.788779731924703
13,37,0.5886764758414071
13,38,0.7597427481617723
13,39,0.23291818705983855
13,40,0.8005019979998237
13,41,0.48534987673522045
13,42,0.5682031215098605
13,43,0.7649887630322963
13,44,0.20535958893215842
13,45,0.8453683969148211
13,46,0.55174299068974
13,47,0.6026185538510711
13,48,0.5937794876576069
