siteNum=100
demandLowerBound=0
demandUpperBound=1000
fixedCostLowerBound=500
fixedCostUpperBound=1500
coordinateLowerBound=0
coordinateUpperBound=1
facilityFailProbility=0.05
Coordinate: index, x, y
0,0.42609610296406675,0.9200558389465128
1,0.399762295410371,0.13091507119148604
2,0.4627698031965617,0.7676106221948267
3,0.7414388784875877,0.29347323869464836
4,0.23214790011078767,0.8366245342326007
5,0.17973029202284097,0.838363331514991
6,0.5535573661396322,0.6031759211849826
7,0.22777788645876051,0.07380918783961565
8,0.2190547410169399,0.6390255053977063
9,0.8497218026280922,0.05175545911624291
10,0.2264111781843342,0.3716450896630795
11,0.6931002725973422,0.05544457314978568
12,0.5212842017518032,0.14487489899286887
13,0.5872779767525533,0.9904997122054593
14,0.013349970721057036,0.3805006792750213
15,0.4933207415378067,0.7384738567318678
16,0.5239455455837783,0.17823208294542714
17,0.29780477967287844,0.9472461876956741
18,0.2373382977117745,0.7084879527421147
19,0.2273199396557668,0.5910795400234388
20,0.20454991185782656,0.9883470844524668
21,0.1543756657447165,0.2159819594980651
22,0.03540990900859364,0.03654220248264384
23,0.07430610101411939,0.23492616708334502
24,0.9691390851517641,0.7823599459396371
25,0.8174314842346436,0.45808374570699584
26,0.18773768496861587,0.5100762109663979
27,0.10141526798529532,0.5864734869750297
28,0.8537313043688897,0.02321245752010792
29,0.3043225340706355,0.31951877946382046
30,0.3776976856151312,0.35121135070111975
31,0.04665577260032605,0.969200489514033
32,0.32345820379852863,0.42815626252997163
33,0.28349544700873,0.17978270556146614
34,0.7360314847465044,0.12473792348041346
35,0.47481277272874156,0.6897760524514913
36,0.05470574406490014,0.16507521033954864
37,0.19658059484701762,0.6065302647236007
38,0.41150230306856816,0.5860269445523911
39,0.8282967821874887,0.45085617662956445
40,0.2915388266763155,0.9284149195725933
41,0.6929664237791103,0.6192565543628945
42,0.8326260597925753,0.8849452015897925
43,0.0688147081033964,0.9073611506772427
44,0.4991558646438883,0.448925953357331
45,0.8154465857143053,0.5895652265545331
46,0.5827002430826624,0.6306216085524665
47,0.6885571406959294,0.7145861699533045
48,0.49202869742015665,0.41454518976586796
49,0.7016268132375076,0.15378623031509975
50,0.49180173184914977,0.13779841752553235
51,0.7153829988775116,0.0103656263926577
52,0.6285587472659542,0.1595213335361676
53,0.42412497829157403,0.7306734647927408
54,0.44003930684706594,0.5730560026126055
55,0.5869489465184147,0.9396633892388361
56,0.19853387025003788,0.9845598914248374
57,0.7840374388216129,0.9086211174899758
58,0.4924096469627893,0.7087972429991919
59,0.23541295147495678,0.1141080644497261
60,0.5459745125358277,0.651225060804412
61,0.022518304969320724,0.03143044714257304
62,0.34439961982794143,0.6513123868022227
63,0.6500440929770763,0.0904133386576701
64,0.46843403900542346,0.15292905440827098
65,0.11571486959906141,0.3388014654262448
66,0.2788437548940347,0.9765778561600165
67,0.9371489014679549,0.678594469593368
68,0.6147177470786993,0.3797163057207207
69,0.8691199918547974,0.8470983975613807
70,0.9330120880558634,0.5111696781579489
71,0.6666868942641552,0.5533002038974356
72,0.14438511020937495,0.5047509845363779
73,0.18013994767629304,0.9261470032176145
74,0.755310711062732,0.6954693198943679
75,0.22201176973937187,0.4721757243209104
76,0.5844095395582649,0.6128041846419642
77,0.8575878962222652,0.056759557914624725
78,0.332696351271794,0.6758309172431048
79,0.6833652035754224,0.7702844632358523
80,0.9146937872690244,0.10780189672061857
81,0.43689561377342845,0.4158276678175875
82,0.6930834026099661,0.2702209156298979
83,0.18841027076395533,0.485781194297356
84,0.1965123392780992,0.4352705571251244
85,0.09071943021981532,0.4531976711398066
86,0.5412243999622057,0.15013069273715351
87,0.8057181344372502,0.9669201967505195
88,0.0002606663424332689,0.772241562301246
89,0.17868050482619446,0.7276375994666066
90,0.4978045969758831,0.09302575844860617
91,0.3984505560480083,0.36974934494612466
92,0.7281913052249398,0.7911402712798943
93,0.1456683299009951,0.4199929035481128
94,0.9860268975369506,0.47378564185206906
95,0.7496091915539553,0.0634830227044405
96,0.9110785294272288,0.4883005168539807
97,0.020865838256102887,0.3444489458408082
98,0.48811961732441,0.7265873030940183
99,0.8622996142097525,0.7132831798298948
Demand:index, demand
0,718
1,65
2,357
3,635
4,870
5,73
6,604
7,825
8,785
9,186
10,859
11,216
12,11
13,970
14,146
15,659
16,455
17,191
18,982
19,59
20,490
21,892
22,932
23,643
24,943
25,686
26,966
27,839
28,815
29,353
30,266
31,264
32,58
33,977
34,991
35,875
36,342
37,707
38,320
39,303
40,857
41,802
42,3
43,133
44,478
45,365
46,927
47,686
48,623
49,417
50,106
51,409
52,954
53,385
54,541
55,43
56,872
57,919
58,927
59,581
60,22
61,751
62,926
63,128
64,45
65,246
66,671
67,490
68,642
69,849
70,720
71,675
72,44
73,544
74,874
75,790
76,60
77,309
78,342
79,143
80,263
81,775
82,961
83,391
84,782
85,650
86,864
87,387
88,144
89,530
90,755
91,811
92,248
93,341
94,495
95,204
96,444
97,107
98,161
99,665
Fixcost:index, fixedCost
0,1203
1,980
2,962
3,1288
4,1455
5,861
6,572
7,854
8,506
9,580
10,722
11,1244
12,805
13,654
14,775
15,1081
16,1297
17,1169
18,861
19,802
20,1053
21,1411
22,1431
23,1238
24,947
25,925
26,668
27,1165
28,806
29,913
30,1066
31,575
32,1112
33,1244
34,1309
35,1317
36,1242
37,738
38,563
39,1206
40,1375
41,834
42,1496
43,1366
44,1021
45,894
46,816
47,1111
48,854
49,581
50,1151
51,664
52,1101
53,994
54,1411
55,1310
56,1297
57,669
58,760
59,1242
60,1369
61,603
62,1435
63,861
64,793
65,1334
66,1056
67,1183
68,1048
69,743
70,1137
71,1113
72,541
73,833
74,1100
75,1087
76,1020
77,955
78,902
79,676
80,549
81,1425
82,695
83,1339
84,718
85,1249
86,1363
87,842
88,1207
89,940
90,832
91,668
92,961
93,542
94,1203
95,1167
96,1177
97,1102
98,634
99,984
TransCost:start_index, end_index, transCost
0,1,0.7895800280866203
0,2,0.15679446546103423
0,3,0.7014604914129273
0,4,0.21113192083690788
0,5,0.25955688889177464
0,6,0.3415541770947398
0,7,0.8691740386755026
0,8,0.349061848289776
0,9,0.9661285023376683
0,10,0.5836338056640518
0,11,0.9048999212864225
0,12,0.7810033699147775
0,13,0.17590319985062847
0,14,0.6793225596207539
0,15,0.19362636260687643
0,16,0.7482492889328706
0,17,0.13114106411382065
0,18,0.2835321490001785
0,19,0.3843661904391327
0,20,0.23183271772214806
0,21,0.7546867056761117
0,22,0.9660393614988072
0,23,0.770168080836434
0,24,0.5602283815144219
0,25,0.6054433049974941
0,26,0.4742341518575054
0,27,0.4655049195758716
0,28,0.9935793457439075
0,29,0.6127589753672825
0,30,0.570899692248161
0,31,0.3826096718405696
0,32,0.5024935140117609
0,33,0.753882788695038
0,34,0.8535751446369364
0,35,0.2353764941134799
0,36,0.8413837104763905
0,37,0.38855585719177366
0,38,0.3343475456550401
0,39,0.6179916742854391
0,40,0.13481667119051538
0,41,0.4021193575767534
0,42,0.40804333428520084
0,43,0.3575068533942254
0,44,0.4767610490297921
0,45,0.5107032830294608
0,46,0.3290851416063609
0,47,0.3333220382804966
0,48,0.5097922355693034
0,49,0.8143011024282883
0,50,0.7850120400575941
0,51,0.9545801123863383
0,52,0.7870221447058977
0,53,0.18939263178010332
0,54,0.34727985739210576
0,55,0.162043492026016
0,56,0.236527678177249
0,57,0.3581239349307349
0,58,0.22142195121374914
0,59,0.8281979711869271
0,60,0.29434812783155645
0,61,0.9759764986888739
0,62,0.2808867359403814
0,63,0.8593365932603995
0,64,0.7682942173309806
0,65,0.6589333477383135
0,66,0.15772758934955383
0,67,0.5652243410793201
0,68,0.5723154163528831
0,69,0.44899104042434007
0,70,0.6512693056071336
0,71,0.4386269767110256
0,72,0.5018358352444128
0,73,0.24603156831211923
0,74,0.3985239801135148
0,75,0.4921859528113445
0,76,0.34563958581034526
0,77,0.9651246740668609
0,78,0.2614752875459055
0,79,0.2976891921310541
0,80,0.9478840455296593
0,81,0.5043438093143826
0,82,0.7025436966723991
0,83,0.4950646642750934
0,84,0.5364004791374232
0,85,0.5748339425163056
0,86,0.7784852314175233
0,87,0.38250379712129473
0,88,0.4507603348375949
0,89,0.3134314232594869
0,90,0.8301330388328226
0,91,0.5510004660644918
0,92,0.3284520281804396
0,93,0.573325976443051
0,94,0.7160164687531528
0,95,0.9156296784256417
0,96,0.6493231954376206
0,97,0.7039423718075852
0,98,0.20316739575659193
0,99,0.4827301894238874
1,0,0.7895800280866203
1,2,0.6398055725803539
1,3,0.3783755346812322
1,4,0.7253415965856524
1,5,0.7408759164323562
1,6,0.49667215969611017
1,7,0.1812173248777065
1,8,0.5392878948799875
1,9,0.45686956816964447
1,10,0.2966505547556736
1,11,0.302891011644133
1,12,0.12232109594464925
1,13,0.8797999123757312
1,14,0.4600081090961635
1,15,0.6147201483025295
1,16,0.13289235954317935
1,17,0.8226735845937533
1,18,0.5999766566551488
1,19,0.49141398477616677
1,20,0.8793733746577982
1,21,0.25971325246285193
1,22,0.37637600856723913
1,23,0.3416724199280887
1,24,0.8651996032892344
1,25,0.530553383626343
1,26,0.43441639627020096
1,27,0.5445589214810376
1,28,0.4665701598756887
1,29,0.21137669412369353
1,30,0.2213985044466264
1,31,0.9096189636453323
1,32,0.3068788689776972
1,33,0.12611909342430366
1,34,0.3363259205750052
1,35,0.5638777975063491
1,36,0.34674333264396673
1,37,0.5171968829782398
1,38,0.45526327004699935
1,39,0.5347935277340847
1,40,0.8048094975537503
1,41,0.5696016722925971
1,42,0.8694437739518408
1,43,0.8440348451889349
1,44,0.33318163632000625
1,45,0.6189938563669536
1,46,0.532139940410275
1,47,0.6512099616815902
1,48,0.29826017686300216
1,49,0.30272970954742345
1,50,0.0922964696872119
1,51,0.3378588419716116
1,52,0.23057782770040344
1,53,0.6002530058336465
1,54,0.4439716667628765
1,55,0.8301281131834183
1,56,0.877041822380061
1,57,0.8674641665757492
1,58,0.5852617672826991
1,59,0.16520648391518608
1,60,0.5404632251390883
1,61,0.39014128049469565
1,62,0.5233339201145919
1,63,0.25353770633075867
1,64,0.0721139641501805
1,65,0.35199388207461924
1,66,0.8542639166682224
1,67,0.7672920485733813
1,68,0.32879765891077484
1,69,0.8562798632350672
1,70,0.6549419115277932
1,71,0.49965782472035425
1,72,0.4527370062493162
1,73,0.8250016977790029
1,74,0.6671852633274954
1,75,0.38477796552120525
1,76,0.516053991781383
1,77,0.46379232519321256
1,78,0.5490274311374161
1,79,0.6994453724222194
1,80,0.5154499589115312
1,81,0.2873222425237555
1,82,0.32472048014176036
1,83,0.4130370971841749
1,84,0.36598197562949947
1,85,0.4465126725577194
1,86,0.1427612242018838
1,87,0.9293571505083461
1,88,0.7555800552073175
1,89,0.6363606947942005
1,90,0.10510895735564392
1,91,0.23883787593273484
1,92,0.7374028270352351
1,93,0.38487626124286484
1,94,0.6791659678839559
1,95,0.35628630608607337
1,96,0.6238338303912043
1,97,0.4349244082214846
1,98,0.602189691206654
1,99,0.7437024843586298
2,0,0.15679446546103423
2,1,0.6398055725803539
2,3,0.5499661007334459
2,4,0.24072677922836452
2,5,0.29174871167085287
2,6,0.18783277797375728
2,7,0.7325173248773396
2,8,0.2755560991793613
2,9,0.8137447169538644
2,10,0.4611443402784218
2,11,0.7484868780057587
2,12,0.6254787892408079
2,13,0.2553073279951377
2,14,0.5931545276988835
2,15,0.04221742454454115
2,16,0.5925449636815615
2,17,0.24389012972848786
2,18,0.23305547345718416
2,19,0.29427854358410205
2,20,0.33970884305976895
2,21,0.6319819028447612
2,22,0.8468161036853394
2,23,0.6592850496035121
2,24,0.5065840426412546
2,25,0.4707353771123125
2,26,0.3767846056087274
2,27,0.4042125206786467
2,28,0.8408207436606271
2,29,0.4752807976507493
2,30,0.42500072763499896
2,31,0.4623736163156589
2,32,0.3669291267020306
2,33,0.614557527299177
2,34,0.6985393713713315
2,35,0.07876073490187321
2,36,0.7277123050317466
2,37,0.3111327308478086
2,38,0.18868224228985028
2,39,0.4836769078171815
2,40,0.23490012638403218
2,41,0.2738602080805231
2,42,0.3880219762655329
2,43,0.4180081663807293
2,44,0.3207551458974788
2,45,0.39507097569395866
2,46,0.182069492968977
2,47,0.23192997717105665
2,48,0.3542757153227344
2,49,0.6586600453285573
2,50,0.6304809799127061
2,51,0.798269008730496
2,52,0.6302845047730732
2,53,0.05345817139487307
2,54,0.19587796064151078
2,55,0.21218533003874104
2,56,0.34188830585376195
2,57,0.35085161177268936
2,58,0.06585995680909539
2,59,0.6919224891591169
2,60,0.1430685938855685
2,61,0.8577777286869234
2,62,0.16594209793224357
2,63,0.7026149873457727
2,64,0.6147076649463844
2,65,0.5516560702674698
2,66,0.27838120646919734
2,67,0.48265868302636633
2,68,0.41659354100000534
2,69,0.4140516661665637
2,70,0.5356209146852107
2,71,0.29582281085182044
2,72,0.4128728640132167
2,73,0.32405774074879073
2,74,0.3013047465154993
2,75,0.381111807158929
2,76,0.19687879156971932
2,77,0.8131362506792751
2,78,0.15919364665918664
2,79,0.2206116046227454
2,80,0.7997392334954103
2,81,0.3527332145810526
2,82,0.5481248710572292
2,83,0.39332045391214276
2,84,0.4258438163726524
2,85,0.4871108537317379
2,86,0.6224440432976388
2,87,0.3966583724193204
2,88,0.4625323202542933
2,89,0.28688773413061486
2,90,0.6754940230458494
2,91,0.40302675033764845
2,92,0.26646241409449617
2,93,0.47052249965688664
2,94,0.6001092449304282
2,95,0.7603107990008674
2,96,0.5281996298371268
2,97,0.6118373301498049
2,98,0.04822370564735985
2,99,0.4032065734609878
3,0,0.7014604914129273
3,1,0.3783755346812322
3,2,0.5499661007334459
3,4,0.744574126934689
3,5,0.7825737980292884
3,6,0.3622364065411755
3,7,0.5586590283617381
3,8,0.6263318258755289
3,9,0.2648635056491038
3,10,0.520926453891035
3,11,0.2428873533975793
3,12,0.2656116493129833
3,13,0.7138707785017371
3,14,0.7332715956769564
3,15,0.5094979489035629
3,16,0.24613791629089482
3,17,0.7900824529608521
3,18,0.6529583512096406
3,19,0.5940435959221851
3,20,0.8781226702500244
3,21,0.5921554813623737
3,22,0.7513258035716228
3,23,0.6696968734985428
3,24,0.5393121513889299
3,25,0.18130497827442457
3,26,0.5945602234435887
3,27,0.7039029531780323
3,28,0.29266103046251396
3,29,0.4378916175840755
3,30,0.3682951872755731
3,31,0.9691908386516422
3,32,0.4391438959190339
3,33,0.4718450209112506
3,34,0.1688219372816173
3,35,0.47764568506762245
3,36,0.6986332740426024
3,37,0.628391001525197
3,38,0.44096010546344105
3,39,0.17976007506720432
3,40,0.7781779968207116
3,41,0.3293696216005075
3,42,0.5984598440374955
3,43,0.9106490229849099
3,44,0.2878656028308761
3,45,0.3052009272655863
3,46,0.3726485981028265
3,47,0.42442028587842423
3,48,0.2772433150795174
3,49,0.14524965008393212
3,50,0.29419951551254675
3,51,0.2843041135924506
3,52,0.17517145007163648
3,53,0.5402149099736407
3,54,0.4111060978203731
3,55,0.6644011211159714
3,56,0.8788325264526973
3,57,0.6166210749957566
3,58,0.484261898878481
3,59,0.5368743843217926
3,60,0.4076673700209271
3,61,0.7651883530427253
3,62,0.5344988576558009
3,63,0.22267988194163385
3,64,0.30705750294921225
3,65,0.6273636771746987
3,66,0.8250007071360858
3,67,0.43199626802082536
3,68,0.15328441458808645
3,69,0.5681577978351656
3,70,0.2899862658459689
3,71,0.2703662534264044
3,72,0.633333630958578
3,73,0.8457733632868584
3,74,0.4022353503098955
3,75,0.5493078368925163
3,76,0.3558517476761744
3,77,0.26367396721928643
3,78,0.5597033570559664
3,79,0.4803347744711872
3,80,0.2539510004849382
3,81,0.3282029957339799
3,82,0.05365559220862973
3,83,0.5855108801284842
3,84,0.5630731858727638
3,85,0.6700355920948096
3,86,0.2462375334768588
3,87,0.6765076703631294
3,88,0.8823628787793372
3,89,0.7107711863114172
3,90,0.31549462034195136
3,91,0.35136737713510546
3,92,0.4978433222606822
3,93,0.6090564605665082
3,94,0.3038681651553774
3,95,0.23013529383131331
3,96,0.25833172373113045
3,97,0.722373884513758
3,98,0.5017553595695813
3,99,0.43686119547893243
4,0,0.21113192083690788
4,1,0.7253415965856524
4,2,0.24072677922836452
4,3,0.744574126934689
4,5,0.05244643985677983
4,6,0.3972433760137525
4,7,0.7628278637490694
4,8,0.1980323382974363
4,9,0.9987076600008934
4,10,0.46501483186092235
4,11,0.9070387099227528
4,12,0.7497448624571872
4,13,0.3870335149980751
4,14,0.5058868499640967
4,15,0.2790068253518464
4,16,0.7201572646412132
4,17,0.12863893675219487
4,18,0.12824166149627156
4,19,0.24559245384036668
4,20,0.15421213052425659
4,21,0.6254963836917083
4,22,0.8239159997969302
4,23,0.6220570380376333
4,24,0.7389862328695357
4,25,0.6970294128818766
4,26,0.3295543576361
4,27,0.28225266614598854
4,28,1.0237212193711829
4,29,0.5221183193513017
4,30,0.5067649344681691
4,31,0.22799937124286482
4,32,0.4185497587471295
4,33,0.6588457774505931
4,34,0.8721704038968392
4,35,0.2836383560171378
4,36,0.694596439066188
4,37,0.23282698740611354
4,38,0.3081674119920414
4,39,0.7100779642609989
4,40,0.10932866503884618
4,41,0.5095120709350167
4,42,0.6024192121344328
4,43,0.17799269793269532
4,44,0.47074774852016826
4,45,0.6334632255602194
4,46,0.4066007262067369
4,47,0.47244339052152273
4,48,0.49567025514511176
4,49,0.8286607262128305
4,50,0.7455052338704905
4,51,0.9571937857429607
4,52,0.7846083762843926
4,53,0.2192734084705252
4,54,0.33568915361552737
4,55,0.3694601306946977
4,56,0.1517062059082423
4,57,0.5565658729559185
4,58,0.2899586061121934
4,59,0.7225238471274967
4,60,0.3644998044082136
4,61,0.8320349061451199
4,62,0.21665881141720642
4,63,0.8552592451493908
4,64,0.723374487085324
4,65,0.5112577221225342
4,66,0.14753791096683236
4,67,0.7224956146887597
4,68,0.5959234993612147
4,69,0.6370581978703116
4,70,0.7727428248042701
4,71,0.5187454227264952
4,72,0.34328175057705995
4,73,0.10353308442039866
4,74,0.5418709452425109
4,75,0.36458973680693996
4,76,0.41735334132734486
4,77,0.9996822345242323
4,78,0.1896432922500608
4,79,0.4560680431314498
4,80,0.9985245740724394
4,81,0.4679654143574856
4,82,0.7302565279615145
4,83,0.353559088976367
4,84,0.40293288291705465
4,85,0.40867856738136144
4,86,0.752862588505751
4,87,0.5881834521442239
4,88,0.2406592118732484
4,89,0.12139569312049754
4,90,0.7896281529534827
4,91,0.4956097413722378
4,92,0.49812435990783843
4,93,0.4255121992969015
4,94,0.8366514235834466
4,95,0.9303300408941331
4,96,0.7630703902699933
4,97,0.5356089240018075
4,98,0.27862109082037645
4,99,0.6421092371923623
5,0,0.25955688889177464
5,1,0.7408759164323562
5,2,0.29174871167085287
5,3,0.7825737980292884
5,4,0.05244643985677983
5,6,0.4416557475234039
5,7,0.7660624060363915
5,8,0.20317967715756985
5,9,1.0332669399544299
5,10,0.4690469298590085
5,11,0.9362214049866509
5,12,0.7730364023078926
5,13,0.43501792337574335
5,14,0.4871556421029159
5,15,0.3291152946908522
5,16,0.7444846580837188
5,17,0.160614635086228
5,18,0.14207848651662316
5,19,0.2518214607539705
5,20,0.15202348395548299
5,21,0.6228976074021914
5,22,0.8147057726051086
5,23,0.6125770738993982
5,24,0.7913928366274012
5,25,0.7424792077429878
5,26,0.328384761917898
5,27,0.26378350360166053
5,28,1.0577089921231266
5,29,0.5335943177842845
5,30,0.525840414324159
5,31,0.1866204426980056
5,32,0.43465797136217377
5,33,0.6667050684302483
5,34,0.904838239697178
5,35,0.33038137041764704
5,36,0.6847978035216268
5,37,0.23244462472418603
5,38,0.34262503891210233
5,39,0.755513260804791
5,40,0.1435633551191017
5,41,0.5580493766093796
5,42,0.6545553866490571
5,43,0.13062528777131224
5,44,0.5036806209797993
5,45,0.6826680768109251
5,46,0.45336674438757985
5,47,0.523665492136778
5,48,0.5264523827369251
5,49,0.8608262230806036
5,50,0.7669287986953698
5,51,0.9861561854232757
5,52,0.8138018434826749
5,53,0.2670690361517944
5,54,0.37168368536711044
5,55,0.41962928194305005
5,56,0.14740084356481686
5,57,0.6083775835467471
5,58,0.3384608548989766
5,59,0.7263926282909529
5,60,0.41128525553891576
5,61,0.8221047918330767
5,62,0.2492068286338132
5,63,0.8835294353802178
5,64,0.7437539927654808
5,65,0.5036467336915482
5,66,0.17007860931101787
5,67,0.7740859378476661
5,68,0.6321164294067213
5,69,0.6894450374128671
5,70,0.8212728846320596
5,71,0.5642585570405717
5,72,0.33547947766444003
5,73,0.0877846275571548
5,74,0.593052710422245
5,75,0.3686205189899496
5,76,0.4632949623338512
5,77,1.0345991448272687
5,78,0.22319364007785308
5,79,0.508215364231292
5,80,1.0362872909349505
5,81,0.4946416781947195
5,82,0.7657135370863095
5,83,0.3526889642672441
5,84,0.4034419684110685
5,85,0.39531698603926596
5,86,0.7773944656054494
5,87,0.6390521468940019
5,88,0.19126273789167983
5,89,0.11073070843631802
5,90,0.8103698916518612
5,91,0.5171437153279584
5,92,0.5504902364444263
5,93,0.4197547286937681
5,94,0.8848904496396882
5,95,0.9618739278684749
5,96,0.8108108401858559
5,97,0.5188345931474784
5,98,0.3280211220173528
5,99,0.6939351006659532
6,0,0.3415541770947398
6,1,0.49667215969611017
6,2,0.18783277797375728
6,3,0.3622364065411755
6,4,0.3972433760137525
6,5,0.4416557475234039
6,7,0.6215797678125345
6,8,0.33641819050431504
6,9,0.6259216400066621
6,10,0.400788166291006
6,11,0.5652272572719041
6,12,0.4594359412169886
6,13,0.3887888870204267
6,14,0.5843015432330987
6,15,0.1481012569381852
6,16,0.42597432501783206
6,17,0.42871171407039094
6,18,0.3332943492291349
6,19,0.3264616070474764
6,20,0.5197720925146844
6,21,0.5561161694259451
6,22,0.7678219575538346
6,23,0.6043919725809743
6,24,0.45256500075056083
6,25,0.3011333418692705
6,26,0.37748058913651245
6,27,0.45245049257564507
6,28,0.6530405901459881
6,29,0.37759684263229815
6,30,0.30726661389304416
6,31,0.6252385226080969
6,32,0.289097743723112
6,33,0.5021904570983876
6,34,0.5120544127423493
6,35,0.11704825383927357
6,36,0.6639165412082048
6,37,0.3569925305424117
6,38,0.14308643661671488
6,39,0.3141385861554499
6,40,0.4176531109601195
6,41,0.1403334319231518
6,42,0.3965769322048429
6,43,0.5722797378566656
6,44,0.16356214702620836
6,45,0.2622426630770719
6,46,0.04003214997461746
6,47,0.175034804141549
6,48,0.19841202057864626
6,49,0.4731550014783733
6,50,0.4694571112241474
6,51,0.6145010830118839
6,52,0.44994955307533746
6,53,0.1816820482327914
6,54,0.11744598452206542
6,55,0.3381402280082713
6,56,0.5210522194459815
6,57,0.3826458308270023
6,58,0.1220446933803793
6,59,0.5834408599626413
6,60,0.04864380214317284
6,61,0.7803174812706848
6,62,0.21462544621806928
6,63,0.5217615877926264
6,64,0.45822289539550887
6,65,0.5114683808747209
6,66,0.4635693834224783
6,67,0.3909353187159838
6,68,0.23167820773660958
6,69,0.39884576621777484
6,70,0.3904497851715044
6,71,0.12363606799241289
6,72,0.42084368021551405
6,73,0.4937113410092516
6,74,0.2218614063621449
6,75,0.3564877754858223
6,76,0.03231965442034351
6,77,0.625304250163015
6,78,0.23250448671081
6,79,0.21160184187790948
6,80,0.6130374693117592
6,81,0.22070190870259174
6,82,0.3610076876983473
6,83,0.3835543288275002
6,84,0.3945546381512026
6,85,0.48653101690758616
6,86,0.4532130636622021
6,87,0.442600215855282
6,88,0.5785502821817002
6,89,0.39499793734764355
6,90,0.5131876458074354
6,91,0.2802607518568993
6,92,0.2565689178116738
6,93,0.44713474907932843
6,94,0.4514108328040717
6,95,0.5741992188418729
6,96,0.3755232891828781
6,97,0.5921992161845826
6,98,0.13968703645901426
6,99,0.3277886272427542
7,0,0.8691740386755026
7,1,0.1812173248777065
7,2,0.7325173248773396
7,3,0.5586590283617381
7,4,0.7628278637490694
7,5,0.7660624060363915
7,6,0.6215797678125345
7,8,0.5652836269522827
7,9,0.622334798810615
7,10,0.2978390375798703
7,11,0.46568463804855026
7,12,0.3019872388340551
7,13,0.9846633091485488
7,14,0.3742178536180351
7,15,0.7157458557038096
7,16,0.3140372960873788
7,17,0.8762396695486765
7,18,0.6347507669010637
7,19,0.5172705548971938
7,20,0.9148328279773958
7,21,0.16000307186675772
7,22,0.19594455069193595
7,23,0.22251352751729564
7,24,1.0255050481258696
7,25,0.7038169514825665
7,26,0.43810059712727595
7,27,0.5280077603174747
7,28,0.6279949924262118
7,29,0.25735634146871067
7,30,0.31532190875251115
7,31,0.9135265750063077
7,32,0.3670375627478085
7,33,0.11972816298591936
7,34,0.5107988413127125
7,35,0.6636576024835451
7,36,0.19566157858853883
7,37,0.5336337852500916
7,38,0.5441706456163197
7,39,0.7090750142846798
7,40,0.856980988242029
7,41,0.7168773987938429
7,42,1.0118215977077083
7,43,0.8485741964161414
7,44,0.462988763164205
7,45,0.7818943608669955
7,46,0.660310495972591
7,47,0.7892481624572136
7,48,0.4311954476828837
7,49,0.48055086383492834
7,50,0.27166746667668024
7,51,0.4917151931209537
7,52,0.4098437144928077
7,53,0.6855821313368334
7,54,0.5424963526570818
7,55,0.9373939131790101
7,56,0.911220092274634
7,57,1.0031628220191768
7,58,0.6879242682612692
7,59,0.04101577347604761
7,60,0.6592861163398838
7,61,0.209588772257216
7,62,0.5891609062947718
7,63,0.422592530686189
7,64,0.25332851605061074
7,65,0.28771344585932423
7,66,0.9042118067245299
7,67,0.9321869308036561
7,68,0.4932561408709495
7,69,1.004637197213966
7,70,0.8298430439509606
7,71,0.6500405768972246
7,72,0.43893642736826216
7,73,0.8536680412987133
7,74,0.815323371933478
7,75,0.3984082648366175
7,76,0.6462984933994887
7,77,0.6300407433483052
7,78,0.6110957755807936
7,79,0.8322485282389038
7,80,0.6877564678307613
7,81,0.4008826069109187
7,82,0.5050611746851106
7,83,0.4138486961080225
7,84,0.3628110471392252
7,85,0.4033864669115984
7,86,0.3226045395484855
7,87,1.0637961291860818
7,88,0.7345555575622393
7,89,0.6556692342437974
7,90,0.2707096248356682
7,91,0.3416280678353958
7,92,0.8746299062751396
7,93,0.3557880609293326
7,94,0.8572763420073072
7,95,0.5219334638282481
7,96,0.7991888578485168
7,97,0.34067355973477453
7,98,0.7027781190284829
7,99,0.9008578186484745
8,0,0.349061848289776
8,1,0.5392878948799875
8,2,0.2755560991793613
8,3,0.6263318258755289
8,4,0.1980323382974363
8,5,0.20317967715756985
8,6,0.33641819050431504
8,7,0.5652836269522827
8,9,0.8617581156337764
8,10,0.26748159541587097
8,11,0.7518549530958072
8,12,0.57924732951163
8,13,0.5090407345063304
8,14,0.3303778719046517
8,15,0.2917392905057441
8,16,0.5525296199161622
8,17,0.3181219225148381
8,18,0.07182840689092265
8,19,0.048653151020357645
8,20,0.3496225903202571
8,21,0.4279593724939457
8,22,0.6298504224137796
8,23,0.42924170814212675
8,24,0.7636565230269677
8,25,0.6251357030467838
8,26,0.13269769603827392
8,27,0.12884393759684767
8,28,0.8843302833243577
8,29,0.33068889374945615
8,30,0.32864048976730703
8,31,0.37247405875755857
8,32,0.23529964009406867
8,33,0.4637419042852924
8,34,0.7292164770982345
8,35,0.2607446812714564
8,36,0.5016367958840902
8,37,0.03950984576703733
8,38,0.19961190242891302
8,39,0.6376390523005235
8,40,0.29832897229461297
8,41,0.4743238287114499
8,42,0.6610191072875885
8,43,0.30753225199553913
8,44,0.3385180632448295
8,45,0.5984392630875508
8,46,0.363742596701042
8,47,0.4755438122112549
8,48,0.3534207025353708
8,49,0.6843485654035861
8,50,0.5706308041324492
8,51,0.8009712747792848
8,52,0.6305694109030446
8,53,0.224617787980268
8,54,0.23062123413259833
8,55,0.47510975957354734
8,56,0.3461432045616067
8,57,0.6260089798701388
8,58,0.282118769266766
8,59,0.5251722677948304
8,60,0.327147315688335
8,61,0.6385908905632453
8,62,0.12594564739915912
8,63,0.6976583196653041
8,64,0.5463330430513547
8,65,0.31751157963364013
8,66,0.34280652806730083
8,67,0.7191835135772828
8,68,0.47306498010627107
8,69,0.682553410950559
8,70,0.72531524591037
8,71,0.455766795563313
8,72,0.15363984091855007
8,73,0.2897466404483282
8,74,0.5392182949461999
8,75,0.16687598228696668
8,76,0.3662945351480796
8,77,0.8641517366150685
8,78,0.11945314530151795
8,79,0.4825071187599497
8,80,0.8752783586302231
8,81,0.3118844666599312
8,82,0.6005996981729821
8,83,0.15627828525328463
8,84,0.20499814345919773
8,85,0.2258360821090731
8,86,0.5855010051155386
8,87,0.6720780206172423
8,88,0.25615886658400233
8,89,0.0973764969757165
8,90,0.6130393183684167
8,91,0.3235622181871784
8,92,0.5313745788169769
8,93,0.23099966668694788
8,94,0.7845702654202087
8,95,0.7827753026056472
8,96,0.7082477997828405
8,97,0.35504111116590886
8,98,0.28295401760385747
8,99,0.647516925725432
9,0,0.9661285023376683
9,1,0.45686956816964447
9,2,0.8137447169538644
9,3,0.2648635056491038
9,4,0.9987076600008934
9,5,1.0332669399544299
9,6,0.6259216400066621
9,7,0.622334798810615
9,8,0.8617581156337764
9,10,0.7006036756082993
9,11,0.15666497129711413
9,12,0.34138319781780274
9,13,0.9747397265158637
9,14,0.8986608153161979
9,15,0.7736949489107791
9,16,0.34946602986417985
9,17,1.051910664077262
9,18,0.8979482865274867
9,19,0.8235621065091647
9,20,1.1372997148025796
9,21,0.7144764471319505
9,22,0.8144539908844288
9,23,0.7967565616715427
9,24,0.7402995363579621
9,25,0.407609299631065
9,26,0.8051589182328459
9,27,0.9197206310104725
9,28,0.028823237922315784
9,29,0.6075833752387965
9,30,0.5589996404710462
9,31,1.2192704508787864
9,32,0.6470169551592478
9,33,0.5805198201873303
9,34,0.13509969831455548
9,35,0.740018282355196
9,36,0.8030516168906359
9,37,0.8569530455272345
9,38,0.6910009768041924
9,39,0.3996753860578962
9,40,1.0392786172389006
9,41,0.5887527001247952
9,42,0.8333651128924453
9,43,1.1583941426434177
9,44,0.5297554892310743
9,45,0.5389008595711413
9,46,0.6374845348909994
9,47,0.6821426533244147
9,48,0.5094710454757196
9,49,0.17983994037485337
9,50,0.3681170571411027
9,51,0.14057038253495427
9,52,0.24602150464259642
9,53,0.8012879103774637
9,54,0.6630188564429925
9,55,0.925975197444632
9,56,1.1376158544119208
9,57,0.859379539056471
9,58,0.7479143549593585
9,59,0.6174651504311462
9,60,0.6720314126486695
9,61,0.8274531603967894
9,62,0.7841039586471682
9,63,0.20338539618693097
9,64,0.39448251554750957
9,65,0.7881380510248225
9,66,1.086829430710468
9,67,0.6329065038909748
9,68,0.4034665079411027
9,69,0.795579461449214
9,70,0.4669033050904011
9,71,0.5338997178285698
9,72,0.8382748926950158
9,73,1.1013175894703002
9,74,0.6506004832218019
9,75,0.7554952579493277
9,76,0.6206176514966919
9,77,0.009322898327036285
9,78,0.8104230344619016
9,79,0.737535387496416
9,80,0.08580537253763723
9,81,0.550430772534514
9,82,0.2688173060834405
9,83,0.7910191407140519
9,84,0.7574737179669984
9,85,0.8586270732487792
9,86,0.3238029246958199
9,87,0.916222036311867
9,88,1.1138601559183423
9,89,0.952424847954023
9,90,0.354328882877253
9,91,0.5520560201783246
9,92,0.7493060537973356
9,93,0.794537669302595
9,94,0.44349583316886726
9,95,0.10079717577291837
9,96,0.44083583719877933
9,97,0.8790174553704856
9,98,0.7656070519939345
9,99,0.6616472826338692
10,0,0.5836338056640518
10,1,0.2966505547556736
10,2,0.4611443402784218
10,3,0.520926453891035
10,4,0.46501483186092235
10,5,0.4690469298590085
10,6,0.400788166291006
10,7,0.2978390375798703
10,8,0.26748159541587097
10,9,0.7006036756082993
10,11,0.5637210990262005
10,12,0.3719876602851563
10,13,0.7163838985843742
10,14,0.21324516311767722
10,15,0.45365632295687086
10,16,0.3548736267340108
10,17,0.5800117846990988
10,18,0.3370200533328078
10,19,0.2194363321156388
10,20,0.6170893495618021
10,21,0.17152295807036602
10,22,0.38571418151710146
10,23,0.20451899249781288
10,24,0.848723416051715
10,25,0.5973078297013023
10,26,0.14373174465927926
10,27,0.24854620869791455
10,28,0.7175903008390554
10,29,0.0937407680309441
10,30,0.15266022736316784
10,31,0.6240067801936965
10,32,0.11230154869526009
10,33,0.20017439441739523
10,34,0.5662826198753367
10,35,0.403621929108028
10,36,0.2686147262342134
10,37,0.23677185044987142
10,38,0.2832283605444429
10,39,0.6070755114519562
10,40,0.5605660122550813
10,41,0.5281905287325679
10,42,0.7943383961431487
10,43,0.5584159251046683
10,44,0.28348191456466837
10,45,0.6280540561024894
10,46,0.4404664971393286
10,47,0.5754889010366709
10,48,0.26905963114860204
10,49,0.5227737391983206
10,50,0.35371798377283964
10,51,0.607960765192101
10,52,0.4546637826258497
10,53,0.4098684190091868
10,54,0.2936040415442236
10,55,0.6727795114658687
10,56,0.6135484483855521
10,57,0.77413842496873
10,58,0.42944936825155555
10,59,0.25769429810944444
10,60,0.42460061814042704
10,61,0.39663371860348634
10,62,0.30353759149502507
10,63,0.5084841632434223
10,64,0.32620816856358303
10,65,0.11546591006620238
10,66,0.6072008128140609
10,67,0.7741873372369076
10,68,0.3883904426928698
10,69,0.7994563572585629
10,70,0.7202443728526698
10,71,0.47627858097661296
10,72,0.1563504239759336
10,73,0.5564291499448687
10,74,0.6201587280397446
10,75,0.1006268517810821
10,76,0.43164862543213806
10,77,0.7053629898836775
10,78,0.32221973204441745
10,79,0.6063994817639704
10,80,0.7371201940189274
10,81,0.21507161095234947
10,82,0.4775665693164467
10,83,0.1202959656258626
10,84,0.07030036043794319
10,85,0.15831321489750852
10,86,0.384936348831362
10,87,0.8306316889458174
10,88,0.46002346450642606
10,89,0.3591780675590253
10,90,0.38895130735063155
10,91,0.17204982238802774
10,92,0.6540332585523543
10,93,0.0941112036708071
10,94,0.7664520425239042
10,95,0.6072067363807313
10,96,0.6945342832078578
10,97,0.2073367237249924
10,98,0.44099351695052036
10,99,0.7218522617015767
11,0,0.9048999212864225
11,1,0.302891011644133
11,2,0.7484868780057587
11,3,0.2428873533975793
11,4,0.9070387099227528
11,5,0.9362214049866509
11,6,0.5652272572719041
11,7,0.46568463804855026
11,8,0.7518549530958072
11,9,0.15666497129711413
11,10,0.5637210990262005
11,12,0.19369704536001392
11,13,0.9410241608865774
11,14,0.753473254356252
11,15,0.7116465859266243
11,16,0.209021755405623
11,17,0.9754838012150936
11,18,0.7963571016704526
11,19,0.7098282442203214
11,20,1.0530852532314559
11,21,0.5621356192628723
11,22,0.6579619396092287
11,23,0.6442979662751529
11,24,0.7775624638796963
11,25,0.42139833111292013
11,26,0.6797656000994883
11,27,0.795036384073821
11,28,0.16383295653181873
11,29,0.4699822511694753
11,30,0.43238498884463084
11,31,1.1193035183841145
11,32,0.5249278640218092
11,33,0.42806084184038845
11,34,0.08151476784386669
11,35,0.6708396665612243
11,36,0.6477394929065174
11,37,0.741773031223619
11,38,0.6006788403847273
11,39,0.4178856690194202
11,40,0.9609000055072028
11,41,0.563811997100946
11,42,0.8411532190242249
11,43,1.056169645985729
11,44,0.43868215138805294
11,45,0.5479539147837419
11,46,0.5856763513848403
11,47,0.6591572533805315
11,48,0.4115616979242421
11,49,0.0987106044420181
11,50,0.2174931221689927
11,51,0.05028549821975447
11,52,0.12246460935562796
11,53,0.726829942322307
11,54,0.5761609534643997
11,55,0.8905678069379315
11,56,1.0525451063893208
11,57,0.8580091980935688
11,58,0.6834811178203356
11,59,0.4614315649450997
11,60,0.6136777482878638
11,61,0.6710118132758611
11,62,0.6903988677487396
11,63,0.05546755055559966
11,64,0.24490434990545712
11,65,0.6431679656171162
11,66,1.0099975185756036
11,67,0.6692350309803525
11,68,0.33361051669759556
11,69,0.8109862633072017
11,70,0.5150175244895119
11,71,0.4985558099371749
11,72,0.7091999582258525
11,73,1.010569649588355
11,74,0.6430410679727405
11,75,0.6289588459361826
11,76,0.5678586197032534
11,77,0.16449287981765678
11,78,0.7174748793123744
11,79,0.7149061756812017
11,80,0.22769491666712705
11,81,0.44217281929740987
11,82,0.21477634314265373
11,83,0.6632507862424978
11,84,0.6251938528337521
11,85,0.721851928184803
11,86,0.17897413760428493
11,87,0.9184065522543593
11,88,0.9969075401721345
11,89,0.846446195633655
11,90,0.19887872285618302
11,91,0.4308200843003394
11,92,0.736532104404159
11,93,0.6577060263373785
11,94,0.5107007512834484
11,95,0.057077794218836124
11,96,0.48464294944901987
11,97,0.7317258107710958
11,98,0.7017475564568201
11,99,0.6792496224812351
12,0,0.7810033699147775
12,1,0.12232109594464925
12,2,0.6254787892408079
12,3,0.2656116493129833
12,4,0.7497448624571872
12,5,0.7730364023078926
12,6,0.4594359412169886
12,7,0.3019872388340551
12,8,0.57924732951163
12,9,0.34138319781780274
12,10,0.3719876602851563
12,11,0.19369704536001392
12,13,0.8481960286747857
12,14,0.5599256123686152
12,15,0.5942572487870599
12,16,0.033463180844576064
12,17,0.8329122024723439
12,18,0.631098210089095
12,19,0.5343346976071149
12,20,0.9009805425416422
12,21,0.37373531790366465
12,22,0.4978049833839459
12,23,0.45595904796787384
12,24,0.7790771346060131
12,25,0.43104871485942836
12,26,0.49459607471691885
12,27,0.6093432812873729
12,28,0.35400964069303054
12,29,0.2785190302814971
12,30,0.2513798299780993
12,31,0.9512017793017762
12,32,0.34551911147380715
12,33,0.24033736047833273
12,34,0.2156893445128792
12,35,0.5468792012464752
12,36,0.46701553481227154
12,37,0.5644095224612651
12,38,0.45460663499320697
12,39,0.43345272730709955
12,40,0.8165279549523405
12,41,0.5044925572412732
12,42,0.8028933960085749
12,43,0.886630659683124
12,44,0.3048552229555902
12,45,0.5331800779899815
12,46,0.48961392543587845
12,47,0.5937601943228935
12,48,0.2712525580695837
12,49,0.18056264658953772
12,50,0.030319838744927795
12,51,0.2361505610009953
12,52,0.10826978415097527
12,53,0.593801207809972
12,54,0.43582082378552933
12,55,0.7974964595110928
12,56,0.8995769355646989
12,57,0.8076803512896015
12,58,0.5646610930317845
12,59,0.28752212061448856
12,60,0.506951770697359
12,61,0.5115047052069492
12,62,0.5364392643916259
12,63,0.13980404551545944
12,64,0.05346035093201577
12,65,0.44954865849144693
12,66,0.8663181743638838
12,67,0.6766092140312503
12,68,0.252745551308563
12,69,0.7836501635413439
12,70,0.5510823147262157
12,71,0.43353566482612466
12,72,0.521117762268402
12,73,0.8525054269202619
12,74,0.5982663481996252
12,75,0.44349725909305515
12,76,0.472168004677628
12,77,0.34765570360317277
12,78,0.5634533438225522
12,79,0.6460707191931441
12,80,0.3951525141945955
12,81,0.2837901279374695
12,82,0.21266543983984273
12,83,0.4764684208943261
12,84,0.4356677643763701
12,85,0.5295743142456641
12,86,0.020621223837410826
12,87,0.8698627096435241
12,88,0.8155087091387594
12,89,0.6760101021512457
12,90,0.05691770564255133
12,91,0.25623547950990155
12,92,0.6785790159479814
12,93,0.4655933844211083
12,94,0.5693575766193306
12,95,0.24239830546830085
12,96,0.5195005032636864
12,97,0.53874700806499
12,98,0.5826570266849793
12,99,0.6628570624636722
13,0,0.17590319985062847
13,1,0.8797999123757312
13,2,0.2553073279951377
13,3,0.7138707785017371
13,4,0.3870335149980751
13,5,0.43501792337574335
13,6,0.3887888870204267
13,7,0.9846633091485488
13,8,0.5090407345063304
13,9,0.9747397265158637
13,10,0.7163838985843742
13,11,0.9410241608865774
13,12,0.8481960286747857
13,14,0.8375512977026296
13,15,0.26897024719547485
13,16,0.8147329000239654
13,17,0.2926868620386759
13,18,0.44943120879927173
13,19,0.5376860258705692
13,20,0.3827341185004352
13,21,0.8872892201164387
13,22,1.1020858834737006
13,23,0.9132532657412219
13,24,0.43490236652502234
13,25,0.5800322390943469
13,26,0.6248513305591917
13,27,0.6319017031505827
13,28,1.0033155081401575
13,29,0.7282027153520919
13,30,0.6727655665892464
13,31,0.5410416107007588
13,32,0.6211529827622506
13,33,0.8657631836936435
13,34,0.8784481094275844
13,35,0.3210656344922918
13,36,0.9823231603247978
13,37,0.5477928265570514
13,38,0.44101622105313965
13,39,0.5910204819311555
13,40,0.30218564883872545
13,41,0.3859942099045073
13,42,0.2670906897717074
13,43,0.5250868322014455
13,44,0.5486963121029544
13,45,0.4613126660950397
13,46,0.35990721739696563
13,47,0.29391453153459574
13,48,0.5837773866226394
