siteNum=100
demandLowerBound=0
demandUpperBound=1000
fixedCostLowerBound=500
fixedCostUpperBound=1500
coordinateLowerBound=0
coordinateUpperBound=1
facilityFailProbility=0.05
Coordinate: index, x, y
0,0.8510933051856816,0.6504165059981579
1,0.19132842980366338,0.4116769386712863
2,0.33298122730460455,0.046323140565464827
3,0.6028924915669929,0.5716046498258083
4,0.7313686045588721,0.8698889772853285
5,0.5443565063440463,0.3081992624431108
6,0.3559288720291659,0.7681944308267884
7,0.592056414734509,0.31152554969910573
8,0.3022452397079456,0.7096327294599538
9,0.3665241207201899,0.8865447834405646
10,0.5135782903624738,0.07928759907544969
11,0.18771103082196594,0.16482076945649504
12,0.433492541904518,0.5061419087787441
13,0.27225456616820076,0.3252787305389616
14,0.08792003911798396,0.2514204588997241
15,0.9420268562247298,0.48372206418412134
16,0.38494637819870625,0.9316380536916485
17,0.5430057957755726,0.8849878063979058
18,0.33479031269574344,0.3843267784214206
19,0.92328521851442,0.5696809399183939
20,0.18589641148954905,0.160741029426695
21,0.8318691565854334,0.980216366568338
22,0.15434168545351534,0.515994455379296
23,0.2793390704488834,0.4972470113459564
24,0.5733792693568185,0.6259251157124174
25,0.9743073535078401,0.9092578509683528
26,0.18609940987100393,0.7225731819259681
27,0.547486450989626,0.9994746753170272
28,0.36969613763830256,0.6995127965038221
29,0.0016824752394191123,0.6615015305209744
30,0.08247562308955636,0.18054313993124316
31,0.6410487349797884,0.35829149831162355
32,0.14363576875567086,0.010438378101938484
33,0.024520741193595375,0.4424979752552477
34,0.2825775875362522,0.41213063480380074
35,0.770005999133663,0.33685447285793924
36,0.09644095934337227,0.173544874750847
37,0.3524137556349669,0.3067459079649377
38,0.9359929565913212,0.6227381422550803
39,0.34799826742733575,0.8044844038791178
40,0.6012665417946054,0.6466665802145303
41,0.35368544399597523,0.931957570555198
42,0.0038206075875287793,0.08850884970972805
43,0.557890835918757,0.4204799557929023
44,0.7094205539162666,0.8625586792879124
45,0.7291197605180085,0.0789625418399964
46,0.6685262802452175,0.9874053146262486
47,0.17445693244920313,0.4063122437228013
48,0.7465187413530372,0.6415611408501993
49,0.009209309042111258,0.35951872773549587
50,0.4246720610455754,0.12917684428339427
51,0.8697309070715996,0.140356984108303
52,0.9977319492131749,0.5819552951837798
53,0.8834526324040827,0.739998778049465
54,0.9188396112218993,0.30521854245952185
55,0.3099431439411283,0.5869331304190158
56,0.12409298975513794,0.09706610391902304
57,0.29695698006417537,0.7110097675075668
58,0.6583172890969111,0.8681432425955642
59,0.5402504138659406,0.8542446993973464
60,0.6238240342848703,0.3126369171605141
61,0.7143297812423101,0.9491576572533736
62,0.6586601282590002,0.10035605353263499
63,0.6198298999360957,0.31653992145460996
64,0.7917866221328885,0.39657053152371236
65,0.026454540696433715,0.014005087418347273
66,0.5908720791093249,0.005831941844897992
67,0.4295568871457869,0.0751207732504573
68,0.40496793804880993,0.1798307188425804
69,0.886055079117935,0.6246609783923565
70,0.5282789774091042,0.6245463578045407
71,0.7197722145588025,0.13700758148486647
72,0.6356865387450104,0.07378763079697803
73,0.7191514823962563,0.21779122980688437
74,0.8935995893327777,0.2934233912527535
75,0.5266376793887024,0.4602672591883652
76,0.6146896708793351,0.22576425373818232
77,0.17196064551525492,0.420136006470497
78,0.20158432115401048,0.7118221598891492
79,0.6861063461777116,0.9324058631844683
80,0.31907449148783174,0.018618725661780022
81,0.2259415214643905,0.22769726360635434
82,0.9132245466063469,0.19762115823777393
83,0.2455633361655214,0.16665801123129675
84,0.8342338903618121,0.45099729526835874
85,0.01026353851147277,0.3095102952627661
86,0.1788745965316021,0.4652306245033746
87,0.4786329067486864,0.6641008910721087
88,0.17938300882875946,0.8222314565489705
89,0.958599553243691,0.8557690521268738
90,0.2602975260275774,0.2637763213877339
91,0.47815058258477117,0.03474727499718111
92,0.29867325898642594,0.07627413332098743
93,0.46211401786096773,0.23959842356853356
94,0.18678860759397642,0.39476909086587997
95,0.4672700094171761,0.9349817058131298
96,0.579023142243652,0.38899185035352235
97,0.23796869833134215,0.9516436652542336
98,0.8431477053218522,0.14663037236918508
99,0.7827535326833994,0.1321602795849649
Demand:index, demand
0,136
1,532
2,67
3,335
4,748
5,530
6,475
7,861
8,889
9,576
10,595
11,439
12,214
13,143
14,212
15,987
16,943
17,573
18,487
19,101
20,955
21,994
22,537
23,542
24,936
25,170
26,431
27,621
28,393
29,223
30,89
31,534
32,982
33,509
34,231
35,491
36,420
37,575
38,481
39,884
40,689
41,479
42,462
43,990
44,498
45,709
46,163
47,641
48,380
49,127
50,218
51,144
52,420
53,956
54,192
55,280
56,737
57,395
58,807
59,158
60,478
61,979
62,163
63,80
64,611
65,490
66,833
67,451
68,924
69,826
70,442
71,349
72,603
73,417
74,321
75,989
76,395
77,164
78,290
79,4
80,41
81,47
82,327
83,827
84,324
85,496
86,162
87,108
88,204
89,591
90,708
91,12
92,136
93,238
94,836
95,937
96,999
97,515
98,942
99,41
Fixcost:index, fixedCost
0,675
1,511
2,1051
3,1276
4,1412
5,1032
6,750
7,1028
8,752
9,1205
10,838
11,1294
12,1216
13,860
14,1098
15,578
16,950
17,1489
18,679
19,654
20,917
21,1437
22,1355
23,1106
24,1409
25,1147
26,1193
27,705
28,1474
29,850
30,685
31,1469
32,725
33,726
34,978
35,1345
36,1168
37,730
38,1180
39,1106
40,1012
41,668
42,1266
43,1028
44,1087
45,1098
46,888
47,1252
48,901
49,600
50,1316
51,875
52,567
53,719
54,1024
55,1098
56,1386
57,1121
58,1119
59,565
60,890
61,1463
62,951
63,858
64,753
65,971
66,747
67,1206
68,561
69,961
70,647
71,659
72,785
73,818
74,1050
75,1420
76,504
77,883
78,569
79,640
80,639
81,1194
82,613
83,721
84,693
85,615
86,885
87,1373
88,1423
89,659
90,1257
91,1466
92,1389
93,1437
94,514
95,1329
96,1316
97,1191
98,572
99,726
TransCost:start_index, end_index, transCost
0,1,0.7016311508159198
0,2,0.7958447834886175
0,3,0.2604130422123865
0,4,0.2500043391484978
0,5,0.4595651265599124
0,6,0.5089788359452209
0,7,0.4265526824155475
0,8,0.5520332961875856
0,9,0.5390397554368972
0,10,0.6634038088177047
0,11,0.8221187634930954
0,12,0.44182072936411043
0,13,0.6639042542550109
0,14,0.8611801667715139
0,15,0.18988403733927825
0,16,0.5444065727253141
0,17,0.3872229440848679
0,18,0.5808377769876262
0,19,0.10830468124824537
0,20,0.8259957504360862
0,21,0.3303596765973636
0,22,0.7095999628607496
0,23,0.591915364753672
0,24,0.27879188276290173
0,25,0.28667149068213016
0,26,0.6688972018828749
0,27,0.46262158129843595
0,28,0.48389428459536066
0,29,0.8494831580429772
0,30,0.9008629870129381
0,31,0.35979958530942774
0,32,0.9539749315559449
0,33,0.8523217226908757
0,34,0.6164335143592531
0,35,0.32387698255634245
0,36,0.8926963177776481
0,37,0.6056325396580132
0,38,0.08929749508409089
0,39,0.526157328348213
0,40,0.24985490519468195
0,41,0.5715592282565558
0,42,1.0166667292140563
0,43,0.37261039317833833
0,44,0.25509894186441806
0,45,0.5843262605350492
0,46,0.3832651506936053
0,47,0.7193216747540524
0,48,0.10494882987766704
0,49,0.8907245255188723
0,50,0.6734432881828413
0,51,0.5103999177846381
0,52,0.16183272014148628
0,53,0.09524762214303278
0,54,0.351782881921185
0,55,0.5448611162396602
0,56,0.9136334747136021
0,57,0.5574393331650677
0,58,0.2908049590505881
0,59,0.3717112259649865
0,60,0.40711960420878046
0,61,0.32855827022721684
0,62,0.5827495422123223
0,63,0.4061481703936374
0,64,0.26068191615761405
0,65,1.0416566543718329
0,66,0.6951290145327919
0,67,0.713202728438148
0,68,0.6484433871016367
0,69,0.04342433463788704
0,70,0.32384927788309675
0,71,0.5299376874815827
0,72,0.6155492951374437
0,73,0.4522977716069048
0,74,0.3595147676627751
0,75,0.376069394093219
0,76,0.48602079550438865
0,77,0.717112458331144
0,78,0.6524052227470545
0,79,0.3267088829662366
0,80,0.8259615326190691
0,81,0.7546564188941961
0,82,0.45703820202902085
0,83,0.7750411760936676
0,84,0.20013061104263727
0,85,0.907310168048043
0,86,0.697260211807298
0,87,0.37271169930483455
0,88,0.6933362095438852
0,89,0.23179141824721775
0,90,0.706066770940691
0,91,0.7198158628026433
0,92,0.7967479975162527
0,93,0.5657529344323332
0,94,0.7117979573630583
0,95,0.4778050599568118
0,96,0.37731289951738833
0,97,0.6831248677978087
0,98,0.5038487878262936
0,99,0.5227426142201403
1,0,0.7016311508159198
1,2,0.39185317764462746
1,3,0.44154484452913034
1,4,0.7082384222000899
1,5,0.36788103009449347
1,6,0.39268056711999316
1,7,0.41305352996892913
1,8,0.31793111200988633
1,9,0.5061551146748776
1,10,0.4629553387824026
1,11,0.24688267224492375
1,12,0.25993669953855725
1,13,0.11837943197772235
1,14,0.19072345050615888
1,15,0.7541476165454781
1,16,0.5548400409793113
1,17,0.5896610443679196
1,18,0.14604568842877297
1,19,0.7488164026981908
1,20,0.2509946959028709
1,21,0.856463369759399
1,22,0.11068045694588133
1,23,0.12275223095459559
1,24,0.4380241150538615
1,25,0.9277083373815997
1,26,0.3109402140594401
1,27,0.6872806670210915
1,28,0.33862149998541885
1,29,0.31365253828950057
1,30,0.2554833976005907
1,31,0.452877862265426
1,32,0.4040630797358265
1,33,0.16963119192985499
1,34,0.09125028562742983
1,35,0.5834947563055438
1,36,0.2563406169871657
1,37,0.19224724550243596
1,38,0.7739974735838134
1,39,0.4228985017046403
1,40,0.47251390169530505
1,41,0.5450245278617881
1,42,0.3736265476586255
1,43,0.36666809335873535
1,44,0.6868142347745768
1,45,0.6323910066171997
1,46,0.7477840272069057
1,47,0.017703880220783803
1,48,0.6009018459363611
1,49,0.18944089609950437
1,50,0.36640899766562685
1,51,0.7306465896090476
1,52,0.8241852672868172
1,53,0.7660490467574103
1,54,0.735259076253084
1,55,0.21162273780439916
1,56,0.3217150629703787
1,57,0.31742327112117585
1,58,0.6530237984348656
1,59,0.5635714451567212
1,60,0.4436906284297864
1,61,0.7499439555421243
1,62,0.5615332669616853
1,63,0.4389357150546558
1,64,0.6006481867717482
1,65,0.4304954129700835
1,66,0.5695132036656363
1,67,0.4123382717749838
1,68,0.31526894730069543
1,69,0.7266411208040331
1,70,0.39855872984258617
1,71,0.5955636736937008
1,72,0.5582323112806254
1,73,0.5623067160811923
1,74,0.7121577655150816
1,75,0.3388116174295599
1,76,0.4623832467382103
1,77,0.02113449541091447
1,78,0.3003203907950807
1,79,0.7183062016689677
1,80,0.41329628003412
1,81,0.1872073367988334
1,82,0.752963399237834
1,83,0.2509495962776636
1,84,0.6441067626243386
1,85,0.2079002594611573
1,86,0.0549826811766243
1,87,0.3824417788609214
1,88,0.4107282620322655
1,89,0.8865228604488282
1,90,0.16319108072072858
1,91,0.47364851808431024
1,92,0.3521618295459162
1,93,0.32083617324034464
1,94,0.017506721655020124
1,95,0.5916009082759928
1,96,0.3883578289231598
1,97,0.5419772877760076
1,98,0.7036462536286189
1,99,0.6541507586352593
2,0,0.7958447834886175
2,1,0.39185317764462746
2,3,0.5905698557719866
2,4,0.9148623884320655
2,5,0.33653916829795244
2,6,0.7222359407437107
2,7,0.3707455603943588
2,8,0.6640213186735182
2,9,0.8408909173337652
2,10,0.18358092142154783
2,11,0.18747031242012893
2,12,0.47067592243897527
2,13,0.28548896397275547
2,14,0.31956203770683206
2,15,0.7498362464494966
2,16,0.8868386957677642
2,17,0.8645627455987542
2,18,0.33800847917443216
2,19,0.7888993523775886
2,20,0.1863475149681627
2,21,1.058794467097447
2,22,0.5024969948882481
2,23,0.45410331228894957
2,24,0.6274788189387643
2,25,1.0751537167163423
2,26,0.6920176202472592
2,27,0.9769904498957089
2,28,0.6542206900317974
2,29,0.6987154747021151
2,30,0.2841972307621872
2,31,0.4384402416750027
2,32,0.1927159019130743
2,33,0.5020979696566368
2,34,0.36926365884395934
2,35,0.52478481898382
2,36,0.2685827023773266
2,37,0.26114678044599804
2,38,0.8341926634957872
2,39,0.7583099713727902
2,40,0.6575631190240749
2,41,0.8858764068266198
2,42,0.3318529005877962
2,43,0.436552006556046
2,44,0.8988587326679125
2,45,0.39748090270103176
2,46,0.9991126767726902
2,47,0.39334731021252156
2,48,0.7247906956551852
2,49,0.45046612622721716
2,50,0.12357971197527852
2,51,0.5449243823333755
2,52,0.853695102093847
2,53,0.885553306058437
2,54,0.6405129781105685
2,55,0.541100650909347
2,56,0.21496312268950446
2,57,0.6656621203169883
2,58,0.8838731997313248
2,59,0.8340849842331028
2,60,0.3943508158689138
2,61,0.9800698363450785
2,62,0.3301307350286865
2,63,0.39408028327301614
2,64,0.5772136737782613
2,65,0.3082256740802163
2,66,0.26105024155972867
2,67,0.1007777838713449
2,68,0.15167847566873172
2,69,0.8002283050616978
2,70,0.6103140995833106
2,71,0.3972794175966602
2,72,0.3039486861263097
2,73,0.42252665187613286
2,74,0.6126593521141033
2,75,0.45700388923540936
2,76,0.33400413212707586
2,77,0.4070180419538109
2,78,0.6783465866846635
2,79,0.9538553039654661
2,80,0.030998901693979813
2,81,0.21060406248506053
2,82,0.5996443944087814
2,83,0.14873590282566979
2,84,0.6442168918201727
2,85,0.41643028835285484
2,86,0.44635449336530336
2,87,0.6347154959081515
2,88,0.7909653137346245
2,89,1.0230351770561485
2,90,0.2292788831991524
2,91,0.1456301561357201
2,92,0.04554227329814043
2,93,0.23244485930385697
2,94,0.37787148918463764
2,95,0.8987477524808148
2,96,0.42185123986387124
2,97,0.9102926084972033
2,98,0.5199340112405113
2,99,0.4578898788145561
3,0,0.2604130422123865
3,1,0.44154484452913034
3,2,0.5905698557719866
3,4,0.32477631012356867
3,5,0.26983116882274727
3,6,0.3156557798761776
3,7,0.26030474233835016
3,8,0.3308179572179954
3,9,0.39377315106295957
3,10,0.5003529804011688
3,11,0.5812475984248796
3,12,0.18160868209158942
3,13,0.4123080113513771
3,14,0.6063947088327354
3,15,0.35033621872549137
3,16,0.4208616877687553
3,17,0.31905394395917736
3,18,0.32703482908288195
3,19,0.32039850208859666
3,20,0.5854012686759575
3,21,0.46839497027855076
3,22,0.4519848663300901
3,23,0.3319877629032929
3,24,0.061820249913482186
3,25,0.5019548624252446
3,26,0.4432921955483948
3,27,0.43144245044538343
3,28,0.2659718659411918
3,29,0.6078938500193289
3,30,0.6509706763878681
3,31,0.21669886829489912
3,32,0.7251374503967255
3,33,0.5926064588313701
3,34,0.3578178296444464
3,35,0.2881571966786208
3,36,0.6441620440730591
3,37,0.36454046454986155
3,38,0.33700230540374376
3,39,0.3452593885004254
3,40,0.07507953853310284
3,41,0.43813055136256507
3,42,0.7695899390353932
3,43,0.15768266283146615
3,44,0.3098426622144306
3,45,0.508556358713109
3,46,0.42094891265419127
3,47,0.45921520862433823
3,48,0.15975734807528855
3,49,0.6304285523053107
3,50,0.47697472152339004
3,51,0.507126502143012
3,52,0.39497510449857176
3,53,0.32721640400006385
3,54,0.4132603787153983
3,55,0.29335010242322396
3,56,0.6741185314813758
3,57,0.33619982753469035
3,58,0.30167373963124394
3,59,0.2894985794792544
3,60,0.259812270769403
3,61,0.3936553606237057
3,62,0.47453689931395
3,63,0.2556264686243092
3,64,0.25752268857721594
3,65,0.8019962488695574
3,66,0.5659003864742495
3,67,0.5258721056106258
3,68,0.43893159134815424
3,69,0.28809030700373534
3,70,0.09148770922203063
3,71,0.4500394221145336
3,72,0.4988960151825877
3,73,0.3724246086580829
3,74,0.4023623109992962
3,75,0.13494743767223202
3,76,0.3460415480918058
3,77,0.45677675713794513
3,78,0.42509904465733445
3,79,0.37027295494034546
3,80,0.6215674456504935
3,81,0.5102590755269226
3,82,0.485972876162164
3,83,0.5400610200791415
3,84,0.2608926537288659
3,85,0.6479988631884315
3,86,0.4371574185274012
3,87,0.15490642034438631
3,88,0.4921118553921002
3,89,0.45527675238451626
3,90,0.4605752817965075
3,91,0.5511591283508003
3,92,0.5812930947919833
3,93,0.3606199009103556
3,94,0.4521208435474965
3,95,0.3878612412738483
3,96,0.18416617596134469
3,97,0.5268766725879054
3,98,0.4881861368742174
3,99,0.4748277041705224
4,0,0.2500043391484978
4,1,0.7082384222000899
4,2,0.9148623884320655
4,3,0.32477631012356867
4,5,0.5920041052545527
4,6,0.38896885934658765
4,7,0.5754803241636455
4,8,0.45807087576929545
4,9,0.3652244696980136
4,10,0.8200507058622203
4,11,0.8903284423023128
4,12,0.4701511230972383
4,13,0.7123103404475675
4,14,0.8924849380252989
4,15,0.43988837648775303
4,16,0.35188251924948977
4,17,0.18896698752243643
4,18,0.6269330032329054
4,19,0.356310050955442
4,20,0.8946679413972359
4,21,0.14923971918912288
4,22,0.6769057526770764
4,23,0.5858265395890269
4,24,0.2906527064920494
4,25,0.24610799246663984
4,26,0.5648189428816258
4,27,0.22495577239899042
4,28,0.3997937171918826
4,29,0.7588591274341846
4,30,0.9467099792848614
4,31,0.5195090560645053
4,32,1.0411941311388386
4,33,0.8260126939462452
4,34,0.6410585597834516
4,35,0.534432999701254
4,36,0.9423524944485753
4,37,0.6787760264229508
4,38,0.32086548692691874
4,39,0.38890946711901503
4,40,0.2583694743764254
4,41,0.3827493697490296
4,42,1.0676520929905375
4,43,0.481729182021531
4,44,0.02313979679559221
4,45,0.790929632512134
4,46,0.13326382580118076
4,47,0.7246060988098911
4,48,0.22882990961853966
4,49,0.8843030248318858
4,50,0.8016964723505265
4,51,0.7425369053626002
4,52,0.39224384847181815
4,53,0.20000253844177854
4,54,0.5949773762972962
4,55,0.5076055852063783
4,56,0.9828727618229157
4,57,0.46255384853628384
4,58,0.07307217172309842
4,59,0.1917574150961994
4,60,0.5675347505737155
4,61,0.08107925211723017
4,62,0.772960182199069
4,63,0.5644785737454299
4,64,0.4771589755477373
4,65,1.1088016370680973
4,66,0.8754049543825422
4,67,0.8501451704930463
4,68,0.7633595451314219
4,69,0.28993909162540177
4,70,0.3184939522024341
4,71,0.7329731349588927
4,72,0.8018306626707243
4,73,0.6522121819932506
4,74,0.5988584676704433
4,75,0.45793526142648344
4,76,0.6546072357141199
4,77,0.7177847862682184
4,78,0.55286210369726
4,79,0.07718181817169759
4,80,0.9458580638617273
4,81,0.8172311383221601
4,82,0.6964306169209753
4,83,0.8547166491978627
4,84,0.4313368849128563
4,85,0.9132451935513093
4,86,0.6848342948350655
4,87,0.3259203420698087
4,88,0.5540391115943565
4,89,0.22766922569087625
4,90,0.7676460855549732
4,91,0.8726861002406426
4,92,0.9039080609445875
4,93,0.6853934742631297
4,94,0.7227076030909841
4,95,0.2720020795196454
4,96,0.5044513718677984
4,97,0.5001272802699612
4,98,0.7318453231063423
4,99,0.7395160865383777
5,0,0.4595651265599124
5,1,0.36788103009449347
5,2,0.33653916829795244
5,3,0.26983116882274727
5,4,0.5920041052545527
5,6,0.4970920722661248
5,7,0.04781574476433391
5,8,0.46879280484378155
5,9,0.605068507719984
5,10,0.230971531156456
5,11,0.38438702821698323
5,12,0.2268746566930793
5,13,0.27263744071183
5,14,0.4599544337710278
5,15,0.43468374837948487
5,16,0.6434963211928655
5,17,0.5767901254845927
5,18,0.22296499323720256
5,19,0.46039074335002206
5,20,0.38760491494228855
5,21,0.7309381042781138
5,22,0.44191673731785647
5,23,0.325535393918511
5,24,0.3190486461475812
5,25,0.7390055194765599
5,26,0.5477717520289636
5,27,0.6912824986917345
5,28,0.42852365901489015
5,29,0.6475473702087813
5,30,0.4791972828916215
5,31,0.10889728726122311
5,32,0.4992380732446281
5,33,0.5369034987710097
5,34,0.2816556984918893
5,35,0.22746167738792694
5,36,0.46771801480132397
5,37,0.19194825289386466
5,38,0.5023084869635938
5,39,0.5337185584187882
5,40,0.34321841054110563
5,41,0.6522498608323313
5,42,0.5834748797433187
5,43,0.11309346654934052
5,44,0.5784120528182592
5,45,0.2944264495010978
5,46,0.6904628839212658
5,47,0.38269028190323234
5,48,0.389871403463928
5,49,0.5376022789181725
5,50,0.21534482266856353
5,51,0.3661140956661373
5,52,0.5296146312732388
5,53,0.5490327899013011
5,54,0.37449496729672827
5,55,0.3642007600621545
5,56,0.4703175884485219
5,57,0.47271855114199474
5,58,0.5714230664880591
5,59,0.5460608750075222
5,60,0.07959133606377353
5,61,0.6631127943701505
5,62,0.2372005848919442
5,63,0.07593286332706352
5,64,0.26273778448901475
5,65,0.5956279532058264
5,66,0.3059243290021641
5,67,0.2598163480083485
5,68,0.1894931554371214
5,69,0.4657316097252296
5,70,0.3167553814543133
5,71,0.24510663458542647
5,72,0.2515750143980188
5,73,0.19679150392800407
5,74,0.34955551402446505
5,75,0.15309680748725013
5,76,0.10836182304543257
5,77,0.3888553867774872
5,78,0.5295320710615057
5,79,0.6400991309960905
5,80,0.366890819591114
5,81,0.3284336682080943
5,82,0.3850858972444934
5,83,0.33062257082652236
5,84,0.3231411084089176
5,85,0.5340945769199128
5,86,0.39778873170397033
5,87,0.36191927387822864
5,88,0.6304242622756719
5,89,0.6866075855093807
5,90,0.28751156844628284
5,91,0.28135247249481893
5,92,0.3378602130326968
5,93,0.1070976283873038
5,94,0.3678982704630288
5,95,0.6315049954872467
5,96,0.08791597070986257
5,97,0.7126669547606316
5,98,0.3396773275129135
5,99,0.29634922920968904
6,0,0.5089788359452209
6,1,0.39268056711999316
6,2,0.7222359407437107
6,3,0.3156557798761776
6,4,0.38896885934658765
6,5,0.4970920722661248
6,7,0.514103767166195
6,8,0.07944435314217295
6,9,0.11882367297230724
6,10,0.7067149085271215
6,11,0.6263840813237548
6,12,0.2732904081673438
6,13,0.450750160313638
6,14,0.5821375031551292
6,15,0.6514870485753216
6,16,0.16599949855192317
6,17,0.22054130673348915
6,18,0.38444923364977707
6,19,0.6010830474815714
6,20,0.6308016110550918
6,21,0.52103018693651
6,22,0.322865639867735
6,23,0.28156438309812726
6,24,0.25985617814680906
6,25,0.634264010375732
6,26,0.1758503470801271
6,27,0.3003079378715413
6,28,0.07004787288437939
6,29,0.3699647072548746
6,30,0.6481594858110378
6,31,0.49931327874743486
6,32,0.7869323968033318
6,33,0.46466066151094737
6,34,0.3635406961745275
6,35,0.5979247666150671
6,36,0.6488004865683628
6,37,0.46146191099011485
6,38,0.5980233056361494
6,39,0.03714642154352641
6,40,0.27378749182599843
6,41,0.16377850561977514
6,42,0.7654754856078265
6,43,0.4021119135343188
6,44,0.3658701689821185
6,45,0.7837806045363673
6,46,0.38179909795536876
6,47,0.4048342650987917
6,48,0.41060496361921117
6,49,0.5359386957993391
6,50,0.6427045214932675
6,51,0.8112782449417297
6,52,0.6682785388802471
6,53,0.5282767386471148
6,54,0.7288450956876702
6,55,0.18700359946616987
6,56,0.7100430321380482
6,57,0.08214480970130272
6,58,0.31847844471914705
6,59,0.20341848368855533
6,60,0.5284888515548912
6,61,0.4014958294223341
6,62,0.7332491470744317
6,63,0.5231018527653648
6,64,0.5727794521966565
6,65,0.8230157354012173
6,66,0.7977436149288651
6,67,0.6969735858956542
6,68,0.5904038343167455
6,69,0.5492136628035321
6,70,0.2243642745792673
6,71,0.72854568606596
6,72,0.7486422082770477
6,73,0.6594500347826513
6,74,0.7172846995886573
6,75,0.35208044527260285
6,76,0.6009888917758416
6,77,0.3936863918553166
6,78,0.1643169903434214
6,79,0.36875813069283564
6,80,0.7504811677442046
6,81,0.5559081750434722
6,82,0.7975790420361941
6,83,0.6115771542546637
6,84,0.5739248325074162
6,85,0.5743480295204402
6,86,0.35090637556752685
6,87,0.16090912079527495
6,88,0.1846305553316579
6,89,0.6090002169880016
6,90,0.513403334103067
6,91,0.7435609436526897
6,92,0.694285174352309
6,93,0.539155843967855
6,94,0.4099450128713921
6,95,0.20053639064325762
6,96,0.43996096467768364
6,97,0.21810140804414008
6,98,0.7897620339579343
6,99,0.765975673561836
7,0,0.4265526824155475
7,1,0.41305352996892913
7,2,0.3707455603943588
7,3,0.26030474233835016
7,4,0.5754803241636455
7,5,0.04781574476433391
7,6,0.514103767166195
7,8,0.49242242409075315
7,9,0.6176665239560711
7,10,0.24513931083126655
7,11,0.4301365853277474
7,12,0.25103391999540675
7,13,0.3200974419292377
7,14,0.5077067137233542
7,15,0.39003967685050744
7,16,0.6537844330066012
7,17,0.5755561858570675
7,18,0.26736840905705245
7,19,0.41994848011719693
7,20,0.43324579604391655
7,21,0.7103925391776712
7,22,0.4831166708152267
7,23,0.3637094977221479
7,24,0.31495384244174274
7,25,0.7095066484351806
7,26,0.5777207333626324
7,27,0.6893913845608188
7,28,0.44718921779645543
7,29,0.6863123017891936
7,30,0.5261453932917145
7,31,0.06772961975860099
7,32,0.5401245788153511
7,33,0.5824521585483202
7,34,0.32542053966050055
7,35,0.17974317493640118
7,36,0.514464135078181
7,37,0.23969031902729476
7,38,0.46383792707133575
7,39,0.5500661880005717
7,40,0.3352675599806874
7,41,0.664647735416593
7,42,0.6290928494936271
7,43,0.11418559183656797
7,44,0.5633931585228112
7,45,0.2699479827334209
7,46,0.6801919559721328
7,47,0.4282217240739862
7,48,0.3643927850148253
7,49,0.5848197104681387
7,50,0.24752489213541318
7,51,0.326192890083573
7,52,0.4875498810557303
7,53,0.5181708821278099
7,54,0.32684405432382657
7,55,0.3942552892171938
7,56,0.5147646267982326
7,57,0.49666016210361436
7,58,0.5605477317023467
7,59,0.5451861491042994
7,60,0.031787053803880236
7,61,0.649249937035999
7,62,0.2214240519149932
7,63,0.028222515910973564
7,64,0.2170824835884908
7,65,0.6390805155777627
7,66,0.3056959020559406
7,67,0.2868681139379093
7,68,0.2287916663318491
7,69,0.42952184037851243
7,70,0.31945201176197885
7,71,0.21625874954411725
7,72,0.24170830727363585
7,73,0.15792174945080048
7,74,0.3020860378885771
7,75,0.1624921754301786
7,76,0.08869759956512019
7,77,0.43390861553558374
7,78,0.559201065802612
7,79,0.6279631782820974
7,80,0.4003917306677146
7,81,0.3755892658522584
7,82,0.3407685128121766
7,83,0.37555832729142985
7,84,0.27946788279397583
7,85,0.581796366501473
7,86,0.4408451711361324
7,87,0.3703704409211128
7,88,0.6565971849111099
7,89,0.6561667945903734
7,90,0.33517748886282583
7,91,0.29930043759523356
7,92,0.37605439099233334
7,93,0.14852117013626087
7,94,0.4137287549234164
7,95,0.6358216932037597
7,96,0.07855503757812987
7,97,0.7315253329649339
7,98,0.30039516593228266
7,99,0.2617962775081642
8,0,0.5520332961875856
8,1,0.31793111200988633
8,2,0.6640213186735182
8,3,0.3308179572179954
8,4,0.45807087576929545
8,5,0.46879280484378155
8,6,0.07944435314217295
8,7,0.49242242409075315
8,9,0.18822765309014725
8,10,0.6648282798575937
8,11,0.5567208966510486
8,12,0.24214534568186658
8,13,0.38552229116605646
8,14,0.5058594434226651
8,15,0.6784955014723375
8,16,0.23690893249282072
8,17,0.29785071489910514
8,18,0.3269298755954641
8,19,0.6366138222437769
8,20,0.5610874692890538
8,21,0.5947411184704264
8,22,0.2436621483735813
8,23,0.21361738189792323
8,24,0.2837615665183406
8,25,0.7010832147059474
8,26,0.11686449032335264
8,27,0.379673024178859
8,28,0.06820584047314449
8,29,0.30439216102959443
8,30,0.5729175142516184
8,31,0.4880865385495098
8,32,0.7169586496072952
8,33,0.38534643371783794
8,34,0.29815149314860956
8,35,0.5981335608823177
8,36,0.5742347862877973
8,37,0.4059983632044306
8,38,0.6396771357023765
8,39,0.1053099220663009
8,40,0.3055789178794872
8,41,0.2281982243252997
8,42,0.6890951567470047
8,43,0.3859585436045306
8,44,0.4349460686469395
8,45,0.7615554753722233
8,46,0.4596949093986501
8,47,0.32914004396286534
8,48,0.4494582132299363
8,49,0.45656310720940363
8,50,0.5932262310610845
8,51,0.80381270014155
8,52,0.7071091077915472
8,53,0.5820001118827919
8,54,0.7373869090443007
8,55,0.12294083672397141
8,56,0.6379467806093629
8,57,0.0054646064674871726
8,58,0.389760037883019
8,59,0.27849431731213276
8,60,0.5108997906682287
8,61,0.4766401791771549
8,62,0.7058680050901187
8,63,0.5053533141454162
8,64,0.5810840772927741
8,65,0.7483036322467129
8,66,0.7606845608203195
8,67,0.6471581554350831
8,68,0.5396685308674573
8,69,0.5899611233559474
8,70,0.2415179935753013
8,71,0.7086807001898661
8,72,0.7179708137502907
8,73,0.6447626508828384
8,74,0.7231391152683444
8,75,0.335462523614267
8,76,0.5759776248842691
8,77,0.3174624829890745
8,78,0.1006847263974345
8,79,0.4438211556129715
8,80,0.6912189068310077
8,81,0.4879385726352425
8,82,0.7971521576985514
8,83,0.5459252538806775
8,84,0.5915270173407099
8,85,0.495329462258676
8,86,0.2737749157701476
8,87,0.1821695841545786
8,88,0.16665413621832878
8,89,0.6724260626266576
8,90,0.4478253535722068
8,91,0.6974331984484513
8,92,0.6333686685883643
8,93,0.4964778695399921
8,94,0.3353644954490561
8,95,0.27931225494240103
8,96,0.4235759444139979
8,97,0.2504012116890835
8,98,0.7807349943463306
8,99,0.7512407403641034
9,0,0.5390397554368972
9,1,0.5061551146748776
9,2,0.8408909173337652
9,3,0.39377315106295957
9,4,0.3652244696980136
9,5,0.605068507719984
9,6,0.11882367297230724
9,7,0.6176665239560711
9,8,0.18822765309014725
9,10,0.8205419492739386
9,11,0.7435453405678957
9,12,0.3862526588735647
9,13,0.5691276931016233
9,14,0.6935439004914308
9,15,0.7024738726261381
9,16,0.04871121629093282
9,17,0.17648854299320696
9,18,0.5032195933557649
9,19,0.6406134679732225
9,20,0.7479421492886564
9,21,0.4746792263098187
9,22,0.4269999197447353
9,23,0.39894108380641347
9,24,0.3327336227738513
9,25,0.6082074822742063
9,26,0.24380271201993226
9,27,0.21330852176079132
9,28,0.1870588833197574
9,29,0.4286652446393889
9,30,0.7610005713822316
9,31,0.5953278903964602
9,32,0.9040141873426703
9,33,0.5604853963014376
9,34,0.48178398153150287
9,35,0.6818776017413153
9,36,0.7624393640486055
9,37,0.5799705496019947
9,38,0.6276055281480465
9,39,0.0841255795462776
9,40,0.3356271095052198
9,41,0.047192720344857234
9,42,0.876592944281679
9,43,0.5038230277152234
9,44,0.3437343408666253
9,45,0.8852483690744581
9,46,0.318399357896398
9,47,0.5172166828458803
9,48,0.45212044506607457
9,49,0.636734118794166
9,50,0.7595968524337525
9,51,0.9000073898043487
9,52,0.7008552483268993
9,53,0.5372995606622182
9,54,0.8018681933468201
9,55,0.30490744425083766
9,56,0.8258628449567588
9,57,0.18881771335775546
9,58,0.29237282674146686
9,59,0.17670348145795622
9,60,0.6289463287900744
9,61,0.35339658948315705
9,62,0.8387110145544527
9,63,0.6237542468567284
9,64,0.6487857602084562
9,65,0.9364682805050459
9,66,0.9088383331401063
9,67,0.8138685729012144
9,68,0.7077589251937415
9,69,0.5818036989227616
9,70,0.30790876684207347
9,71,0.8286074057816466
9,72,0.8561673881025127
9,73,0.7560273617404988
9,74,0.7934743445657121
9,75,0.45535577228369434
9,76,0.7058449183209808
9,77,0.5053633278330905
9,78,0.24027719962913893
9,79,0.32285606307402515
9,80,0.8692221287367864
9,81,0.6736790939350922
9,82,0.8794868486945445
9,83,0.7299784080381825
9,84,0.6391040940811888
9,85,0.6781521975060673
9,86,0.46121357791066303
9,87,0.24909770203037288
9,88,0.19788380372285636
9,89,0.592874745149246
9,90,0.631763125504834
9,91,0.8590805913176952
9,92,0.8131065526013284
9,93,0.6539701988524065
9,94,0.5235916218638855
9,95,0.11178492536237358
9,96,0.5410311963019763
9,97,0.14409844218091014
9,98,0.8801382715855756
9,99,0.8615932352570431
10,0,0.6634038088177047
10,1,0.4629553387824026
10,2,0.18358092142154783
10,3,0.5003529804011688
10,4,0.8200507058622203
10,5,0.230971531156456
10,6,0.7067149085271215
10,7,0.24513931083126655
10,8,0.6648282798575937
10,9,0.8205419492739386
10,11,0.3369056159755632
10,12,0.43430211698579935
10,13,0.3445994437280658
10,14,0.4591455850640411
10,15,0.5891819839040916
10,16,0.8620020106190867
10,17,0.8062374353466146
10,18,0.3535732482728617
10,19,0.6390190886967368
10,20,0.3376537798658195
10,21,0.9555007690301546
10,22,0.5654766278541523
10,23,0.4791221999148388
10,24,0.549898837681726
10,25,0.949274401136982
10,26,0.7218439985698278
10,27,0.9208116086578946
10,28,0.6366956646606017
10,29,0.7752485972317208
10,30,0.4428342740617793
10,31,0.3067440138615991
10,32,0.3762946777745591
10,33,0.6091790079801999
10,34,0.4051491221008294
10,35,0.36344994744218456
10,36,0.4276540505449321
10,37,0.27876744705363204
10,38,0.6883114434087697
10,39,0.7438596303689631
10,40,0.5741150909683927
10,41,0.8675320181886405
10,42,0.5098410797604894
10,43,0.34405788172353663
10,44,0.8073832901980765
10,45,0.2155417152641585
10,46,0.9212419144100558
10,47,0.47111401337645137
10,48,0.6086154693134312
10,49,0.576990082053603
10,50,0.10194731187612228
10,51,0.36135046170864143
10,52,0.6979108668658036
10,53,0.7571963357821712
10,54,0.46398440637929095
10,55,0.54696550014707
10,56,0.38989084962802056
10,57,0.6678305849269918
10,58,0.8020240670130675
10,59,0.7754159590255455
10,60,0.25808143734830524
10,61,0.89273460737497
10,62,0.1466036133956065
10,63,0.259957821600525
10,64,0.42198143927126225
10,65,0.491478741978697
10,66,0.1066304991923753
10,67,0.08412466128286589
10,68,0.1480038092827539
10,69,0.660432495436985
10,70,0.5454568948784423
10,71,0.2141203650866136
10,72,0.12223204970103148
10,73,0.24787818179248453
10,74,0.4361998683659574
10,75,0.38120342215343633
10,76,0.17798573434747786
10,77,0.4825766800154155
10,78,0.7052944118921057
10,79,0.8703888226532847
10,80,0.2037460183118951
10,81,0.3236670192471038
10,82,0.4167972664902767
10,83,0.2818964430309065
10,84,0.49090540031126195
10,85,0.5534692667805432
10,86,0.5108606282935589
10,87,0.5858564383292927
10,88,0.8146484281928209
10,89,0.8949678046439684
10,90,0.3133484230732436
10,91,0.05691188757526396
10,92,0.2149261582185692
10,93,0.1683690345454342
10,94,0.4542246893622698
10,95,0.856946241715141
10,96,0.3165434439337844
10,97,0.9148583242330419
10,98,0.3363793221819058
10,99,0.2743188499224767
11,0,0.8221187634930954
11,1,0.24688267224492375
11,2,0.18747031242012893
11,3,0.5812475984248796
11,4,0.8903284423023128
11,5,0.38438702821698323
11,6,0.6263840813237548
11,7,0.4301365853277474
11,8,0.5567208966510486
11,9,0.7435453405678957
11,10,0.3369056159755632
11,12,0.420605125192574
11,13,0.18136804195773415
11,14,0.1321277723906973
11,15,0.8189568976643455
11,16,0.791776818084869
11,17,0.8030410519396937
11,18,0.26422566705037587
11,19,0.8396315520666499
11,20,0.004465100450419232
11,21,1.0391389083161509
11,22,0.3527555398500851
11,23,0.3448230037898032
11,24,0.601129942982944
11,25,1.0830144704448008
11,26,0.5577547408472713
11,27,0.9088924554231146
11,28,0.564813369964746
11,29,0.5303757176791931
11,30,0.10640340207884202
11,31,0.492895523346297
11,32,0.16055077541564242
11,33,0.32208027143740786
11,34,0.2648807903207165
11,35,0.6071762719566175
11,36,0.09168607288402388
11,37,0.21741603552053781
11,38,0.8772765588706068
11,39,0.6594403410630446
11,40,0.6349831068626229
11,41,0.7848862194155327
11,42,0.1990959488607878
11,43,0.44988299329902665
11,44,0.8712169748708972
11,45,0.5481742860081353
11,46,0.952800418781433
11,47,0.2418549219407968
11,48,0.7345389295779935
11,49,0.2641404165143687
11,50,0.23962683331876666
11,51,0.6824584884028684
11,52,0.9111175010859272
11,53,0.9027104285101748
11,54,0.7444867599506598
11,55,0.43945367759859416
11,56,0.0929405716104399
11,57,0.557007270166077
11,58,0.8462462712177827
11,59,0.7743315644942508
11,60,0.4604825352947619
11,61,0.9447283534716093
11,62,0.47534066938975583
11,63,0.4579797136637184
11,64,0.6470048471501991
11,65,0.2207918149665824
11,66,0.4333777545761577
11,67,0.2579447761447505
11,68,0.21777479725245147
11,69,0.8361443819966617
11,70,0.5721312286744508
11,71,0.5327876468768667
11,72,0.45713136846328156
11,73,0.5340737994315184
11,74,0.7175076942927812
11,75,0.44962195387187687
11,76,0.4313060019772884
11,77,0.25580059595088095
11,78,0.5471772924015526
11,79,0.915196572590793
11,80,0.19654871255712728
11,81,0.0735868461842047
11,82,0.7262545883435204
11,83,0.057881471049922806
11,84,0.7070281549085071
11,85,0.2289599777369969
11,86,0.3005397870170522
11,87,0.577854806792523
11,88,0.6574634343092549
11,89,1.0352191281688607
11,90,0.12272326814524767
11,91,0.3182361500349016
11,92,0.14196169501008243
11,93,0.2844093824936622
11,94,0.22995017152332226
11,95,0.8193296591744531
11,96,0.4509743252734457
11,97,0.7884263456373221
11,98,0.6556890458332089
11,99,0.5959381567076926
12,0,0.44182072936411043
12,1,0.25993669953855725
12,2,0.47067592243897527
12,3,0.18160868209158942
12,4,0.4701511230972383
12,5,0.2268746566930793
12,6,0.2732904081673438
12,7,0.25103391999540675
12,8,0.24214534568186658
12,9,0.3862526588735647
12,10,0.43430211698579935
12,11,0.420605125192574
12,13,0.24229976075625945
12,14,0.42930568562577787
12,15,0.5090282882834459
12,16,0.42825658120605087
12,17,0.39435690296518755
12,18,0.1567834686271266
12,19,0.4938968258035856
12,20,0.4249771890979975
12,21,0.619233815818487
12,22,0.2793246736896767
12,23,0.1544098829808603
12,24,0.18416382158455927
12,25,0.6745243682009959
12,26,0.32870329747886623
12,27,0.5063317389309305
12,28,0.20362289020854982
12,29,0.4589079926752268
12,30,0.47877702071983125
12,31,0.25483193904845397
12,32,0.5742289954937081
12,33,0.413894290913849
12,34,0.17780169596032436
12,35,0.37669555725672177
12,36,0.4735235541671892
12,37,0.21524993547846424
12,38,0.5158501220522076
12,39,0.31035063291557224
12,40,0.21884994475954225
12,41,0.4332299051204835
12,42,0.5991955800630103
12,43,0.15103941784514932
12,44,0.45074292242135183
12,45,0.5194975109885877
12,46,0.5355887638537091
12,47,0.2776065723124511
12,48,0.3410627067798629
12,49,0.44890379694029814
12,50,0.37706824413170387
12,51,0.5693000284206987
12,52,0.5693099141225485
12,53,0.5071026704203789
12,54,0.5252922775255879
12,55,0.14762003668622886
12,56,0.5129045690885056
12,57,0.2461966677012321
12,58,0.42613511077506894
12,59,0.3641054738151982
12,60,0.27142265707361896
12,61,0.5245307506671163
12,62,0.46407176412977275
12,63,0.2658392833940264
12,64,0.37467390440255977
12,65,0.6386537288438764
12,66,0.524479152821297
12,67,0.43103910338909357
12,68,0.3275555612452339
12,69,0.4678243473261324
12,70,0.15167096592547813
12,71,0.4671361713266784
12,72,0.47729721772441464
12,73,0.4058905571042457
12,74,0.5069000520729959
12,75,0.10382918718735915
12,76,0.33383233665233925
12,77,0.27531063920745963
12,78,0.30997707745655234
12,79,0.49549439243545496
12,80,0.5007697518197882
12,81,0.3472878438858986
12,82,0.5703751834096563
12,83,0.38802925542244343
12,84,0.4045176841160101
12,85,0.46667631260539383
12,86,0.2578837553763038
12,87,0.1642823564032976
12,88,0.40556658763952225
12,89,0.6308537966306709
12,90,0.29788855546328585
12,91,0.4735052706733612
12,92,0.4505136439926641
12,93,0.268075769874734
12,94,0.2706782883316503
12,95,0.4301679774600404
12,96,0.18682422708016652
12,97,0.48651966910740013
12,98,0.5450375195580984
12,99,0.5117084117486044
13,0,0.6639042542550109
13,1,0.11837943197772235
13,2,0.28548896397275547
13,3,0.4123080113513771
13,4,0.7123103404475675
13,5,0.27263744071183
13,6,0.450750160313638
13,7,0.3200974419292377
13,8,0.38552229116605646
13,9,0.5691276931016233
13,10,0.3445994437280658
13,11,0.18136804195773415
13,12,0.24229976075625945
13,14,0.19858061877323907
13,15,0.6882580987566791
13,16,0.6167423070236899
13,17,0.6217559633270734
13,18,0.08600809004091554
13,19,0.6953943846795799
13,20,0.18582353448046218
13,21,0.8614591092417532
13,22,0.2242229585475354
13,23,0.17211414760157406
13,24,0.4255165517207281
13,25,0.913186579680649
13,26,0.4065287100064359
13,27,0.7282120311952712
13,28,0.3867117737788113
13,29,0.43157273734252194
13,30,0.23867224058237782
13,31,0.37026879666728807
13,32,0.34009887175719117
13,33,0.27406641415614025
13,34,0.08746323824667154
13,35,0.49788601790912584
13,36,0.23223605951075674
13,37,0.0822736966990615
13,38,0.7273450024163045
13,39,0.48515480585255005
13,40,0.45993372351315553
13,41,0.6121194350674124
13,42,0.3579340254672352
13,43,0.30108362939034744
13,44,0.6926643084289945
