siteNum=10
demandLowerBound=0
demandUpperBound=1000
fixedCostLowerBound=500
fixedCostUpperBound=1500
coordinateLowerBound=0
coordinateUpperBound=1
facilityFailProbility=0.05
Coordinate: index, x, y
0,0.23004408339281257,0.9645633417748607
1,0.025873627133250476,0.06249952792129054
2,0.16880947265331092,0.981742693853285
3,0.48303302089841127,0.07464335863843863
4,0.027674644717734953,0.462426190725139
5,0.26498259814196046,0.8704255999207334
6,0.8611280123108406,0.9908047816802457
7,0.7690438083195512,0.7725781329259608
8,0.4928477590814746,0.3256443497388506
9,0.4650134661042916,0.75504172909181
Demand:index, demand
0,461
1,674
2,525
3,543
4,883
5,218
6,498
7,579
8,230
9,58
Fixcost:index, fixedCost
0,984
1,797
2,908
3,1271
4,982
5,1465
6,838
7,1094
8,1445
9,1043
TransCost:start_index, end_index, transCost
0,1,0.9248809109681561
0,2,0.06359880258505465
0,3,0.9251815923837555
0,4,0.5413825894633083
0,5,0.10041222163795964
0,6,0.6316292729971613
0,7,0.5721704500302822
0,8,0.6908568957025634
0,9,0.31481727556333344
1,0,0.9248809109681561
1,2,0.9302895538740672
1,3,0.4573206576705409
1,4,0.3999307181072276
1,5,0.8425661029458121
1,6,1.2487595974065113
1,7,1.0278684465873333
1,8,0.5360130942040435
1,9,0.8200356690861808
2,0,0.06359880258505465
2,1,0.9302895538740672
2,3,0.9599821051555895
2,4,0.5381530173451138
2,5,0.14710800613101943
2,6,0.6923778461138962
2,7,0.6356343848948176
2,8,0.7317553199130181
2,9,0.3730015189782639
3,0,0.9251815923837555
3,1,0.4573206576705409
3,2,0.9599821051555895
3,4,0.5981026463903034
3,5,0.8251153630884225
3,6,0.9911143100577016
3,7,0.7542646217880268
3,8,0.2511928076577655
3,9,0.6806369420407486
4,0,0.5413825894633083
4,1,0.3999307181072276
4,2,0.5381530173451138
4,3,0.5981026463903034
4,5,0.47199426125997385
4,6,0.9868274678645667
4,7,0.8036308007976041
4,8,0.4848662685220112
4,9,0.5262025256357092
5,0,0.10041222163795964
5,1,0.8425661029458121
5,2,0.14710800613101943
5,3,0.8251153630884225
5,4,0.47199426125997385
5,6,0.6081780185403574
5,7,0.5134703792849111
5,8,0.5905159964977459
5,9,0.23092376617669574
6,0,0.6316292729971613
6,1,1.2487595974065113
6,2,0.6923778461138962
6,3,0.9911143100577016
6,4,0.9868274678645667
6,5,0.6081780185403574
6,7,0.2368593904645442
6,8,0.7603083224187075
6,9,0.46096740739691966
7,0,0.5721704500302822
7,1,1.0278684465873333
7,2,0.6356343848948176
7,3,0.7542646217880268
7,4,0.8036308007976041
7,5,0.5134703792849111
7,6,0.2368593904645442
7,8,0.5253894404807398
7,9,0.3045356702374326
8,0,0.6908568957025634
8,1,0.5360130942040435
8,2,0.7317553199130181
8,3,0.2511928076577655
8,4,0.4848662685220112
8,5,0.5905159964977459
8,6,0.7603083224187075
8,7,0.5253894404807398
8,9,0.4302985675792205
9,0,0.31481727556333344
9,1,0.8200356690861808
9,2,0.3730015189782639
9,3,0.6806369420407486
9,4,0.5262025256357092
9,5,0.23092376617669574
9,6,0.46096740739691966
9,7,0.3045356702374326
9,8,0.4302985675792205
