siteNum=10
demandLowerBound=0
demandUpperBound=1000
fixedCostLowerBound=500
fixedCostUpperBound=1500
coordinateLowerBound=0
coordinateUpperBound=1
facilityFailProbility=0.05
Coordinate: index, x, y
0,0.674863673100639,0.09616245711439653
1,0.8509473402382538,0.9523079794232066
2,0.6852804889843931,0.6585874712729081
3,0.34821536515988993,0.8884119309427317
4,0.770410258613283,0.3550320673480053
5,0.6586437713634717,0.3684074884716122
6,0.9648019889382913,0.24073749488332452
7,0.2782537414153009,0.4973898678992026
8,0.027215698103612906,0.670822207094325
9,0.012860700809377734,0.8457869305076804
Demand:index, demand
0,276
1,200
2,894
3,207
4,393
5,279
6,493
7,295
8,524
9,586
Fixcost:index, fixedCost
0,601
1,749
2,1131
3,1007
4,1034
5,1398
6,1326
7,1260
8,1106
9,595
TransCost:start_index, end_index, transCost
0,1,0.8740655657340903
0,2,0.5625214721273828
0,3,0.8569471079721481
0,4,0.27593953161086854
0,5,0.2727277806000971
0,6,0.3239848276334266
0,7,0.5641656432968317
0,8,0.8658416297249414
0,9,1.0000923889484523
1,0,0.8740655657340903
1,2,0.3372198726534935
1,3,0.5067762265316041
1,4,0.602681289457314
1,5,0.6147523452053607
1,6,0.7206215619164691
1,7,0.7313880271957912
1,8,0.8704987411119094
1,9,0.8448289466224811
2,0,0.5625214721273828
2,1,0.3372198726534935
2,3,0.40796100299091587
2,4,0.31526649192243494
2,5,0.29139996078273084
2,6,0.5027234545008346
2,7,0.4377846965919434
2,8,0.6581785151139353
2,9,0.6979914104536844
3,0,0.8569471079721481
3,1,0.5067762265316041
3,2,0.40796100299091587
3,4,0.680251870226353
3,5,0.605615732596005
3,6,0.8942377982099163
3,7,0.39723152264617306
3,8,0.387796433937532
3,9,0.3380527200951544
4,0,0.27593953161086854
4,1,0.602681289457314
4,2,0.31526649192243494
4,3,0.680251870226353
4,5,0.11256397986210359
4,6,0.22550253682305857
4,7,0.5123317097332764
4,8,0.8075032923351841
4,9,0.9026193373974235
5,0,0.2727277806000971
5,1,0.6147523452053607
5,2,0.29139996078273084
5,3,0.605615732596005
5,4,0.11256397986210359
5,6,0.331711443051674
5,7,0.401662830103525
5,8,0.7001114723673025
5,9,0.8030734125177733
6,0,0.3239848276334266
6,1,0.7206215619164691
6,2,0.5027234545008346
6,3,0.8942377982099163
6,4,0.22550253682305857
6,5,0.331711443051674
6,7,0.7329522063215108
6,8,1.0315235879216478
6,9,1.127952585702913
7,0,0.5641656432968317
7,1,0.7313880271957912
7,2,0.4377846965919434
7,3,0.39723152264617306
7,4,0.5123317097332764
7,5,0.401662830103525
7,6,0.7329522063215108
7,8,0.3051210832906388
7,9,0.4379657283809691
8,0,0.8658416297249414
8,1,0.8704987411119094
8,2,0.6581785151139353
8,3,0.387796433937532
8,4,0.8075032923351841
8,5,0.7001114723673025
8,6,1.0315235879216478
8,7,0.3051210832906388
8,9,0.17555261429676697
9,0,1.0000923889484523
9,1,0.8448289466224811
9,2,0.6979914104536844
9,3,0.3380527200951544
9,4,0.9026193373974235
9,5,0.8030734125177733
9,6,1.127952585702913
9,7,0.4379657283809691
9,8,0.17555261429676697
