siteNum=10
demandLowerBound=0
demandUpperBound=1000
fixedCostLowerBound=500
fixedCostUpperBound=1500
coordinateLowerBound=0
coordinateUpperBound=1
facilityFailProbility=0.05
Coordinate: index, x, y
0,0.3534960285424339,0.7428596715841389
1,0.5047457120981311,0.9328319810081971
2,0.9278404833516287,0.7612790073529263
3,0.348143266727974,0.8049408305026676
4,0.04115744598619353,0.3135790603681162
5,0.6356436220743293,0.2941373911778481
6,0.9295395312816986,0.24640973797480126
7,0.09235082132045414,0.626922045382139
8,0.07820649796553103,0.9108066078130257
9,0.010339111069353146,0.850147652780176
Demand:index, demand
0,964
1,878
2,514
3,454
4,410
5,790
6,61
7,57
8,245
9,491
Fixcost:index, fixedCost
0,1302
1,537
2,1045
3,511
4,640
5,1497
6,606
7,1474
8,907
9,1144
TransCost:start_index, end_index, transCost
0,1,0.2428290450576468
0,2,0.5746397347036094
0,3,0.06231149453920968
0,4,0.5308834460776145
0,5,0.5300556097890688
0,6,0.7604529266357235
0,7,0.2857242594257012
0,8,0.32247557897292206
0,9,0.35953773226011754
1,0,0.2428290450576468
1,2,0.45655186806321957
1,3,0.20218919920099845
1,4,0.7735555960614228
1,5,0.6519701234831966
1,6,0.8072331042193202
1,7,0.5134690201504577
1,8,0.4271075019912934
1,9,0.501272964835875
2,0,0.5746397347036094
2,1,0.45655186806321957
2,3,0.5813391589786222
2,4,0.9932985710660192
2,5,0.5509993605286393
2,6,0.514872072765491
2,7,0.8462238288957514
2,8,0.8626913772737147
2,9,0.9217952073426793
3,0,0.06231149453920968
3,1,0.20218919920099845
3,2,0.5813391589786222
3,4,0.5793761155642027
3,5,0.5861540820896373
3,6,0.8062125016131892
3,7,0.3116415617072729
3,8,0.2899541721297263
3,9,0.3408156457099116
4,0,0.5308834460776145
4,1,0.7735555960614228
4,2,0.9932985710660192
4,3,0.5793761155642027
4,5,0.5948039946577341
4,6,0.8909177556569221
4,7,0.31749738256497895
4,8,0.5983756142086919
4,9,0.5374529041042626
5,0,0.5300556097890688
5,1,0.6519701234831966
5,2,0.5509993605286393
5,3,0.5861540820896373
5,4,0.5948039946577341
5,6,0.2977460903674414
5,7,0.6371127792038546
5,8,0.8312743651046455
5,9,0.8367515416718763
6,0,0.7604529266357235
6,1,0.8072331042193202
6,2,0.514872072765491
6,3,0.8062125016131892
6,4,0.8909177556569221
6,5,0.2977460903674414
6,7,0.9196056503605385
6,8,1.079903298571746
6,9,1.0997403704020756
7,0,0.2857242594257012
7,1,0.5134690201504577
7,2,0.8462238288957514
7,3,0.3116415617072729
7,4,0.31749738256497895
7,5,0.6371127792038546
7,6,0.9196056503605385
7,8,0.2842367088708716
7,9,0.2378141972560366
8,0,0.32247557897292206
8,1,0.4271075019912934
8,2,0.8626913772737147
8,3,0.2899541721297263
8,4,0.5983756142086919
8,5,0.8312743651046455
8,6,1.079903298571746
8,7,0.2842367088708716
8,9,0.09102467264315087
9,0,0.35953773226011754
9,1,0.501272964835875
9,2,0.9217952073426793
9,3,0.3408156457099116
9,4,0.5374529041042626
9,5,0.8367515416718763
9,6,1.0997403704020756
9,7,0.2378141972560366
9,8,0.09102467264315087
