siteNum=10
demandLowerBound=0
demandUpperBound=1000
fixedCostLowerBound=500
fixedCostUpperBound=1500
coordinateLowerBound=0
coordinateUpperBound=1
facilityFailProbility=0.05
Coordinate: index, x, y
0,0.8620326257730304,0.8984979010084435
1,0.3464098905707387,0.984324413836375
2,0.4100306301527712,0.28348162625407847
3,0.34423952656501644,0.9329899098620456
4,0.01660504151068143,0.5037331759330284
5,0.11323108299215234,0.251566544499755
6,0.06097343286870316,0.8028563594633752
7,0.7182045945122784,0.6825354942329818
8,0.9930716553583394,0.7027989485834362
9,0.5653833763658583,0.0922558309041509
Demand:index, demand
0,311
1,824
2,971
3,795
4,279
5,88
6,991
7,243
8,538
9,896
Fixcost:index, fixedCost
0,696
1,1162
2,960
3,653
4,782
5,1281
6,1280
7,929
8,1300
9,1122
TransCost:start_index, end_index, transCost
0,1,0.5227169361726247
0,2,0.7632501701653486
0,3,0.518940644257315
0,4,0.9330525110600899
0,5,0.9895574417411023
0,6,0.8067484955087609
0,7,0.25947305007764077
0,8,0.23551922905551634
0,9,0.859085009053175
1,0,0.5227169361726247
1,2,0.7037245280726606
1,3,0.051380363741489646
1,4,0.5828714921944615
1,5,0.7689645319379266
1,6,0.3382375291764767
1,7,0.4788609964012109
1,8,0.7052857758555023
1,9,0.9185508936014225
2,0,0.7632501701653486
2,1,0.7037245280726606
2,3,0.6528318924399007
2,4,0.4508818458691299
2,5,0.29851054192127546
2,6,0.6257723551516453
2,7,0.5041975623284773
2,8,0.718167009739533
2,9,0.24637731341006266
3,0,0.518940644257315
3,1,0.051380363741489646
3,2,0.6528318924399007
3,4,0.5400052772151642
3,5,0.7195156036276259
3,6,0.31172811996567107
3,7,0.4500858655333403
3,8,0.6884555250768531
3,9,0.8693321539123678
4,0,0.9330525110600899
4,1,0.5828714921944615
4,2,0.4508818458691299
4,3,0.5400052772151642
4,5,0.2700455552324149
4,6,0.3023958218577567
4,7,0.7240250008124571
4,8,0.9965511676778143
4,9,0.6859090801836892
5,0,0.9895574417411023
5,1,0.7689645319379266
5,2,0.29851054192127546
5,3,0.7195156036276259
5,4,0.2700455552324149
5,6,0.5537610694866942
5,7,0.7427834040116625
5,8,0.9888023641136777
5,9,0.47939712125694134
6,0,0.8067484955087609
6,1,0.3382375291764767
6,2,0.6257723551516453
6,3,0.31172811996567107
6,4,0.3023958218577567
6,5,0.5537610694866942
6,7,0.6681541068085669
6,8,0.9374532424821711
6,9,0.8714255575133497
7,0,0.25947305007764077
7,1,0.4788609964012109
7,2,0.5041975623284773
7,3,0.4500858655333403
7,4,0.7240250008124571
7,5,0.7427834040116625
7,6,0.6681541068085669
7,8,0.275612969071423
7,9,0.6097412612373823
8,0,0.23551922905551634
8,1,0.7052857758555023
8,2,0.718167009739533
8,3,0.6884555250768531
8,4,0.9965511676778143
8,5,0.9888023641136777
8,6,0.9374532424821711
8,7,0.275612969071423
8,9,0.7454395767150358
9,0,0.859085009053175
9,1,0.9185508936014225
9,2,0.24637731341006266
9,3,0.8693321539123678
9,4,0.6859090801836892
9,5,0.47939712125694134
9,6,0.8714255575133497
9,7,0.6097412612373823
9,8,0.7454395767150358
