siteNum=30
demandLowerBound=0
demandUpperBound=1000
fixedCostLowerBound=500
fixedCostUpperBound=1500
coordinateLowerBound=0
coordinateUpperBound=1
facilityFailProbility=0.05
Coordinate: index, x, y
0,0.2994901840654963,0.14000987866630787
1,0.7485459551662259,0.6228457900034899
2,0.9100136685141001,0.9038749265165719
3,0.4623162241490403,0.531204116478993
4,0.7844735291299357,0.09182593987715226
5,0.08490444612244319,0.4700971038302527
6,0.48515129305030835,0.37018884441217215
7,0.0065218110001916685,0.20953882175277805
8,0.09769746353510522,0.6569369442116494
9,0.8098702878542557,0.5223083490093103
10,0.0348002453561459,0.934291165789905
11,0.09816081091339335,0.7712287366629411
12,0.28463792822595213,0.9015729872199826
13,0.9395093725359134,0.42461765911854243
14,0.7684224072731758,0.1446005338515033
15,0.4283277171570594,0.0481015155344674
16,0.4888834286166609,0.2273880167617751
17,0.53802907043635,0.8824437020164493
18,0.7554897916291881,0.13547267315220934
19,0.8986227138080025,0.043268702866446684
20,0.03086016366308919,0.914833356651764
21,0.17100778959132878,0.1393369861358058
22,0.8952277918473903,0.4896608400743363
23,0.8248180493537665,0.05088228767006753
24,0.9270663062968143,0.8279256506050808
25,0.9879632057856482,0.6494779733152508
26,0.7862513252130194,0.9328845485325272
27,0.9031753375237813,0.7464360059712062
28,0.3663530375576267,0.7897480971942539
29,0.24672489781253149,0.963394582320082
Demand:index, demand
0,175
1,971
2,123
3,956
4,410
5,982
6,867
7,588
8,69
9,580
10,767
11,569
12,598
13,162
14,299
15,392
16,117
17,31
18,772
19,364
20,516
21,915
22,802
23,659
24,543
25,292
26,178
27,284
28,972
29,778
Fixcost:index, fixedCost
0,629
1,1435
2,1452
3,564
4,639
5,1490
6,746
7,716
8,635
9,1262
10,1499
11,1350
12,934
13,832
14,1075
15,1032
16,599
17,849
18,1139
19,971
20,1241
21,588
22,615
23,794
24,1076
25,1190
26,1094
27,1074
28,591
29,809
TransCost:start_index, end_index, transCost
0,1,0.659379710664256
0,2,0.9778694884239668
0,3,0.42372780299047585
0,4,0.48737104648012297
0,5,0.3937062548969695
0,6,0.2957235257149928
0,7,0.3011058643455041
0,8,0.5549179156887749
0,9,0.6376832840603746
0,10,0.8372237017241436
0,11,0.6625486874067389
0,12,0.7617079215903294
0,13,0.7004471074280189
0,14,0.4689546929901931
0,15,0.15826009334855667
0,16,0.2085778993533298
0,17,0.7798132996848387
0,18,0.45602217964932146
0,19,0.6068926126513609
0,20,0.8200692104321905
0,21,0.12848415651033868
0,22,0.6907670317402621
0,23,0.5328349589930488
0,24,0.9311712508862245
0,25,0.8564769939126801
0,26,0.9303690937723077
0,27,0.8556800876402173
0,28,0.6531694985170228
0,29,0.8250736607384644
1,0,0.659379710664256
1,2,0.32411294022775416
1,3,0.30054226864875583
1,4,0.5322338506700941
1,5,0.6809935489074469
1,6,0.3649825751822852
1,7,0.8493659285195814
1,8,0.6517407198063885
1,9,0.11776438689727176
1,10,0.7787369006095938
1,11,0.6670969455215031
1,12,0.5412019104990109
1,13,0.27524792214955834
1,14,0.47865812265147994
1,15,0.65792910027496
1,16,0.4730871781304151
1,17,0.33422811772479594
1,18,0.4874225804106293
1,19,0.5986924364134576
1,20,0.7748094181169097
1,21,0.7532138448761918
1,22,0.1981256977269505
1,23,0.5770265854822185
1,24,0.2718956877042306
1,25,0.24089394571494424
1,26,0.31232311269035523
1,27,0.19795147731508803
1,28,0.4170465278788131
1,29,0.6064633983612442
2,0,0.9778694884239668
2,1,0.32411294022775416
2,3,0.5825088276971183
2,4,0.8216957364491456
2,5,0.9321847608335209
2,6,0.6821501831097607
2,7,1.1394736341717129
2,8,0.8490206027984849
2,9,0.3944892264189068
2,10,0.8757417905338291
2,11,0.8226178177483873
2,12,0.6253799768664443
2,13,0.4801640604101568
2,14,0.7723637022910285
2,15,0.9820231599502546
2,16,0.7968595974358778
2,17,0.3726014473813004
2,18,0.7837854626764734
2,19,0.8606816054932542
2,20,0.8792217992536607
2,21,1.0633193082814218
2,22,0.4144779023735511
2,23,0.8572366857819581
2,24,0.07784012440141808
2,25,0.26607130653071853
2,26,0.1271167801231732
2,27,0.15758736140066285
2,28,0.5555104092842512
2,29,0.6659538893690512
3,0,0.42372780299047585
3,1,0.30054226864875583
3,2,0.5825088276971183
3,4,0.5448288825186418
3,5,0.3823267152424098
3,6,0.1626264376123329
3,7,0.5578683616132089
3,8,0.3856884553124347
3,9,0.3476678902010993
3,10,0.5875790001739546
3,11,0.4361433059021694
3,12,0.41078300507212845
3,13,0.4889519135457263
3,14,0.4931159350976574
3,15,0.4842967495729344
3,16,0.3049754724573877
3,17,0.3593072244492863
3,18,0.4924978334028853
3,19,0.6545565833262795
3,20,0.5773436810476013
3,21,0.4882831677294119
3,22,0.43490029807011726
3,23,0.6017612753468842
3,24,0.5513948745413778
3,25,0.5387888774971139
3,26,0.5160243397321916
3,27,0.4905930330731889
3,28,0.2757787576026689
3,29,0.48297848684540035
4,0,0.48737104648012297
4,1,0.5322338506700941
4,2,0.8216957364491456
4,3,0.5448288825186418
4,5,0.7952898687763961
4,6,0.408753847239241
4,7,0.7868069638103655
4,8,0.8893884480326124
4,9,0.43123091253518464
4,10,1.1277223458264904
4,11,0.9657190623914031
4,12,0.9515912508064995
4,13,0.36713272959005316
4,14,0.05516154713220219
4,15,0.3588198220136654
4,16,0.32519314908331065
4,17,0.828137257361921
4,18,0.05239364813692803
4,19,0.12404773931346444
4,20,1.1159185959003848
4,21,0.6153027816483864
4,22,0.41296381745255883
4,23,0.057480979185690645
4,24,0.7497836249438254
4,25,0.593619271000439
4,26,0.8410604875704412
4,27,0.665285245550832
4,28,0.8135847117214202
4,29,1.0241120490325035
5,0,0.3937062548969695
5,1,0.6809935489074469
5,2,0.9321847608335209
5,3,0.3823267152424098
5,4,0.7952898687763961
5,6,0.4125278157599175
5,7,0.2720927339123058
5,8,0.1872773004084223
5,9,0.7268435084673063
5,10,0.4668903062744299
5,11,0.30142327630750715
5,12,0.4754628290625257
5,13,0.8558142088920108
5,14,0.757063286841718
5,15,0.5440770346460337
5,16,0.471281995457791
5,17,0.6126594830697945
5,18,0.7494386000300525
5,19,0.9188688170976894
5,20,0.44800794528698445
5,21,0.34178361753273845
5,22,0.8105594761661233
5,23,0.8504194273033618
5,24,0.9150288889534267
5,25,0.9207022427156568
5,26,0.8402735648490628
5,27,0.8636726466383012
5,28,0.42589912793928275
5,29,0.5191611126323001
6,0,0.2957235257149928
6,1,0.3649825751822852
6,2,0.6821501831097607
6,3,0.1626264376123329
6,4,0.408753847239241
6,5,0.4125278157599175
6,7,0.5048708853439925
6,8,0.4820217243492321
6,9,0.3585843962937662
6,10,0.7218223432001649
6,11,0.5573101725619858
6,12,0.5679566151571587
6,13,0.45760655618575635
6,14,0.3621223688405365
6,15,0.32706141044285636
6,16,0.14284958947621806
6,17,0.514976794118401
6,18,0.3580147830255325
6,19,0.5271009341024386
6,20,0.7092376716958978
6,21,0.3898444833970765
6,22,0.4271256169011329
6,23,0.46618685365013424
6,24,0.636248271256075
6,25,0.5751714849607997
6,26,0.6381909469773822
6,27,0.5624109070236725
6,28,0.4360538866965449
6,29,0.6393279232388872
7,0,0.3011058643455041
7,1,0.8493659285195814
7,2,1.1394736341717129
7,3,0.5578683616132089
7,4,0.7868069638103655
7,5,0.2720927339123058
7,6,0.5048708853439925
7,8,0.4565939986409048
7,9,0.8620867429928495
7,10,0.7253038191247404
7,11,0.5691162155631115
7,12,0.7458283051980685
7,13,0.9574574122450465
7,14,0.7646629975594984
7,15,0.4516439153889278
7,16,0.4826917483363954
7,17,0.8574969065343626
7,18,0.7526213060869312
7,19,0.9074633729385368
7,20,0.7057143447378128
7,21,0.17884052917914442
7,22,0.9318082772449088
7,23,0.8335350199666172
7,24,1.108965480941098
7,25,1.0755341317112772
7,26,1.0635822280318037
7,27,1.0451057999307374
7,28,0.682730777769796
7,29,0.7911991093616605
8,0,0.5549179156887749
8,1,0.6517407198063885
8,2,0.8490206027984849
8,3,0.3856884553124347
8,4,0.8893884480326124
8,5,0.1872773004084223
8,6,0.4820217243492321
8,7,0.4565939986409048
8,9,0.7247861687041709
8,10,0.2843965968184777
8,11,0.11429273166970029
8,12,0.3078855808211954
8,13,0.8732809057581399
8,14,0.8440145422521805
8,15,0.6928181174180174
8,16,0.5809808433589918
8,17,0.49471731509202804
8,18,0.839413922264211
8,19,1.0089945326712217
8,20,0.26641656142902137
8,21,0.522765837164772
8,22,0.8148839914940399
8,23,0.9465762478728313
8,24,0.8468115581745419
8,25,0.8902969886907086
8,26,0.7417907391994052
8,27,0.8104348755706152
8,28,0.299690873751503
8,29,0.3407718593462665
9,0,0.6376832840603746
9,1,0.11776438689727176
9,2,0.3944892264189068
9,3,0.3476678902010993
9,4,0.43123091253518464
9,5,0.7268435084673063
9,6,0.3585843962937662
9,7,0.8620867429928495
9,8,0.7247861687041709
9,10,0.8777604525726224
9,11,0.753983911603603
9,12,0.6478508295879444
9,13,0.16232610131593803
9,14,0.37997515765632306
9,15,0.6086434540586652
9,16,0.4359020144209156
9,17,0.45121515928969597
9,18,0.39063932019895886
9,19,0.4871919290067882
9,20,0.8723145391526184
9,21,0.7448572725481962
9,22,0.09138798240248656
9,23,0.4716629801920835
9,24,0.32731764659649604
9,25,0.21883601340600167
9,26,0.4112549951200308
9,27,0.24277363717887882
9,28,0.5179107743809822
9,29,0.715324958002676
10,0,0.8372237017241436
10,1,0.7787369006095938
10,2,0.8757417905338291
10,3,0.5875790001739546
10,4,1.1277223458264904
10,5,0.4668903062744299
10,6,0.7218223432001649
10,7,0.7253038191247404
10,8,0.2843965968184777
10,9,0.8777604525726224
10,11,0.17493975265936662
10,12,0.2519709248915184
10,13,1.0383957281330949
10,14,1.0778741905376013
10,15,0.9696370286255953
10,16,0.8401806945091567
10,17,0.5058926861413816
10,18,1.0758737873408775
10,19,1.2410117994751075
10,20,0.019852722236617416
10,21,0.8065386803223396
10,22,0.9685203608117257
10,23,1.185132640920067
10,24,0.8985835221764917
10,25,0.9948056009805822
10,26,0.7514523963566621
10,27,0.8884620767188987
10,28,0.3616904100133779
10,29,0.2139136909421386
11,0,0.6625486874067389
11,1,0.6670969455215031
11,2,0.8226178177483873
11,3,0.4361433059021694
11,4,0.9657190623914031
11,5,0.30142327630750715
11,6,0.5573101725619858
11,7,0.5691162155631115
11,8,0.11429273166970029
11,9,0.753983911603603
11,10,0.17493975265936662
11,12,0.2275155795423219
11,13,0.9099487025216161
11,14,0.9175584516059216
11,15,0.7949359495679524
11,16,0.6696468417065164
11,17,0.4537100993523696
11,18,0.9144764410194104
11,19,1.0819727671206203
11,20,0.15859276150708804
11,21,0.6360769345658991
11,22,0.84533795164098
11,23,1.0231958506339007
11,24,0.8308422595940802
11,25,0.8980932859654088
11,26,0.7068247006014567
11,27,0.8053962177393807
11,28,0.2688308708963325
11,29,0.24289709786923921
12,0,0.7617079215903294
12,1,0.5412019104990109
12,2,0.6253799768664443
12,3,0.41078300507212845
12,4,0.9515912508064995
12,5,0.4754628290625257
12,6,0.5679566151571587
12,7,0.7458283051980685
12,8,0.3078855808211954
12,9,0.6478508295879444
12,10,0.2519709248915184
12,11,0.2275155795423219
12,13,0.8101499821495814
12,14,0.8983622417074797
12,15,0.8654827025562702
12,16,0.7044441772217193
12,17,0.25411218094197724
12,18,0.8992280959161809
12,19,1.0553025923714354
12,20,0.25412396814151794
12,21,0.7706591527743772
12,22,0.7365402898167778
12,23,1.0077049317942153
12,24,0.6466360267888167
12,25,0.7471401087413595
12,26,0.5025897073247068
12,27,0.6376958598359045
12,28,0.1384996935821659
12,29,0.07252108311277208
13,0,0.7004471074280189
13,1,0.27524792214955834
13,2,0.4801640604101568
13,3,0.4889519135457263
13,4,0.36713272959005316
13,5,0.8558142088920108
13,6,0.45760655618575635
13,7,0.9574574122450465
13,8,0.8732809057581399
13,9,0.16232610131593803
13,10,1.0383957281330949
13,11,0.9099487025216161
13,12,0.8101499821495814
13,14,0.3281468270845078
13,15,0.6348788003826316
13,16,0.49189762467132897
13,17,0.6089262012177771
13,18,0.3427360924480493
13,19,0.38353454250757585
13,20,1.0324508777143793
13,21,0.8197437071218147
13,22,0.07868591854405924
13,23,0.3909376260799172
13,24,0.4034998957798333
13,25,0.23002159650179702
13,26,0.5308702854217725
13,27,0.3238629501366963
13,28,0.679579591464534
13,29,0.8776279971561242
14,0,0.4689546929901931
14,1,0.47865812265147994
14,2,0.7723637022910285
14,3,0.4931159350976574
14,4,0.05516154713220219
14,5,0.757063286841718
14,6,0.3621223688405365
14,7,0.7646629975594984
14,8,0.8440145422521805
14,9,0.37997515765632306
14,10,1.0778741905376013
14,11,0.9175584516059216
14,12,0.8983622417074797
14,13,0.3281468270845078
14,15,0.3535200967149235
14,16,0.2915404052870649
14,17,0.7729771215673151
14,18,0.015829415287395524
14,19,0.16498563510968742
14,20,1.066422366850022
14,21,0.5974378045909908
14,22,0.3676223884471806
14,23,0.10937814275716282
14,24,0.7014991816700237
14,25,0.5505446313342489
14,26,0.788485610595741
14,27,0.61673680586833
14,28,0.7601810024925296
14,29,0.9708717655720576
15,0,0.15826009334855667
15,1,0.65792910027496
15,2,0.9820231599502546
15,3,0.4842967495729344
15,4,0.3588198220136654
15,5,0.5440770346460337
15,6,0.32706141044285636
15,7,0.4516439153889278
15,8,0.6928181174180174
15,9,0.6086434540586652
15,10,0.9696370286255953
15,11,0.7949359495679524
15,12,0.8654827025562702
15,13,0.6348788003826316
15,14,0.3535200967149235
15,16,0.1892370040787687
15,17,0.841523185096431
15,18,0.3386277338854143
15,19,0.4703198273017998
15,20,0.9535221761904967
15,21,0.2730154871399799
15,22,0.6426276657862948
15,23,0.39650008350456273
15,24,0.9256704931754839
15,25,0.8214898198429009
15,26,0.9544371769189642
15,27,0.8444828731842215
15,28,0.7442314915394932
15,29,0.9331350288675787
16,0,0.2085778993533298
16,1,0.4730871781304151
16,2,0.7968595974358778
16,3,0.3049754724573877
16,4,0.32519314908331065
16,5,0.471281995457791
16,6,0.14284958947621806
16,7,0.4826917483363954
16,8,0.5809808433589918
16,9,0.4359020144209156
16,10,0.8401806945091567
16,11,0.6696468417065164
16,12,0.7044441772217193
16,13,0.49189762467132897
16,14,0.2915404052870649
16,15,0.1892370040787687
16,17,0.65689667748767
16,18,0.28200599849937935
16,19,0.44920619272044554
16,20,0.8260547237170138
16,21,0.3298452756673326
16,22,0.48363496087207025
16,23,0.37948167519918297
16,24,0.7434041188708713
16,25,0.6536364091774273
16,26,0.7656063102317682
16,27,0.6641149003660883
16,28,0.5755541302059293
16,29,0.7748202492101951
17,0,0.7798132996848387
17,1,0.33422811772479594
17,2,0.3726014473813004
17,3,0.3593072244492863
17,4,0.828137257361921
17,5,0.6126594830697945
17,6,0.514976794118401
17,7,0.8574969065343626
17,8,0.49471731509202804
17,9,0.45121515928969597
17,10,0.5058926861413816
17,11,0.4537100993523696
17,12,0.25411218094197724
17,13,0.6089262012177771
17,14,0.7729771215673151
17,15,0.841523185096431
17,16,0.65689667748767
17,18,0.777981287194114
17,19,0.913368739797049
17,20,0.5082021150339493
17,21,0.8288016721629098
17,22,0.5309136494884258
17,23,0.8796262298603021
17,24,0.3928386294849874
17,25,0.5066692776375937
17,26,0.25329541402021544
17,27,0.3896535509287975
17,28,0.19510288418762312
17,29,0.3023427955317945
18,0,0.45602217964932146
18,1,0.4874225804106293
18,2,0.7837854626764734
18,3,0.4924978334028853
18,4,0.05239364813692803
18,5,0.7494386000300525
18,6,0.3580147830255325
18,7,0.7526213060869312
18,8,0.839413922264211
18,9,0.39063932019895886
18,10,1.0758737873408775
18,11,0.9144764410194104
18,12,0.8992280959161809
18,13,0.3427360924480493
18,14,0.015829415287395524
18,15,0.3386277338854143
18,16,0.28200599849937935
18,17,0.777981287194114
18,19,0.1702604051090692
18,20,1.0641856852594758
18,21,0.5844947763847161
18,22,0.38075709618159287
18,23,0.10937065710300416
18,24,0.7133930377911163
18,25,0.564132375320952
18,26,0.7980049943114297
18,27,0.6285596348123862
18,28,0.7612514327571068
18,29,0.9717491470850124
19,0,0.6068926126513609
19,1,0.5986924364134576
19,2,0.8606816054932542
19,3,0.6545565833262795
19,4,0.12404773931346444
19,5,0.9188688170976894
19,6,0.5271009341024386
19,7,0.9074633729385368
19,8,1.0089945326712217
19,9,0.4871919290067882
19,10,1.2410117994751075
19,11,1.0819727671206203
19,12,1.0553025923714354
19,13,0.38353454250757585
19,14,0.16498563510968742
19,15,0.4703198273017998
19,16,0.44920619272044554
19,17,0.913368739797049
19,18,0.1702604051090692
19,20,1.2298929990702132
19,21,0.7339295558792803
19,22,0.4464050466293431
19,23,0.07419632853965419
19,24,0.7851723145833526
19,25,0.6127572138170868
19,26,0.8966848285963916
19,27,0.7031820408246489
19,28,0.9168110461876481
19,29,1.1276534913438572
20,0,0.8200692104321905
20,1,0.7748094181169097
20,2,0.8792217992536607
20,3,0.5773436810476013
20,4,1.1159185959003848
20,5,0.44800794528698445
20,6,0.7092376716958978
20,7,0.7057143447378128
20,8,0.26641656142902137
20,9,0.8723145391526184
20,10,0.019852722236617416
20,11,0.15859276150708804
20,12,0.25412396814151794
20,13,1.0324508777143793
20,14,1.066422366850022
20,15,0.9535221761904967
20,16,0.8260547237170138
20,17,0.5082021150339493
20,18,1.0641856852594758
20,19,1.2298929990702132
20,21,0.7880583593470385
20,22,0.963277252667028
20,23,1.173362933556803
20,24,0.9004101284774164
20,25,0.9932067824506259
20,26,0.7556068107660683
20,27,0.8884207506940843
20,28,0.358052776232176
20,29,0.22125952202745694
21,0,0.12848415651033868
21,1,0.7532138448761918
21,2,1.0633193082814218
21,3,0.4882831677294119
21,4,0.6153027816483864
21,5,0.34178361753273845
21,6,0.3898444833970765
21,7,0.17884052917914442
21,8,0.522765837164772
21,9,0.7448572725481962
21,10,0.8065386803223396
21,11,0.6360769345658991
21,12,0.7706591527743772
21,13,0.8197437071218147
21,14,0.5974378045909908
21,15,0.2730154871399799
21,16,0.3298452756673326
21,17,0.8288016721629098
21,18,0.5844947763847161
21,19,0.7339295558792803
21,20,0.7880583593470385
21,22,0.8045007236206283
21,23,0.6597666931963836
21,24,1.022633282031481
21,25,0.9631510675120764
21,26,1.0041127137478427
21,27,0.9511248804076802
21,28,0.6791129355941464
21,29,0.8275288528543213
22,0,0.6907670317402621
22,1,0.1981256977269505
22,2,0.4144779023735511
22,3,0.43490029807011726
22,4,0.41296381745255883
22,5,0.8105594761661233
22,6,0.4271256169011329
22,7,0.9318082772449088
22,8,0.8148839914940399
22,9,0.09138798240248656
22,10,0.9685203608117257
22,11,0.84533795164098
22,12,0.7365402898167778
22,13,0.07868591854405924
22,14,0.3676223884471806
22,15,0.6426276657862948
22,16,0.48363496087207025
22,17,0.5309136494884258
22,18,0.38075709618159287
22,19,0.4464050466293431
22,20,0.963277252667028
22,21,0.8045007236206283
22,23,0.44439188773874355
22,24,0.33975987556765247
22,25,0.18477384305048228
22,26,0.45642428289864634
22,27,0.2568981302065925
22,28,0.60807965564621
22,29,0.8031062582957165
23,0,0.5328349589930488
23,1,0.5770265854822185
23,2,0.8572366857819581
23,3,0.6017612753468842
23,4,0.057480979185690645
23,5,0.8504194273033618
23,6,0.46618685365013424
23,7,0.8335350199666172
23,8,0.9465762478728313
23,9,0.4716629801920835
23,10,1.185132640920067
23,11,1.0231958506339007
23,12,1.0077049317942153
23,13,0.3909376260799172
23,14,0.10937814275716282
23,15,0.39650008350456273
23,16,0.37948167519918297
23,17,0.8796262298603021
23,18,0.10937065710300416
23,19,0.07419632853965419
23,20,1.173362933556803
23,21,0.6597666931963836
23,22,0.44439188773874355
23,24,0.7837417265459625
23,25,0.6204298001709865
23,26,0.8828450489057743
23,27,0.6999534553467812
23,28,0.8695474981420311
23,29,1.0802177464503682
24,0,0.9311712508862245
24,1,0.2718956877042306
24,2,0.07784012440141808
24,3,0.5513948745413778
24,4,0.7497836249438254
24,5,0.9150288889534267
24,6,0.636248271256075
24,7,1.108965480941098
24,8,0.8468115581745419
24,9,0.32731764659649604
24,10,0.8985835221764917
24,11,0.8308422595940802
24,12,0.6466360267888167
24,13,0.4034998957798333
24,14,0.7014991816700237
24,15,0.9256704931754839
24,16,0.7434041188708713
24,17,0.3928386294849874
24,18,0.7133930377911163
24,19,0.7851723145833526
24,20,0.9004101284774164
24,21,1.022633282031481
24,22,0.33975987556765247
24,23,0.7837417265459625
24,25,0.18855239562914192
24,26,0.17562809898126672
24,27,0.08491961240767183
24,28,0.5620114725916375
24,29,0.6936975303101356
25,0,0.8564769939126801
25,1,0.24089394571494424
25,2,0.26607130653071853
25,3,0.5387888774971139
25,4,0.593619271000439
25,5,0.9207022427156568
25,6,0.5751714849607997
25,7,1.0755341317112772
25,8,0.8902969886907086
25,9,0.21883601340600167
25,10,0.9948056009805822
25,11,0.8980932859654088
25,12,0.7471401087413595
25,13,0.23002159650179702
25,14,0.5505446313342489
25,15,0.8214898198429009
25,16,0.6536364091774273
25,17,0.5066692776375937
25,18,0.564132375320952
25,19,0.6127572138170868
25,20,0.9932067824506259
25,21,0.9631510675120764
25,22,0.18477384305048228
25,23,0.6204298001709865
25,24,0.18855239562914192
25,26,0.347860560628152
25,27,0.12880156327042389
25,28,0.6372400716350943
25,29,0.8049707240738269
26,0,0.9303690937723077
26,1,0.31232311269035523
26,2,0.1271167801231732
26,3,0.5160243397321916
26,4,0.8410604875704412
26,5,0.8402735648490628
26,6,0.6381909469773822
26,7,1.0635822280318037
26,8,0.7417907391994052
26,9,0.4112549951200308
26,10,0.7514523963566621
26,11,0.7068247006014567
26,12,0.5025897073247068
26,13,0.5308702854217725
26,14,0.788485610595741
26,15,0.9544371769189642
26,16,0.7656063102317682
26,17,0.25329541402021544
26,18,0.7980049943114297
26,19,0.8966848285963916
26,20,0.7556068107660683
26,21,1.0041127137478427
26,22,0.45642428289864634
26,23,0.8828450489057743
26,24,0.17562809898126672
26,25,0.347860560628152
26,27,0.220077903657064
26,28,0.44362440834296396
26,29,0.5403884047842364
27,0,0.8556800876402173
27,1,0.19795147731508803
27,2,0.15758736140066285
27,3,0.4905930330731889
27,4,0.665285245550832
27,5,0.8636726466383012
27,6,0.5624109070236725
27,7,1.0451057999307374
27,8,0.8104348755706152
27,9,0.24277363717887882
27,10,0.8884620767188987
27,11,0.8053962177393807
27,12,0.6376958598359045
27,13,0.3238629501366963
27,14,0.61673680586833
27,15,0.8444828731842215
27,16,0.6641149003660883
27,17,0.3896535509287975
27,18,0.6285596348123862
27,19,0.7031820408246489
27,20,0.8884207506940843
27,21,0.9511248804076802
27,22,0.2568981302065925
27,23,0.6999534553467812
27,24,0.08491961240767183
27,25,0.12880156327042389
27,26,0.220077903657064
27,28,0.5385667265873986
27,29,0.691374141582128
28,0,0.6531694985170228
28,1,0.4170465278788131
28,2,0.5555104092842512
28,3,0.2757787576026689
28,4,0.8135847117214202
28,5,0.42589912793928275
28,6,0.4360538866965449
28,7,0.682730777769796
28,8,0.299690873751503
28,9,0.5179107743809822
28,10,0.3616904100133779
28,11,0.2688308708963325
28,12,0.1384996935821659
28,13,0.679579591464534
28,14,0.7601810024925296
28,15,0.7442314915394932
28,16,0.5755541302059293
28,17,0.19510288418762312
28,18,0.7612514327571068
28,19,0.9168110461876481
28,20,0.358052776232176
28,21,0.6791129355941464
28,22,0.60807965564621
28,23,0.8695474981420311
28,24,0.5620114725916375
28,25,0.6372400716350943
28,26,0.44362440834296396
28,27,0.5385667265873986
28,29,0.21086487051053926
29,0,0.8250736607384644
29,1,0.6064633983612442
29,2,0.6659538893690512
29,3,0.48297848684540035
29,4,1.0241120490325035
29,5,0.5191611126323001
29,6,0.6393279232388872
29,7,0.7911991093616605
29,8,0.3407718593462665
29,9,0.715324958002676
29,10,0.2139136909421386
29,11,0.24289709786923921
29,12,0.07252108311277208
29,13,0.8776279971561242
29,14,0.9708717655720576
29,15,0.9331350288675787
29,16,0.7748202492101951
29,17,0.3023427955317945
29,18,0.9717491470850124
29,19,1.1276534913438572
29,20,0.22125952202745694
29,21,0.8275288528543213
29,22,0.8031062582957165
29,23,1.0802177464503682
29,24,0.6936975303101356
29,25,0.8049707240738269
29,26,0.5403884047842364
29,27,0.691374141582128
29,28,0.21086487051053926
