siteNum=30
demandLowerBound=0
demandUpperBound=1000
fixedCostLowerBound=500
fixedCostUpperBound=1500
coordinateLowerBound=0
coordinateUpperBound=1
facilityFailProbility=0.05
Coordinate: index, x, y
0,0.7085554310639737,0.988440928382875
1,0.9081263890910206,0.033761899024798536
2,0.9725399450335376,0.8044102329664933
3,0.21515777705847539,0.11396510773899238
4,0.4036538329821804,0.9663037147797767
5,0.7309482479442687,0.37832372825516847
6,0.1737302739506026,0.29515757929089825
7,0.06471133098655546,0.3844684120471574
8,0.2629144094394317,0.7000424015612056
9,0.9149522370336878,0.44985385310828063
10,0.25639187783277206,0.9049359590962709
11,0.6260428844190128,0.8094203468862251
12,0.248171115015547,0.8118544383113948
13,0.6744580850679286,0.2754731031391402
14,0.0247512184867541,0.9340926996620736
15,0.5986737753989513,0.8386991187879914
16,0.24203100201051098,0.027051880161077957
17,0.5082252158365694,0.7169328749725619
18,0.8463359512907164,0.8565515023454805
19,0.6441246652246896,0.3993816002250685
20,0.13165261079154245,0.0996807261919187
21,0.709797492390426,0.16084187467070088
22,0.025668028757008465,0.4804092215949072
23,0.37504918442251,0.23583924451321747
24,0.4670167557108853,0.7916972646924733
25,0.5873901386046381,0.9407411989444578
26,0.6376965576569312,0.7680932862490134
27,0.8332825862665,0.8260235022176002
28,0.5279798968040594,0.7402402532622012
29,0.9808768453322819,0.43310652653811677
Demand:index, demand
0,94
1,288
2,935
3,665
4,940
5,596
6,896
7,165
8,741
9,550
10,909
11,609
12,605
13,377
14,26
15,946
16,252
17,654
18,999
19,943
20,493
21,829
22,237
23,911
24,510
25,986
26,621
27,894
28,327
29,327
Fixcost:index, fixedCost
0,935
1,1131
2,1103
3,1157
4,713
5,1368
6,1307
7,585
8,810
9,646
10,1281
11,680
12,1409
13,1398
14,634
15,1268
16,593
17,794
18,1255
19,1169
20,1424
21,762
22,1105
23,594
24,723
25,1439
26,1335
27,1101
28,691
29,922
TransCost:start_index, end_index, transCost
0,1,0.9753156496149912
0,2,0.32179981428084126
0,3,1.0040663353926977
0,4,0.3057041719357795
0,5,0.6105279978342568
0,6,0.8756025073111257
0,7,0.8827899102806959
0,8,0.5308197720766199
0,9,0.5767804427746674
0,10,0.4598096984255795
0,11,0.1971210007919895
0,12,0.4930887414443191
0,13,0.7137827042151937
0,14,0.685960590051236
0,15,0.18573257062894735
0,16,1.06860373616438
0,17,0.33741490512381866
0,18,0.19073094257205675
0,19,0.5925725404339649
0,20,1.0595808421431536
0,21,0.827599985754969
0,22,0.8511353707439556
0,23,0.823186316159544
0,24,0.3115268863094268
0,25,0.13021632879656272
0,26,0.23146071661184237
0,27,0.20478350413807153
0,28,0.3069382652971306
0,29,0.6185105096450398
1,0,0.9753156496149912
1,2,0.7733356068333267
1,3,0.6975944752865842
1,4,1.06024846050281
1,5,0.38744670325452113
1,6,0.7795289318525099
1,7,0.913424336501749
1,8,0.9274848822196994
1,9,0.4161479381820208
1,10,1.0879807517168865
1,11,0.8253587894648242
1,12,1.020278865542895
1,13,0.3361921809016877
1,14,1.2613275714961099
1,15,0.8623716413942145
1,16,0.6661291834494909
1,17,0.7916081926987025
1,18,0.8251065322345706
1,19,0.4509708151423651
1,20,0.7792668478523617
1,21,0.23554972187765
1,22,0.9890533799964691
1,23,0.5700934657552558
1,24,0.8769513824554639
1,25,0.9620203702930717
1,26,0.7825438518013605
1,27,0.7957889435741515
1,28,0.8022611922585248
1,29,0.40591718417315437
2,0,0.32179981428084126
2,1,0.7733356068333267
2,3,1.0248620489202558
2,4,0.5914735056944962
2,5,0.4898124718701912
2,6,0.9473305420449941
2,7,1.0002519309851454
2,8,0.7172593986832547
2,9,0.3592026873658341
2,10,0.7231690506163211
2,11,0.3465332801564582
2,12,0.7244070803732178
2,13,0.6071468377176604
2,14,0.9566195755562521
2,15,0.37543526803980065
2,16,1.066737701833477
2,17,0.4724832863825474
2,18,0.13655094290809627
2,19,0.5214449053853263
2,20,1.0971486620359814
2,21,0.6951358343665353
2,22,1.0007712431934668
2,23,0.8247837158469361
2,24,0.5056830178138103
2,25,0.40856640302000324
2,26,0.33680708824001954
2,27,0.1409246088463341
2,28,0.44916747742578733
2,29,0.3713972890504738
3,0,1.0040663353926977
3,1,0.6975944752865842
3,2,1.0248620489202558
3,4,0.8729329093069049
3,5,0.5795906228518575
3,6,0.1858680977490248
3,7,0.30952571908858695
3,8,0.5880198043181357
3,9,0.776230336612628
3,10,0.7920449095622816
3,11,0.8077651645794185
3,12,0.6986697347172438
3,13,0.48686918727287803
3,14,0.8419405706940831
3,15,0.8199536009764592
3,16,0.0909729594293439
3,17,0.6704167748457581
3,18,0.9745873183464928
3,19,0.5152428217123065
3,20,0.08471809930263127
3,21,0.49685599449100226
3,22,0.4125380628390548
3,23,0.2010436951593215
3,24,0.7230171655615465
3,25,0.9067059258498432
3,26,0.7787314652885601
3,27,0.9429238765170334
3,28,0.7000558809853946
3,29,0.829564305350239
4,0,0.3057041719357795
4,1,1.06024846050281
4,2,0.5914735056944962
4,3,0.8729329093069049
4,5,0.6729354342125655
4,6,0.7094377902109553
4,7,0.6733604823309821
4,8,0.3011688434350792
4,9,0.7267368970997179
4,10,0.1595370955986626
4,11,0.2721567219831205
4,12,0.21915623328552242
4,13,0.7420120463493146
4,14,0.38026930032068396
4,15,0.2330573123900372
4,16,0.9530561097468964
4,17,0.2704089308033942
4,18,0.45608442859228987
4,19,0.615814018296585
4,20,0.908306153905252
4,21,0.8616801704041763
4,22,0.6156027344831496
4,23,0.7310243280774089
4,24,0.18574787317440228
4,25,0.18550598971359417
4,26,0.30669752354971835
4,27,0.45195066510088044
4,28,0.25799546270961876
4,29,0.7858025499674441
5,0,0.6105279978342568
5,1,0.38744670325452113
5,2,0.4898124718701912
5,3,0.5795906228518575
5,4,0.6729354342125655
5,6,0.5633901657600647
5,7,0.6662652524754855
5,8,0.5679424079423622
5,9,0.1974184053281782
5,10,0.7088894061028436
5,11,0.4436771685488186
5,12,0.6488625714592671
5,13,0.11734304235255373
5,14,0.8986620020860496
5,15,0.4790010817267443
5,16,0.6020232426035463
5,17,0.40529212091024974
5,18,0.4919513451500487
5,19,0.08934074371844182
5,20,0.6609063347473016
5,21,0.21850791999155136
5,22,0.7126300832320003
5,23,0.38336141110298927
5,24,0.49044623886744637
5,25,0.5804501202460958
5,26,0.4007694924519115
5,27,0.4592465616701571
5,28,0.4149454453753426
5,29,0.25586218708525454
6,0,0.8756025073111257
6,1,0.7795289318525099
6,2,0.9473305420449941
6,3,0.1858680977490248
6,4,0.7094377902109553
6,5,0.5633901657600647
6,7,0.14093102842388774
6,8,0.4145907974470106
6,9,0.7571927995495765
6,10,0.6153556802650302
6,11,0.6848743619990114
6,12,0.5220316876781554
6,13,0.5011145771455043
6,14,0.656073812166458
6,15,0.6899379570526997
6,16,0.2766688550585398
6,17,0.538313353163983
6,18,0.8761058920203467
6,19,0.48180237637625367
6,20,0.19995431936921831
6,21,0.5526380109922131
6,22,0.23715100553887697
6,23,0.20987607904283156
6,24,0.5766876273703292
6,25,0.7667416080992259
6,26,0.6625201093795068
6,27,0.8466568849339537
6,28,0.5688509312300205
6,29,0.8188501082248303
7,0,0.8827899102806959
7,1,0.913424336501749
7,2,1.0002519309851454
7,3,0.30952571908858695
7,4,0.6733604823309821
7,5,0.6662652524754855
7,6,0.14093102842388774
7,8,0.37265453595254894
7,9,0.8527513437213723
7,10,0.5546421364903552
7,11,0.7040435070379976
7,12,0.46509817006939475
7,13,0.6194118835449677
7,14,0.5510750113434657
7,15,0.7010288346345951
7,16,0.39898476537020394
7,17,0.5542898025068016
7,18,0.9131262186637936
7,19,0.579605223470753
7,20,0.2925494162645205
7,21,0.6827481115709982
7,22,0.10358097501793144
7,23,0.3440933197797772
7,24,0.5724377635948241
7,25,0.7633037071674355
7,26,0.6895506610024326
7,27,0.8863817868717845
7,28,0.5841158849715947
7,29,0.9174556751460013
8,0,0.5308197720766199
8,1,0.9274848822196994
8,2,0.7172593986832547
8,3,0.5880198043181357
8,4,0.3011688434350792
8,5,0.5679424079423622
8,6,0.4145907974470106
8,7,0.37265453595254894
8,9,0.6983893172084024
8,10,0.20499734958758614
8,11,0.37924375309887337
8,12,0.11277985765505745
8,13,0.5912928936765757
8,14,0.33391802521856584
8,15,0.3632630411446332
8,16,0.6733144574418835
8,17,0.24589160178272404
8,18,0.6040494964193188
8,19,0.485508163243369
8,20,0.614543571308411
8,21,0.7003154275230434
8,22,0.32330261194277055
8,23,0.4775550007840193
8,24,0.22373730509042022
8,25,0.4040054577342196
8,26,0.38091020139833104
8,27,0.5841156519556984
8,28,0.2680962138360459
8,29,0.7659796477241005
9,0,0.5767804427746674
9,1,0.4161479381820208
9,2,0.3592026873658341
9,3,0.776230336612628
9,4,0.7267368970997179
9,5,0.1974184053281782
9,6,0.7571927995495765
9,7,0.8527513437213723
9,8,0.6983893172084024
9,10,0.8005007619617257
9,11,0.4612555446560997
9,12,0.7587104114002706
9,13,0.2970624228836921
9,14,1.0133830045613288
9,15,0.5012311901064821
9,16,0.7947229057181909
9,17,0.4865779215006188
9,18,0.4124453570646972
9,19,0.275490511566306
9,20,0.858009046155964
9,21,0.3544240298428508
9,22,0.8898089871616457
9,23,0.5807732422477523
9,24,0.5634741462315822
9,25,0.5901417750247215
9,26,0.422074695465627
9,27,0.3849331588308067
9,28,0.48380972860944843
9,29,0.06801857780467616
10,0,0.4598096984255795
10,1,1.0879807517168865
10,2,0.7231690506163211
10,3,0.7920449095622816
10,4,0.1595370955986626
10,5,0.7088894061028436
10,6,0.6153556802650302
10,7,0.5546421364903552
10,8,0.20499734958758614
10,9,0.8005007619617257
10,11,0.3817919575450494
10,12,0.09344383582089505
10,13,0.7556472991162585
10,14,0.2334684359451604
10,15,0.34863192110810637
10,16,0.8780015323461995
10,17,0.3142692949846696
10,18,0.5919248816051084
10,19,0.6371200233805074
10,20,0.8148594203062426
10,21,0.8713510531292948
10,22,0.48317330781603357
10,23,0.6795365846464538
10,24,0.23913561234464176
10,25,0.3329292174540805
10,26,0.40511624994288503
10,27,0.5822628833506361
10,28,0.3176235626790474
10,29,0.8645816800979047
11,0,0.1971210007919895
11,1,0.8253587894648242
11,2,0.3465332801564582
11,3,0.8077651645794185
11,4,0.2721567219831205
11,5,0.4436771685488186
11,6,0.6848743619990114
11,7,0.7040435070379976
11,8,0.37924375309887337
11,9,0.4612555446560997
11,10,0.3817919575450494
11,12,0.3778796090200848
11,13,0.5361377535288703
11,14,0.6140805021055925
11,15,0.04007885493159295
11,16,0.8715305752277305
11,17,0.1497829612845971
11,18,0.22527845242425065
11,19,0.41043723583582997
11,20,0.8649578439674057
11,21,0.6539639661157706
11,22,0.6846154306445567
11,23,0.6260935380894528
11,24,0.16001067856346468
11,25,0.13689120112078393
11,26,0.04293872425734082
11,27,0.20790372480740493
11,28,0.12000931169621466
11,29,0.5172226128103717
12,0,0.4930887414443191
12,1,1.020278865542895
12,2,0.7244070803732178
12,3,0.6986697347172438
12,4,0.21915623328552242
12,5,0.6488625714592671
12,6,0.5220316876781554
12,7,0.46509817006939475
12,8,0.11277985765505745
12,9,0.7587104114002706
12,10,0.09344383582089505
12,11,0.3778796090200848
12,13,0.6851463475474496
12,14,0.25467360032593367
12,15,0.3515291620985869
12,16,0.7848265771920546
12,17,0.2768361221743264
12,18,0.5998324756874767
12,19,0.571763111858585
12,20,0.7216425417480831
12,21,0.7980703417032128
12,22,0.3992036511341224
12,23,0.5898233192938288
12,24,0.21977198661261735
12,25,0.36287924028693186
12,26,0.39197590346192607
12,27,0.585283005187604
12,28,0.28882788277143795
12,29,0.8248076551000231
13,0,0.7137827042151937
13,1,0.3361921809016877
13,2,0.6071468377176604
13,3,0.48686918727287803
13,4,0.7420120463493146
13,5,0.11734304235255373
13,6,0.5011145771455043
13,7,0.6194118835449677
13,8,0.5912928936765757
13,9,0.2970624228836921
13,10,0.7556472991162585
13,11,0.5361377535288703
13,12,0.6851463475474496
13,14,0.9251479802749177
13,15,0.5683016859870147
13,16,0.49870460814741113
13,17,0.4717203588569258
13,18,0.6059654337678854
13,19,0.12756736263433416
13,20,0.5705617781600574
13,21,0.11995495925591787
13,22,0.6803876467247498
13,23,0.30202074851784233
13,24,0.5563445785633747
13,25,0.6709414777741556
13,26,0.49398993380917644
13,27,0.5730017138773903
13,28,0.48730315356108406
13,29,0.3445878013140109
14,0,0.685960590051236
14,1,1.2613275714961099
14,2,0.9566195755562521
14,3,0.8419405706940831
14,4,0.38026930032068396
14,5,0.8986620020860496
14,6,0.656073812166458
14,7,0.5510750113434657
14,8,0.33391802521856584
14,9,1.0133830045613288
14,10,0.2334684359451604
14,11,0.6140805021055925
14,12,0.25467360032593367
14,13,0.9251479802749177
14,15,0.5817963875829879
14,16,0.9327022850669813
14,17,0.5300051844770848
14,18,0.8252357908245673
14,19,0.8182538887076315
14,20,0.8412319829553919
14,21,1.0330562597163542
14,22,0.4536844044180853
14,23,0.7811955917477029
14,24,0.4646237890124989
14,25,0.5626782001945041
14,26,0.6350258215725747
14,27,0.8157217197795332
14,28,0.5392753226842457
14,29,1.0794273296392587
15,0,0.18573257062894735
15,1,0.8623716413942145
15,2,0.37543526803980065
15,3,0.8199536009764592
15,4,0.2330573123900372
15,5,0.4790010817267443
15,6,0.6899379570526997
15,7,0.7010288346345951
15,8,0.3632630411446332
15,9,0.5012311901064821
15,10,0.34863192110810637
15,11,0.04007885493159295
15,12,0.3515291620985869
15,13,0.5683016859870147
15,14,0.5817963875829879
15,16,0.8865468446624195
15,17,0.1516837501508595
15,18,0.2483047743522611
15,19,0.44166238859816387
15,20,0.8742179092117385
15,21,0.6869053238112872
15,22,0.6758011809070188
15,23,0.6429992112747704
15,24,0.13979536874145784
15,25,0.10266404717312044
15,26,0.08067193516754088
15,27,0.23495098508438905
15,28,0.12120962284989978
15,29,0.5573011192833148
16,0,1.06860373616438
16,1,0.6661291834494909
16,2,1.066737701833477
16,3,0.0909729594293439
16,4,0.9530561097468964
16,5,0.6020232426035463
16,6,0.2766688550585398
16,7,0.39898476537020394
16,8,0.6733144574418835
16,9,0.7947229057181909
16,10,0.8780015323461995
16,11,0.8715305752277305
16,12,0.7848265771920546
16,13,0.49870460814741113
16,14,0.9327022850669813
16,15,0.8865468446624195
16,17,0.7394559800803263
16,18,1.0262816840071824
16,19,0.5480043197274332
16,20,0.13213000614493
16,21,0.48652363987089886
16,22,0.5023403380448811
16,23,0.24756009445244787
16,24,0.7970578106093
16,25,0.9767809910557625
16,26,0.840055710927421
16,27,0.9939487354672006
16,28,0.7683777885651555
16,29,0.843073873416939
17,0,0.33741490512381866
17,1,0.7916081926987025
17,2,0.4724832863825474
17,3,0.6704167748457581
17,4,0.2704089308033942
17,5,0.40529212091024974
17,6,0.538313353163983
17,7,0.5542898025068016
17,8,0.24589160178272404
17,9,0.4865779215006188
17,10,0.3142692949846696
17,11,0.1497829612845971
17,12,0.2768361221743264
17,13,0.4717203588569258
17,14,0.5300051844770848
17,15,0.1516837501508595
17,16,0.7394559800803263
17,18,0.3658035409052816
17,19,0.34540913774501136
17,20,0.7230540381221303
17,21,0.5914969004921571
17,22,0.5374056916420326
17,23,0.49918627446250036
17,24,0.08536891211747337
17,25,0.2373968215372384
17,26,0.1392128443597811
17,27,0.342874698721759
17,28,0.030552926256967004
17,29,0.5513229171099123
18,0,0.19073094257205675
18,1,0.8251065322345706
18,2,0.13655094290809627
18,3,0.9745873183464928
18,4,0.45608442859228987
18,5,0.4919513451500487
18,6,0.8761058920203467
18,7,0.9131262186637936
18,8,0.6040494964193188
18,9,0.4124453570646972
18,10,0.5919248816051084
18,11,0.22527845242425065
18,12,0.5998324756874767
18,13,0.6059654337678854
18,14,0.8252357908245673
18,15,0.2483047743522611
18,16,1.0262816840071824
18,17,0.3658035409052816
18,19,0.4998937123201927
18,20,1.0409734141573228
18,21,0.7089814079355302
18,22,0.9027617927471427
18,23,0.7793554539799622
18,24,0.3848234975633412
18,25,0.27228815420631397
18,26,0.22661697326291075
18,27,0.033201643487383165
18,28,0.3389378764488028
18,29,0.4443049625043621
19,0,0.5925725404339649
19,1,0.4509708151423651
19,2,0.5214449053853263
19,3,0.5152428217123065
19,4,0.615814018296585
19,5,0.08934074371844182
19,6,0.48180237637625367
19,7,0.579605223470753
19,8,0.485508163243369
19,9,0.275490511566306
19,10,0.6371200233805074
19,11,0.41043723583582997
19,12,0.571763111858585
19,13,0.12756736263433416
19,14,0.8182538887076315
19,15,0.44166238859816387
19,16,0.5480043197274332
19,17,0.34540913774501136
19,18,0.4998937123201927
19,20,0.5936734965207429
19,21,0.247414876059411
19,22,0.6237420032479546
19,23,0.3148773038513664
19,24,0.4304402306927771
19,25,0.5443243717090201
19,26,0.36876771547618264
19,27,0.46669479494490274
19,28,0.36010308049469697
19,29,0.33843670229754463
20,0,1.0595808421431536
20,1,0.7792668478523617
20,2,1.0971486620359814
20,3,0.08471809930263127
20,4,0.908306153905252
20,5,0.6609063347473016
20,6,0.19995431936921831
20,7,0.2925494162645205
20,8,0.614543571308411
20,9,0.858009046155964
20,10,0.8148594203062426
20,11,0.8649578439674057
20,12,0.7216425417480831
20,13,0.5705617781600574
20,14,0.8412319829553919
20,15,0.8742179092117385
20,16,0.13213000614493
20,17,0.7230540381221303
20,18,1.0409734141573228
20,19,0.5936734965207429
20,21,0.5813709574808762
20,22,0.3952049074098882
20,23,0.2788925136441394
20,24,0.7689967485339398
20,25,0.9565978324687532
20,26,0.8383649721936023
20,27,1.0098804140935118
20,28,0.7532541572129233
20,29,0.9123346781021795
21,0,0.827599985754969
21,1,0.23554972187765
21,2,0.6951358343665353
21,3,0.49685599449100226
21,4,0.8616801704041763
21,5,0.21850791999155136
21,6,0.5526380109922131
21,7,0.6827481115709982
21,8,0.7003154275230434
21,9,0.3544240298428508
21,10,0.8713510531292948
21,11,0.6539639661157706
21,12,0.7980703417032128
21,13,0.11995495925591787
21,14,1.0330562597163542
21,15,0.6869053238112872
21,16,0.48652363987089886
21,17,0.5914969004921571
21,18,0.7089814079355302
21,19,0.247414876059411
21,20,0.5813709574808762
21,22,0.7550870229526684
21,23,0.3430466953210276
21,24,0.6759593251240662
21,25,0.7894469686201232
21,26,0.6115168204173101
21,27,0.6765464995368202
21,28,0.6072562220177469
21,29,0.38420314450543014
22,0,0.8511353707439556
22,1,0.9890533799964691
22,2,1.0007712431934668
22,3,0.4125380628390548
22,4,0.6156027344831496
22,5,0.7126300832320003
22,6,0.23715100553887697
22,7,0.10358097501793144
22,8,0.32330261194277055
22,9,0.8898089871616457
22,10,0.48317330781603357
22,11,0.6846154306445567
22,12,0.3992036511341224
22,13,0.6803876467247498
22,14,0.4536844044180853
22,15,0.6758011809070188
22,16,0.5023403380448811
22,17,0.5374056916420326
22,18,0.9027617927471427
22,19,0.6237420032479546
22,20,0.3952049074098882
22,21,0.7550870229526684
22,23,0.42647586757505945
22,24,0.5400823497942882
22,25,0.7262487577009821
22,26,0.6762699470206491
22,27,0.8784591649425678
22,28,0.5655345946962116
22,29,0.9563793328082587
23,0,0.823186316159544
23,1,0.5700934657552558
23,2,0.8247837158469361
23,3,0.2010436951593215
23,4,0.7310243280774089
23,5,0.38336141110298927
23,6,0.20987607904283156
23,7,0.3440933197797772
23,8,0.4775550007840193
23,9,0.5807732422477523
23,10,0.6795365846464538
23,11,0.6260935380894528
23,12,0.5898233192938288
23,13,0.30202074851784233
23,14,0.7811955917477029
23,15,0.6429992112747704
23,16,0.24756009445244787
23,17,0.49918627446250036
23,18,0.7793554539799622
23,19,0.3148773038513664
23,20,0.2788925136441394
23,21,0.3430466953210276
23,22,0.42647586757505945
23,24,0.5634147431211615
23,25,0.7361898166804259
23,26,0.5935301235919132
23,27,0.7471916143852184
23,28,0.5270751183811664
23,29,0.637135413613854
24,0,0.3115268863094268
24,1,0.8769513824554639
24,2,0.5056830178138103
24,3,0.7230171655615465
24,4,0.18574787317440228
24,5,0.49044623886744637
24,6,0.5766876273703292
24,7,0.5724377635948241
24,8,0.22373730509042022
24,9,0.5634741462315822
24,10,0.23913561234464176
24,11,0.16001067856346468
24,12,0.21977198661261735
24,13,0.5563445785633747
24,14,0.4646237890124989
24,15,0.13979536874145784
24,16,0.7970578106093
24,17,0.08536891211747337
24,18,0.3848234975633412
24,19,0.4304402306927771
24,20,0.7689967485339398
24,21,0.6759593251240662
24,22,0.5400823497942882
24,23,0.5634147431211615
24,25,0.1915824773996722
24,26,0.172304215243565
24,27,0.36787083224309275
24,28,0.07977674220774751
24,29,0.6266095348746267
25,0,0.13021632879656272
25,1,0.9620203702930717
25,2,0.40856640302000324
25,3,0.9067059258498432
25,4,0.18550598971359417
25,5,0.5804501202460958
25,6,0.7667416080992259
25,7,0.7633037071674355
25,8,0.4040054577342196
25,9,0.5901417750247215
25,10,0.3329292174540805
25,11,0.13689120112078393
25,12,0.36287924028693186
25,13,0.6709414777741556
25,14,0.5626782001945041
25,15,0.10266404717312044
25,16,0.9767809910557625
25,17,0.2373968215372384
25,18,0.27228815420631397
25,19,0.5443243717090201
25,20,0.9565978324687532
25,21,0.7894469686201232
25,22,0.7262487577009821
25,23,0.7361898166804259
25,24,0.1915824773996722
25,26,0.17982779973062765
25,27,0.27133603844579285
25,28,0.20911768469042125
25,29,0.6422808957149979
26,0,0.23146071661184237
26,1,0.7825438518013605
26,2,0.33680708824001954
26,3,0.7787314652885601
26,4,0.30669752354971835
26,5,0.4007694924519115
26,6,0.6625201093795068
26,7,0.6895506610024326
26,8,0.38091020139833104
26,9,0.422074695465627
26,10,0.40511624994288503
26,11,0.04293872425734082
26,12,0.39197590346192607
26,13,0.49398993380917644
26,14,0.6350258215725747
26,15,0.08067193516754088
26,16,0.840055710927421
26,17,0.1392128443597811
26,18,0.22661697326291075
26,19,0.36876771547618264
26,20,0.8383649721936023
26,21,0.6115168204173101
26,22,0.6762699470206491
26,23,0.5935301235919132
26,24,0.172304215243565
26,25,0.17982779973062765
26,27,0.2039848144088921
26,28,0.11319689534288711
26,29,0.47957151607507137
27,0,0.20478350413807153
27,1,0.7957889435741515
27,2,0.1409246088463341
27,3,0.9429238765170334
27,4,0.45195066510088044
27,5,0.4592465616701571
27,6,0.8466568849339537
27,7,0.8863817868717845
27,8,0.5841156519556984
27,9,0.3849331588308067
27,10,0.5822628833506361
27,11,0.20790372480740493
27,12,0.585283005187604
27,13,0.5730017138773903
27,14,0.8157217197795332
27,15,0.23495098508438905
27,16,0.9939487354672006
27,17,0.342874698721759
27,18,0.033201643487383165
27,19,0.46669479494490274
27,20,1.0098804140935118
27,21,0.6765464995368202
27,22,0.8784591649425678
27,23,0.7471916143852184
27,24,0.36787083224309275
27,25,0.27133603844579285
27,26,0.2039848144088921
27,28,0.3171253663684811
27,29,0.41972349837278466
28,0,0.3069382652971306
28,1,0.8022611922585248
28,2,0.44916747742578733
28,3,0.7000558809853946
28,4,0.25799546270961876
28,5,0.4149454453753426
28,6,0.5688509312300205
28,7,0.5841158849715947
28,8,0.2680962138360459
28,9,0.48380972860944843
28,10,0.3176235626790474
28,11,0.12000931169621466
28,12,0.28882788277143795
28,13,0.48730315356108406
28,14,0.5392753226842457
28,15,0.12120962284989978
28,16,0.7683777885651555
28,17,0.030552926256967004
28,18,0.3389378764488028
28,19,0.36010308049469697
28,20,0.7532541572129233
28,21,0.6072562220177469
28,22,0.5655345946962116
28,23,0.5270751183811664
28,24,0.07977674220774751
28,25,0.20911768469042125
28,26,0.11319689534288711
28,27,0.3171253663684811
28,29,0.5472172987740793
29,0,0.6185105096450398
29,1,0.40591718417315437
29,2,0.3713972890504738
29,3,0.829564305350239
29,4,0.7858025499674441
29,5,0.25586218708525454
29,6,0.8188501082248303
29,7,0.9174556751460013
29,8,0.7659796477241005
29,9,0.06801857780467616
29,10,0.8645816800979047
29,11,0.5172226128103717
29,12,0.8248076551000231
29,13,0.3445878013140109
29,14,1.0794273296392587
29,15,0.5573011192833148
29,16,0.843073873416939
29,17,0.5513229171099123
29,18,0.4443049625043621
29,19,0.33843670229754463
29,20,0.9123346781021795
29,21,0.38420314450543014
29,22,0.9563793328082587
29,23,0.637135413613854
29,24,0.6266095348746267
29,25,0.6422808957149979
29,26,0.47957151607507137
29,27,0.41972349837278466
29,28,0.5472172987740793
