siteNum=30
demandLowerBound=0
demandUpperBound=1000
fixedCostLowerBound=500
fixedCostUpperBound=1500
coordinateLowerBound=0
coordinateUpperBound=1
facilityFailProbility=0.05
Coordinate: index, x, y
0,0.50753550236584,0.15092573481755112
1,0.7044362885941049,0.8822276578921234
2,0.4848373308023971,0.9744194896450378
3,0.3977676735360597,0.6701189176767576
4,0.3516487162651446,0.8536912378230336
5,0.09699328648454164,0.6360162033194572
6,0.09760444586629358,0.2879576441820567
7,0.6113776363845557,0.8077977866194324
8,0.4930997034257927,0.6989705518413734
9,0.10241084316759963,0.8777443236356086
10,0.2895918630526717,0.6098555506738124
11,0.8069919268462096,0.8786283460748174
12,0.7671342811674201,0.5142006657257017
13,0.10132136991564444,0.3330743303034027
14,0.010515973954155489,0.5653591170655973
15,0.34137474569970017,0.35016991015469534
16,0.944994832184499,0.1949759556651094
17,0.34741778786010324,0.15589195688258983
18,0.4178417038719051,0.3954620440220047
19,0.649910682973567,0.8551666703620548
20,0.4938056075780889,0.7921893771370789
21,0.5590828730145926,0.4292498738489362
22,0.7189943768932895,0.8814794530735487
23,0.3980945493072747,0.6238844549030161
24,0.37180945587743297,0.24718665207970592
25,0.5173807651208965,0.11871377827893037
26,0.9404520177635723,0.5916082317430595
27,0.15280668785541196,0.5265113790883905
28,0.4736345200070723,0.0034957193199784964
29,0.1305297067671799,0.891663414168607
Demand:index, demand
0,622
1,191
2,665
3,295
4,338
5,260
6,896
7,974
8,754
9,846
10,25
11,365
12,749
13,318
14,748
15,883
16,544
17,46
18,989
19,98
20,516
21,694
22,293
23,218
24,499
25,93
26,615
27,294
28,794
29,151
Fixcost:index, fixedCost
0,964
1,1115
2,891
3,884
4,1100
5,1265
6,951
7,1037
8,1373
9,503
10,751
11,1281
12,543
13,1355
14,1086
15,1490
16,1355
17,1375
18,1478
19,955
20,1448
21,1324
22,1277
23,717
24,926
25,1020
26,715
27,1293
28,620
29,819
TransCost:start_index, end_index, transCost
0,1,0.7573456425634709
0,2,0.8238065132251603
0,3,0.530669894919127
0,4,0.7198472353877263
0,5,0.6354979729724756
0,6,0.43222819813949714
0,7,0.6650293837387745
0,8,0.5482349074600342
0,9,0.8321005050725321
0,10,0.5080511842314023
0,11,0.7869086608960479
0,12,0.4464977059085447
0,13,0.44518314460425545
0,14,0.6471347927164235
0,15,0.2594371570566614
0,16,0.43967156742517355
0,17,0.16019471233514512
0,18,0.2604668577911722
0,19,0.7184886828264456
0,20,0.6414106087147219
0,21,0.28305734010684414
0,22,0.7605416430900277
0,23,0.4854557375407652
0,24,0.16639628567827058
0,25,0.03368292360769911
0,26,0.6177521933596155
0,27,0.5166208551987764
0,28,0.15127751344632812
0,29,0.8311592383685369
1,0,0.7573456425634709
1,2,0.23816598435788838
1,3,0.37287498861866436
1,4,0.35393982321875134
1,5,0.6554441861628395
1,6,0.8493537158000747
1,7,0.11916257167721417
1,8,0.27972543529092797
1,9,0.6020421390791825
1,10,0.4962685383875799
1,11,0.10261877987412808
1,12,0.37332948615905887
1,13,0.8156696526991125
1,14,0.7628440700664443
1,15,0.6441266419395261
1,16,0.728136879376577
1,17,0.8093366175006323
1,18,0.5648692050717968
1,19,0.0608714934463494
1,20,0.22906805928936252
1,21,0.4757273255314506
1,22,0.014577302403990725
1,23,0.40073241915267016
1,24,0.716880526242952
1,25,0.7860936415108734
1,26,0.37438359375192526
1,27,0.6563758735793881
1,28,0.908536887665912
1,29,0.5739841445203641
2,0,0.8238065132251603
2,1,0.23816598435788838
2,3,0.31651218509987883
2,4,0.17976239270311822
2,5,0.514723019602566
2,6,0.7881492069731335
2,7,0.20922533511976774
2,8,0.2755728291006478
2,9,0.39445672280700017
2,10,0.4135549035799532
2,11,0.3360945208399604
2,12,0.5399008557828827
2,13,0.7472670912504019
2,14,0.6263474578675862
2,15,0.6405224826797401
2,16,0.9051392979764711
2,17,0.8299828026366867
2,18,0.5828208454320736
2,19,0.20364293875302153
2,20,0.18245066153069645
2,21,0.5502020633600458
2,22,0.25192731616861647
2,23,0.3611081842372184
2,24,0.7359639261155249
2,25,0.8563243191582371
2,26,0.5950875583905486
2,27,0.5575536058158121
2,28,0.9709883988760856
2,29,0.36384400569164466
3,0,0.530669894919127
3,1,0.37287498861866436
3,2,0.31651218509987883
3,4,0.18927692660132492
3,5,0.302701547787176
3,6,0.48594773608303127
3,7,0.2541351750180798
3,8,0.09960227264910057
3,9,0.3610318080791234
3,10,0.12382923473990114
3,11,0.45928277915477667
3,12,0.400926666766595
3,13,0.4488646397388443
3,14,0.40117140308496996
3,15,0.32488079309849865
3,16,0.7247195302402486
3,17,0.5166860538036501
3,18,0.2753894786293175
3,19,0.3127599206773174
3,20,0.15532057767055565
3,21,0.2898973781484196
3,22,0.38452551394279666
3,23,0.046235618258505966
3,24,0.4237281325886537
3,25,0.5642294918141197
3,26,0.548334045336805
3,27,0.2839524777934573
3,28,0.6709264244169235
3,29,0.34712835494754957
4,0,0.7198472353877263
4,1,0.35393982321875134
4,2,0.17976239270311822
4,3,0.18927692660132492
4,5,0.33501016188001936
4,6,0.620155617806062
4,7,0.26375238541058305
4,8,0.2096350935300608
4,9,0.2503958232944292
4,10,0.2516086154291369
4,11,0.4560255462035359
4,12,0.5365464594842992
4,13,0.5776726968843918
4,14,0.4466620195820286
4,15,0.5036261330471897
4,16,0.8865469171030812
4,17,0.6978121074015332
4,18,0.4629854270491131
4,19,0.29826561599680457
4,20,0.15489047942205755
4,21,0.4724186711366802
4,22,0.3683951944435991
4,23,0.23445334905482892
4,24,0.6068395734866011
4,25,0.7534314687188405
4,26,0.6444973467217411
4,27,0.3828639604660093
4,28,0.858902180691866
4,29,0.22435574995479907
5,0,0.6354979729724756
5,1,0.6554441861628395
5,2,0.514723019602566
5,3,0.302701547787176
5,4,0.33501016188001936
5,6,0.3480590957073141
5,7,0.5423100328991769
5,8,0.4010779768821209
5,9,0.2417888212304157
5,10,0.19436715628653917
5,11,0.7503057517624162
5,12,0.6811225865832181
5,13,0.30297278876602407
5,14,0.11167250968955376
5,15,0.37607233469661816
5,16,0.9558363466412675
5,17,0.541508746841423
5,18,0.4010112348741366
5,19,0.5947643016735207
5,20,0.42643883311902725
5,21,0.5062401613683227
5,22,0.6686834553430426
5,23,0.301345565411347
5,24,0.4761431999693881
5,25,0.6665789009164943
5,26,0.8446269586689512
5,27,0.12290826783606819
5,28,0.7361662729766342
5,29,0.2578375222893739
6,0,0.43222819813949714
6,1,0.8493537158000747
6,2,0.7881492069731335
6,3,0.48594773608303127
6,4,0.620155617806062
6,5,0.3480590957073141
6,7,0.7308875871053123
6,8,0.5703929426409662
6,9,0.5898062637136577
6,10,0.3748031891028563
6,11,0.9231048024171022
6,12,0.7067220848081315
6,13,0.045269536014418105
6,14,0.29075071641863404
6,15,0.2515836344405559
6,16,0.8524764285444965
6,17,0.2825739754471326
6,18,0.3378003809943086
6,19,0.791686970290441
6,20,0.6412682754203587
6,21,0.4826239041816165
6,22,0.859298309093858
6,23,0.4507117975237911
6,24,0.2772195182742712
6,25,0.45260981468896333
6,26,0.8958770611971716
6,27,0.24485745232356432
6,28,0.47150525273273275
6,29,0.6046029519614049
7,0,0.6650293837387745
7,1,0.11916257167721417
7,2,0.20922533511976774
7,3,0.2541351750180798
7,4,0.26375238541058305
7,5,0.5423100328991769
7,6,0.7308875871053123
7,8,0.16072658913333665
7,9,0.513750634683897
7,10,0.37779255245432
7,11,0.20804306954469584
7,12,0.3323543316869863
7,13,0.6967924762372527
7,14,0.6479284265053185
7,15,0.5313424830519414
7,16,0.6977471102252065
7,17,0.7033178602011562
7,18,0.4554963466339915
7,19,0.06106231920303228
7,20,0.11860355982953241
7,21,0.38214298965023497
7,22,0.13042373560506462
7,23,0.28162703850349236
7,24,0.6096538011703139
7,25,0.6954654429646163
7,26,0.39373578973421597
7,27,0.5379678037732722
7,28,0.816011630782035
7,29,0.4881067249091469
8,0,0.5482349074600342
8,1,0.27972543529092797
8,2,0.2755728291006478
8,3,0.09960227264910057
8,4,0.2096350935300608
8,5,0.4010779768821209
8,6,0.5703929426409662
8,7,0.16072658913333665
8,9,0.42964851566295814
8,10,0.22216418371651647
8,11,0.3616700857862583
8,12,0.33050697513551863
8,13,0.5360693122570557
8,14,0.5007385260328946
8,15,0.3803713323030837
8,16,0.6769193159976477
8,17,0.5622789172868703
8,18,0.3126998254166329
8,19,0.22132986862974297
8,20,0.09322149800439546
8,21,0.2776743106693241
8,22,0.2904098871077962
8,23,0.12109459633905935
8,24,0.4677820178611003
8,25,0.5807645764181366
8,26,0.4600551716047331
8,27,0.3814990205919624
8,28,0.6957471782452205
8,29,0.41059413253100524
9,0,0.8321005050725321
9,1,0.6020421390791825
9,2,0.39445672280700017
9,3,0.3610318080791234
9,4,0.2503958232944292
9,5,0.2417888212304157
9,6,0.5898062637136577
9,7,0.513750634683897
9,8,0.42964851566295814
9,10,0.3268044199275655
9,11,0.7045816382601787
9,12,0.7576418944546405
9,13,0.5446710829376495
9,14,0.32562122822620865
9,15,0.5791705348799272
9,16,1.0844908588128945
9,17,0.7622986569150507
9,18,0.5762749561745274
9,19,0.5479651677022006
9,20,0.4006363818705294
9,21,0.640075475498025
9,22,0.6165948469242807
9,23,0.3897097471573207
9,24,0.6856956975860243
9,25,0.8650591915645898
9,26,0.8855432645567007
9,27,0.3548299909775205
9,28,0.9497987367827168
9,29,0.03137533380535742
10,0,0.5080511842314023
10,1,0.4962685383875799
10,2,0.4135549035799532
10,3,0.12382923473990114
10,4,0.2516086154291369
10,5,0.19436715628653917
10,6,0.3748031891028563
10,7,0.37779255245432
10,8,0.22216418371651647
10,9,0.3268044199275655
10,11,0.5830451453886119
10,12,0.48702835452704135
10,13,0.33474411501293444
10,14,0.2826009279531432
10,15,0.26479822285479937
10,16,0.7756791413344827
10,17,0.45763171007664755
10,18,0.24982513357270003
10,19,0.43589815029647216
10,20,0.27376792676613704
10,21,0.32441303141468864
10,22,0.5081004460217522
10,23,0.10940586400342987
10,24,0.3718715673150617
10,25,0.5413945183474186
10,26,0.6511158926323778
10,27,0.16017626257034867
10,28,0.6336749518943329
10,29,0.32359919883969274
11,0,0.7869086608960479
11,1,0.10261877987412808
11,2,0.3360945208399604
11,3,0.45928277915477667
11,4,0.4560255462035359
11,5,0.7503057517624162
11,6,0.9231048024171022
11,7,0.20804306954469584
11,8,0.3616700857862583
11,9,0.7045816382601787
11,10,0.5830451453886119
11,12,0.3666008266816828
11,13,0.8919641915699368
11,14,0.8558688879608469
11,15,0.7043207208892573
11,16,0.6974420354371513
11,17,0.8564790000271111
11,18,0.6203930782015067
11,19,0.15882369912524844
11,20,0.32489593091901375
11,21,0.513225009398173
11,22,0.08804372555063127
11,23,0.48175877308832554
11,24,0.7668783449504271
11,25,0.8132310713101752
11,26,0.3165314232405467
11,27,0.7429297984016844
11,28,0.9364743857176973
11,29,0.6765877978462657
12,0,0.4464977059085447
12,1,0.37332948615905887
12,2,0.5399008557828827
12,3,0.400926666766595
12,4,0.5365464594842992
12,5,0.6811225865832181
12,6,0.7067220848081315
12,7,0.3323543316869863
12,8,0.33050697513551863
12,9,0.7576418944546405
12,10,0.48702835452704135
12,11,0.3666008266816828
12,13,0.6900098420842097
12,14,0.7583458643348446
12,15,0.4562644746360206
12,16,0.3654295980368423
12,17,0.5518578309555903
12,18,0.36892297954700104
12,19,0.3605540019070535
12,20,0.3898541874576457
12,21,0.2247265571196781
12,22,0.3704202451530255
12,23,0.3849946198321498
12,24,0.47705157056014696
12,25,0.46774640235915904
12,26,0.18981825279868325
12,27,0.6144509301547377
12,28,0.5890345083986623
12,29,0.7400969602757351
13,0,0.44518314460425545
13,1,0.8156696526991125
13,2,0.7472670912504019
13,3,0.4488646397388443
13,4,0.5776726968843918
13,5,0.30297278876602407
13,6,0.045269536014418105
13,7,0.6967924762372527
13,8,0.5360693122570557
13,9,0.5446710829376495
13,10,0.33474411501293444
13,11,0.8919641915699368
13,12,0.6900098420842097
13,14,0.24940297130724204
13,15,0.24066134312716903
13,16,0.854901205996608
13,17,0.3032441926502899
13,18,0.32261021160344105
13,19,0.7573180612855358
13,20,0.6040120057106141
13,21,0.4677556294644535
13,22,0.8259952313599302
13,23,0.4155055337487811
13,24,0.28379657841124367
13,25,0.4680340442775468
13,26,0.8780546807296761
13,27,0.20017150098354336
13,28,0.49723147783378047
13,29,0.5593522070708231
14,0,0.6471347927164235
14,1,0.7628440700664443
14,2,0.6263474578675862
14,3,0.40117140308496996
14,4,0.4466620195820286
14,5,0.11167250968955376
14,6,0.29075071641863404
14,7,0.6479284265053185
14,8,0.5007385260328946
14,9,0.32562122822620865
14,10,0.2826009279531432
14,11,0.8558688879608469
14,12,0.7583458643348446
14,13,0.24940297130724204
14,15,0.3946820512918131
14,16,1.0052036722617492
14,17,0.5302510608018192
14,18,0.4413380401481469
14,19,0.7020071309251047
14,20,0.5338734277452398
14,21,0.5652002909003109
14,22,0.7758052038166321
14,23,0.3919724062248994
14,24,0.48142153831693474
14,25,0.6755767722356656
14,26,0.9303064342447923
14,27,0.14749845425791733
14,28,0.7281272316184988
14,29,0.3476748342512084
15,0,0.2594371570566614
15,1,0.6441266419395261
15,2,0.6405224826797401
15,3,0.32488079309849865
15,4,0.5036261330471897
15,5,0.37607233469661816
15,6,0.2515836344405559
15,7,0.5313424830519414
15,8,0.3803713323030837
15,9,0.5791705348799272
15,10,0.26479822285479937
15,11,0.7043207208892573
15,12,0.4562644746360206
15,13,0.24066134312716903
15,14,0.3946820512918131
15,16,0.6232514519181096
15,17,0.19437191537398302
15,18,0.08887391677181787
15,19,0.5917906322420057
15,20,0.4675643023631925
15,21,0.23162570961972218
15,22,0.6518331199466803
15,23,0.27952958363662034
15,24,0.10738632607246822
15,25,0.2907749298949035
15,26,0.645899404733351
15,27,0.25817479757881134
15,28,0.37104668505559063
15,29,0.5810945235774642
16,0,0.43967156742517355
16,1,0.728136879376577
16,2,0.9051392979764711
16,3,0.7247195302402486
16,4,0.8865469171030812
16,5,0.9558363466412675
16,6,0.8524764285444965
16,7,0.6977471102252065
16,8,0.6769193159976477
16,9,1.0844908588128945
16,10,0.7756791413344827
16,11,0.6974420354371513
16,12,0.3654295980368423
16,13,0.854901205996608
16,14,1.0052036722617492
16,15,0.6232514519181096
16,17,0.5988538075893922
16,18,0.5639903299830618
16,19,0.7231365257595574
16,20,0.7484888691137563
16,21,0.451455766350988
16,22,0.7227470219557138
16,23,0.6950269204352457
16,24,0.5755583657913158
16,25,0.43436126674734266
16,26,0.3966582907108312
16,27,0.8587652723532879
16,28,0.5087683410028462
16,29,1.0717867583419343
17,0,0.16019471233514512
17,1,0.8093366175006323
17,2,0.8299828026366867
17,3,0.5166860538036501
17,4,0.6978121074015332
17,5,0.541508746841423
17,6,0.2825739754471326
17,7,0.7033178602011562
17,8,0.5622789172868703
17,9,0.7622986569150507
17,10,0.45763171007664755
17,11,0.8564790000271111
17,12,0.5518578309555903
17,13,0.3032441926502899
17,14,0.5302510608018192
17,15,0.19437191537398302
17,16,0.5988538075893922
17,18,0.2497065369557316
17,19,0.761897024870102
17,20,0.6529194443300823
17,21,0.3457262776267334
17,22,0.8151971394369598
17,23,0.4707282786854559
17,24,0.09449695677534782
17,25,0.1739816961741623
17,26,0.7358928386765868
17,27,0.4186074967809314
17,28,0.197876923103983
17,29,0.7670724066715995
18,0,0.2604668577911722
18,1,0.5648692050717968
18,2,0.5828208454320736
18,3,0.2753894786293175
18,4,0.4629854270491131
18,5,0.4010112348741366
18,6,0.3378003809943086
18,7,0.4554963466339915
18,8,0.3126998254166329
18,9,0.5762749561745274
18,10,0.24982513357270003
18,11,0.6203930782015067
18,12,0.36892297954700104
18,13,0.32261021160344105
18,14,0.4413380401481469
18,15,0.08887391677181787
18,16,0.5639903299830618
18,17,0.2497065369557316
18,19,0.5149605368761113
18,20,0.4039345138842204
18,21,0.14522632442228556
18,22,0.5717568140119544
18,23,0.2292743943533447
18,24,0.15525643210851814
18,25,0.2941047896688011
18,26,0.5582068318674094
18,27,0.2956644854158251
18,28,0.39591721108421996
18,29,0.5733794410472624
19,0,0.7184886828264456
19,1,0.0608714934463494
19,2,0.20364293875302153
19,3,0.3127599206773174
19,4,0.29826561599680457
19,5,0.5947643016735207
19,6,0.791686970290441
19,7,0.06106231920303228
19,8,0.22132986862974297
19,9,0.5479651677022006
19,10,0.43589815029647216
19,11,0.15882369912524844
19,12,0.3605540019070535
19,13,0.7573180612855358
19,14,0.7020071309251047
19,15,0.5917906322420057
19,16,0.7231365257595574
19,17,0.761897024870102
19,18,0.5149605368761113
19,20,0.16832983700512666
19,21,0.4354937526692442
19,22,0.07392509248973712
19,23,0.3419105560848936
19,24,0.668565625158055
19,25,0.7482827282408928
19,26,0.39227199465274176
19,27,0.5959250644540871
19,28,0.8697221938522122
19,29,0.5206617047119759
20,0,0.6414106087147219
20,1,0.22906805928936252
20,2,0.18245066153069645
20,3,0.15532057767055565
20,4,0.15489047942205755
20,5,0.42643883311902725
20,6,0.6412682754203587
20,7,0.11860355982953241
20,8,0.09322149800439546
20,9,0.4006363818705294
20,10,0.27376792676613704
20,11,0.32489593091901375
20,12,0.3898541874576457
20,13,0.6040120057106141
20,14,0.5338734277452398
20,15,0.4675643023631925
20,16,0.7484888691137563
20,17,0.6529194443300823
20,18,0.4039345138842204
20,19,0.16832983700512666
20,21,0.36876307357151633
20,22,0.2422451227299224
20,23,0.19361599500953713
20,24,0.5584899563552884
20,25,0.6738880992498013
20,26,0.4896180262400026
20,27,0.4322789167877512
20,28,0.7889515565956601
20,29,0.376648993299235
21,0,0.28305734010684414
21,1,0.4757273255314506
21,2,0.5502020633600458
21,3,0.2898973781484196
21,4,0.4724186711366802
21,5,0.5062401613683227
21,6,0.4826239041816165
21,7,0.38214298965023497
21,8,0.2776743106693241
21,9,0.640075475498025
21,10,0.32441303141468864
21,11,0.513225009398173
21,12,0.2247265571196781
21,13,0.4677556294644535
21,14,0.5652002909003109
21,15,0.23162570961972218
21,16,0.451455766350988
21,17,0.3457262776267334
21,18,0.14522632442228556
21,19,0.4354937526692442
21,20,0.36876307357151633
21,22,0.4796699713328077
21,23,0.25258634268738556
21,24,0.26118642669024844
21,25,0.3133236863925887
21,26,0.4144908454292381
21,27,0.4177560759928468
21,28,0.4342441952753835
21,29,0.6304633998668394
22,0,0.7605416430900277
22,1,0.014577302403990725
22,2,0.25192731616861647
22,3,0.38452551394279666
22,4,0.3683951944435991
22,5,0.6686834553430426
22,6,0.859298309093858
22,7,0.13042373560506462
22,8,0.2904098871077962
22,9,0.6165948469242807
22,10,0.5081004460217522
22,11,0.08804372555063127
22,12,0.3704202451530255
22,13,0.8259952313599302
22,14,0.7758052038166321
22,15,0.6518331199466803
22,16,0.7227470219557138
22,17,0.8151971394369598
22,18,0.5717568140119544
22,19,0.07392509248973712
22,20,0.2422451227299224
22,21,0.4796699713328077
22,23,0.41149955337425415
22,24,0.7230938575132562
22,25,0.7889610402908364
22,26,0.36478598061803386
22,27,0.6682595549386369
22,28,0.9116232204738343
22,29,0.5885527852709701
23,0,0.4854557375407652
23,1,0.40073241915267016
23,2,0.3611081842372184
23,3,0.046235618258505966
23,4,0.23445334905482892
23,5,0.301345565411347
23,6,0.4507117975237911
23,7,0.28162703850349236
23,8,0.12109459633905935
23,9,0.3897097471573207
23,10,0.10940586400342987
23,11,0.48175877308832554
23,12,0.3849946198321498
23,13,0.4155055337487811
23,14,0.3919724062248994
23,15,0.27952958363662034
23,16,0.6950269204352457
23,17,0.4707282786854559
23,18,0.2292743943533447
23,19,0.3419105560848936
23,20,0.19361599500953713
23,21,0.25258634268738556
23,22,0.41149955337425415
23,24,0.3776137454973336
23,25,0.5190632079082186
23,26,0.5433170144324538
23,27,0.26390841379014246
23,28,0.6249707756460668
23,29,0.3785452628007233
24,0,0.16639628567827058
24,1,0.716880526242952
24,2,0.7359639261155249
24,3,0.4237281325886537
24,4,0.6068395734866011
24,5,0.4761431999693881
24,6,0.2772195182742712
24,7,0.6096538011703139
24,8,0.4677820178611003
24,9,0.6856956975860243
24,10,0.3718715673150617
24,11,0.7668783449504271
24,12,0.47705157056014696
24,13,0.28379657841124367
24,14,0.48142153831693474
24,15,0.10738632607246822
24,16,0.5755583657913158
24,17,0.09449695677534782
24,18,0.15525643210851814
24,19,0.668565625158055
24,20,0.5584899563552884
24,21,0.26118642669024844
24,22,0.7230938575132562
24,23,0.3776137454973336
24,25,0.19415531251419849
24,26,0.664816205974427
24,27,0.3549429750252614
24,28,0.2641090956296491
24,29,0.688161473931301
25,0,0.03368292360769911
25,1,0.7860936415108734
25,2,0.8563243191582371
25,3,0.5642294918141197
25,4,0.7534314687188405
25,5,0.6665789009164943
25,6,0.45260981468896333
25,7,0.6954654429646163
25,8,0.5807645764181366
25,9,0.8650591915645898
25,10,0.5413945183474186
25,11,0.8132310713101752
25,12,0.46774640235915904
25,13,0.4680340442775468
25,14,0.6755767722356656
25,15,0.2907749298949035
25,16,0.43436126674734266
25,17,0.1739816961741623
25,18,0.2941047896688011
25,19,0.7482827282408928
25,20,0.6738880992498013
25,21,0.3133236863925887
25,22,0.7889610402908364
25,23,0.5190632079082186
25,24,0.19415531251419849
25,26,0.634522220989762
25,27,0.5470037852153596
25,28,0.12324339768047332
25,29,0.8643522898514091
26,0,0.6177521933596155
26,1,0.37438359375192526
26,2,0.5950875583905486
26,3,0.548334045336805
26,4,0.6444973467217411
26,5,0.8446269586689512
26,6,0.8958770611971716
26,7,0.39373578973421597
26,8,0.4600551716047331
26,9,0.8855432645567007
26,10,0.6511158926323778
26,11,0.3165314232405467
26,12,0.18981825279868325
26,13,0.8780546807296761
26,14,0.9303064342447923
26,15,0.645899404733351
26,16,0.3966582907108312
26,17,0.7358928386765868
26,18,0.5582068318674094
26,19,0.39227199465274176
26,20,0.4896180262400026
26,21,0.4144908454292381
26,22,0.36478598061803386
26,23,0.5433170144324538
26,24,0.664816205974427
26,25,0.634522220989762
26,27,0.7903307952697266
26,28,0.7508627727356235
26,29,0.8637171194032023
27,0,0.5166208551987764
27,1,0.6563758735793881
27,2,0.5575536058158121
27,3,0.2839524777934573
27,4,0.3828639604660093
27,5,0.12290826783606819
27,6,0.24485745232356432
27,7,0.5379678037732722
27,8,0.3814990205919624
27,9,0.3548299909775205
27,10,0.16017626257034867
27,11,0.7429297984016844
27,12,0.6144509301547377
27,13,0.20017150098354336
27,14,0.14749845425791733
27,15,0.25817479757881134
27,16,0.8587652723532879
27,17,0.4186074967809314
27,18,0.2956644854158251
27,19,0.5959250644540871
27,20,0.4322789167877512
27,21,0.4177560759928468
27,22,0.6682595549386369
27,23,0.26390841379014246
27,24,0.3549429750252614
27,25,0.5470037852153596
27,26,0.7903307952697266
27,28,0.6135763018941665
27,29,0.36583093446239484
28,0,0.15127751344632812
28,1,0.908536887665912
28,2,0.9709883988760856
28,3,0.6709264244169235
28,4,0.858902180691866
28,5,0.7361662729766342
28,6,0.47150525273273275
28,7,0.816011630782035
28,8,0.6957471782452205
28,9,0.9497987367827168
28,10,0.6336749518943329
28,11,0.9364743857176973
28,12,0.5890345083986623
28,13,0.49723147783378047
28,14,0.7281272316184988
28,15,0.37104668505559063
28,16,0.5087683410028462
28,17,0.197876923103983
28,18,0.39591721108421996
28,19,0.8697221938522122
28,20,0.7889515565956601
28,21,0.4342441952753835
28,22,0.9116232204738343
28,23,0.6249707756460668
28,24,0.2641090956296491
28,25,0.12324339768047332
28,26,0.7508627727356235
28,27,0.6135763018941665
28,29,0.952135897359777
29,0,0.8311592383685369
29,1,0.5739841445203641
29,2,0.36384400569164466
29,3,0.34712835494754957
29,4,0.22435574995479907
29,5,0.2578375222893739
29,6,0.6046029519614049
29,7,0.4881067249091469
29,8,0.41059413253100524
29,9,0.03137533380535742
29,10,0.32359919883969274
29,11,0.6765877978462657
29,12,0.7400969602757351
29,13,0.5593522070708231
29,14,0.3476748342512084
29,15,0.5810945235774642
29,16,1.0717867583419343
29,17,0.7670724066715995
29,18,0.5733794410472624
29,19,0.5206617047119759
29,20,0.376648993299235
29,21,0.6304633998668394
29,22,0.5885527852709701
29,23,0.3785452628007233
29,24,0.688161473931301
29,25,0.8643522898514091
29,26,0.8637171194032023
29,27,0.36583093446239484
29,28,0.952135897359777
