siteNum=30
demandLowerBound=0
demandUpperBound=1000
fixedCostLowerBound=500
fixedCostUpperBound=1500
coordinateLowerBound=0
coordinateUpperBound=1
facilityFailProbility=0.05
Coordinate: index, x, y
0,0.11599421804274179,0.483727732064293
1,0.13560221195857458,0.22520599639390337
2,0.21846568439246994,0.16975269657982872
3,0.6876002649053622,0.04473462668903094
4,0.171593036133192,0.8715291529045387
5,0.9073319198050099,0.6387537818728689
6,0.14966983955308044,0.4117078715741882
7,0.16119095711093556,0.04288445213734715
8,0.6223056773739969,0.5610365644507387
9,0.05177252154939749,0.82551864301726
10,0.8182546932432283,0.7627775376923439
11,0.515162761155436,0.9488917036674445
12,0.728125968312447,0.132297886990684
13,0.056715115446447584,0.5947336458546962
14,0.08220797800097457,0.6886606169667625
15,0.10839951481982413,0.22601524724920863
16,0.8724398057667649,0.8579479783243639
17,0.39293588236345045,0.8393869067544227
18,0.9139057278460487,0.6417588744904807
19,0.46819830211903,0.39527093848408423
20,0.7093205296612702,0.2115274012222612
21,0.5493923110391503,0.4186151793484285
22,0.8180864202865635,0.7356953279419514
23,0.924361075935826,0.976722892114231
24,0.6903558518395061,0.7087778019791307
25,0.7916066441002929,0.7508622689657708
26,0.6731034442677896,0.6332589121742234
27,0.09614234527927001,0.08394872499842843
28,0.48286829015384103,0.11690433784879395
29,0.22931227613715022,0.8863817789850971
Demand:index, demand
0,377
1,937
2,409
3,555
4,638
5,358
6,296
7,5
8,609
9,395
10,592
11,751
12,883
13,753
14,58
15,335
16,417
17,869
18,482
19,624
20,810
21,270
22,995
23,805
24,678
25,554
26,59
27,83
28,543
29,564
Fixcost:index, fixedCost
0,872
1,866
2,1077
3,809
4,956
5,929
6,1470
7,901
8,1496
9,627
10,946
11,815
12,1451
13,1373
14,661
15,1047
16,659
17,1456
18,1300
19,516
20,1423
21,853
22,1279
23,872
24,758
25,1244
26,1119
27,852
28,601
29,961
TransCost:start_index, end_index, transCost
0,1,0.25926426911441947
0,2,0.3302737112204574
0,3,0.7207277012692991
0,4,0.39176672980074295
0,5,0.8063798325538899
0,6,0.07950413693086504
0,7,0.44315408457910654
0,8,0.5121796065982136
0,9,0.3477721281393065
0,10,0.755670939662143
0,11,0.6129543590581018
0,12,0.7058386612369101
0,13,0.12584246064450746
0,14,0.20769929545043897
0,15,0.25782436724756885
0,16,0.843949477100431
0,17,0.4507661633019811
0,18,0.8134104864415745
0,19,0.36314228777506585
0,20,0.6527856709283367
0,21,0.4382619667893848
0,22,0.7459364113809879
0,23,0.9468374753739957
0,24,0.6168782864928557
0,25,0.7265074060523657
0,26,0.5768277591882518
0,27,0.4002715969723379
0,28,0.5188024550165115
0,29,0.4182956655190068
1,0,0.25926426911441947
1,2,0.09970668745912978
1,3,0.5807510359355351
1,4,0.64732446428869
1,5,0.8755504056576646
1,6,0.18703167537051107
1,7,0.18410847177294112
1,8,0.5913226138824371
1,9,0.6061375179693446
1,10,0.8689059628165038
1,11,0.8171824847722988
1,12,0.599763552274214
1,13,0.3778542810557163
1,14,0.46652023487760075
1,15,0.027214731646102896
1,16,0.9712322355370681
1,17,0.6659120126377971
1,18,0.8827642171573028
1,19,0.37355353527728574
1,20,0.5738813571057008
1,21,0.45675962841329315
1,22,0.852281674237722
1,23,1.0894577504684622
1,24,0.7359302223160148
1,25,0.8406285338267597
1,26,0.674844246334475
1,27,0.14666525764625837
1,28,0.36376225520075933
1,29,0.6677836413191253
2,0,0.3302737112204574
2,1,0.09970668745912978
2,3,0.48550671718548627
2,4,0.7033400598618748
2,5,0.833365891009162
2,6,0.25154557235959546
2,7,0.139197506562048
2,8,0.562307571696611
2,9,0.6766207113631736
2,10,0.8434603234976136
2,11,0.8337186262313954
2,12,0.5110347030943698
2,13,0.45472195218719036
2,14,0.5364993871304639
2,15,0.12361244392139072
2,16,0.9493655235170073
2,17,0.6919897581728978
2,18,0.8404919309693208
2,19,0.33648901585066116
2,20,0.4926292775219723
2,21,0.41405913533395566
2,22,0.8245217334353642
2,23,1.0721423414281237
2,24,0.7163996052371333
2,25,0.8161978282336806
2,26,0.649256116335523
2,27,0.14941660159080267
2,28,0.26963250351908086
2,29,0.7167111623949306
3,0,0.7207277012692991
3,1,0.5807510359355351
3,2,0.48550671718548627
3,4,0.9746038419404373
3,5,0.6333567374633813
3,6,0.6511823899501801
3,7,0.5264125591952372
3,8,0.5204143292583184
3,9,1.0069263127830053
3,10,0.7298329957506761
3,11,0.9204535363339393
3,12,0.09648656482274648
3,13,0.8369677370669618
3,14,0.8838215328891245
3,15,0.6069070540785739
3,16,0.8339554011719247
3,17,0.8475254241330652
3,18,0.638476401302104
3,19,0.41353709284824003
3,20,0.16820106877650845
3,21,0.3986077096203503
3,22,0.7031737533654783
3,23,0.9615912897536438
3,24,0.6640488927094975
3,25,0.7137461552264552
3,26,0.5887028048297835
3,27,0.5927564560547983
3,28,0.21707982102107307
3,29,0.9583307412460952
4,0,0.39176672980074295
4,1,0.64732446428869
4,2,0.7033400598618748
4,3,0.9746038419404373
4,5,0.7716839238351311
4,6,0.46034360787630746
4,7,0.8287099874850873
4,8,0.5473093571820268
4,9,0.12835078003351863
4,10,0.6557424895395748
4,11,0.3521720037317043
4,12,0.9253063109612079
4,13,0.2996876530394426
4,14,0.20354505656813585
4,15,0.6485997406184969
4,16,0.7009783468901102
4,17,0.22366443518111342
4,18,0.7770601734231786
4,19,0.5610673494452242
4,20,0.8513243621086289
4,21,0.589799423161682
4,22,0.6606092065344273
4,23,0.7600825248071532
4,24,0.5436937200185308
4,25,0.6316465553961915
4,26,0.5552345424097938
4,27,0.791186284746586
4,28,0.8163031883213103
4,29,0.05959959033519789
5,0,0.8063798325538899
5,1,0.8755504056576646
5,2,0.833365891009162
5,3,0.6333567374633813
5,4,0.7716839238351311
5,6,0.7909498550698634
5,7,0.9548751721191101
5,8,0.29543175990096476
5,9,0.8757071412874223
5,10,0.15269788570739196
5,11,0.4999821792133925
5,12,0.5372265318385434
5,13,0.8517550823049025
5,14,0.8266318476367325
5,15,0.8992475108103994
5,16,0.22195394878234193
5,17,0.5521385099187661
5,18,0.007228107207343532
5,19,0.5021177443654664
5,20,0.4708830969046077
5,21,0.42021633457645385
5,22,0.13176654559698017
5,23,0.33839785997530436
5,24,0.22799556456565792
5,25,0.16112309677756356
5,26,0.23429291996450796
5,27,0.9827701546916767
5,28,0.6726783890722823
5,29,0.7218242598813822
6,0,0.07950413693086504
6,1,0.18703167537051107
6,2,0.25154557235959546
6,3,0.6511823899501801
6,4,0.46034360787630746
6,5,0.7909498550698634
6,7,0.3690033209537089
6,8,0.49566490062228413
6,9,0.42523315890770375
6,10,0.755152711080474
6,11,0.6497319025596799
6,12,0.6424028583250755
6,13,0.20527789648357103
6,14,0.2850507427539167
6,15,0.19022352754663768
6,16,0.8494272522899997
6,17,0.4920241098943354
6,18,0.7981102410680709
6,19,0.3189522757937872
6,20,0.5943745583795557
6,21,0.3997821470646482
6,22,0.7427978172309704
6,23,0.9588474775291908
6,24,0.6169213138099495
6,25,0.7260224282364379
6,26,0.568390360699047
6,27,0.3321012658923528
6,28,0.44489361759832785
6,29,0.4813088780417287
7,0,0.44315408457910654
7,1,0.18410847177294112
7,2,0.139197506562048
7,3,0.5264125591952372
7,4,0.8287099874850873
7,5,0.9548751721191101
7,6,0.3690033209537089
7,8,0.6936197782201072
7,9,0.7902459558738597
7,10,0.9746685631382707
7,11,0.9726999423684773
7,12,0.5739425661669727
7,13,0.5616517907903361
7,14,0.6505883230206894
7,15,0.1905881016681743
7,16,1.0817594355653462
7,17,0.8295311149024611
7,18,0.9618888188515414
7,19,0.46736468164455713
7,20,0.5734862444560197
7,21,0.5402535243404406
7,22,0.954724336745359
7,23,1.2060194286352344
7,24,0.8505465532095294
7,25,0.9479749614432885
7,26,0.7814066787345431
7,27,0.07692591505361529
7,28,0.3300837016187439
7,29,0.8462436141591682
8,0,0.5121796065982136
8,1,0.5913226138824371
8,2,0.562307571696611
8,3,0.5204143292583184
8,4,0.5473093571820268
8,5,0.29543175990096476
8,6,0.49566490062228413
8,7,0.6936197782201072
8,9,0.6288551914217169
8,10,0.28123911019733794
8,11,0.40238192493280284
8,12,0.44160478657335117
8,13,0.5665934848166416
8,14,0.5549715521075331
8,15,0.6134646093220081
8,16,0.3882312067251227
8,17,0.36067910380802237
8,18,0.3025668203446231
8,19,0.22633454411576673
8,20,0.36017806665487906
8,21,0.16000065601346788
8,22,0.26236574273268964
8,23,0.5138410131613724
8,24,0.16266007350055814
8,25,0.25435529369188814
8,26,0.08829768191797581
8,27,0.7102539395133963
8,28,0.4655064120516332
8,29,0.5101894962032371
9,0,0.3477721281393065
9,1,0.6061375179693446
9,2,0.6766207113631736
9,3,1.0069263127830053
9,4,0.12835078003351863
9,5,0.8757071412874223
9,6,0.42523315890770375
9,7,0.7902459558738597
9,8,0.6288551914217169
9,10,0.7690457501487693
9,11,0.4795325080287424
9,12,0.9685086481463729
9,13,0.2308379174870448
9,14,0.14020141334471092
9,15,0.602171850806955
9,16,0.8213077700674516
9,17,0.34144511638186187
9,18,0.8814994713148498
9,19,0.5987683341486043
9,20,0.8996413885392646
9,21,0.6428031453232925
9,22,0.7715602499668277
9,23,0.8855921805160522
9,24,0.6491664606945554
9,25,0.7435913548967398
9,26,0.6503967401747378
9,27,0.7428961061738555
9,28,0.8294442688921564
9,29,0.1876824066845875
10,0,0.755670939662143
10,1,0.8689059628165038
10,2,0.8434603234976136
10,3,0.7298329957506761
10,4,0.6557424895395748
10,5,0.15269788570739196
10,6,0.755152711080474
10,7,0.9746685631382707
10,8,0.28123911019733794
10,9,0.7690457501487693
10,11,0.3556728863342245
10,12,0.6368891402799514
10,13,0.7798597810727529
10,14,0.7397689402487465
10,15,0.8899483865799656
10,16,0.10951456153992108
10,17,0.43216326349688494
10,18,0.1542551044982173
10,19,0.507543670464442
10,20,0.5619104599076133
10,21,0.43673185075661397
10,22,0.027082732520043135
10,23,0.23881201629485665
10,24,0.13883113876040695
10,25,0.02919061753287777
10,26,0.1945352395717366
10,27,0.9910876853363944
10,28,0.7277611075438033
10,29,0.6017733619331341
11,0,0.6129543590581018
11,1,0.8171824847722988
11,2,0.8337186262313954
11,3,0.9204535363339393
11,4,0.3521720037317043
11,5,0.4999821792133925
11,6,0.6497319025596799
11,7,0.9726999423684773
11,8,0.40238192493280284
11,9,0.4795325080287424
11,10,0.3556728863342245
11,12,0.8439068604042266
11,13,0.5793118104870745
11,14,0.50514360605846
11,15,0.8294616988223575
11,16,0.36867010698656216
11,17,0.16410579041031081
11,18,0.5033155354680372
11,19,0.5556092260346218
11,20,0.7624981007134619
11,21,0.5313801410751983
11,22,0.37042602214730697
11,23,0.41014367710531835
11,24,0.29723274518030823
11,25,0.34005422718427447
11,26,0.3529437893600057
11,27,0.9610954506550663
11,28,0.8326139019612451
11,29,0.2926055202298514
12,0,0.7058386612369101
12,1,0.599763552274214
12,2,0.5110347030943698
12,3,0.09648656482274648
12,4,0.9253063109612079
12,5,0.5372265318385434
12,6,0.6424028583250755
12,7,0.5739425661669727
12,8,0.44160478657335117
12,9,0.9685086481463729
12,10,0.6368891402799514
12,11,0.8439068604042266
12,13,0.8152541716681881
12,14,0.8524960630492356
12,15,0.6267725430906894
12,16,0.7398611617954879
12,17,0.7825134347657813
12,18,0.5422772508935174
12,19,0.3697529140716905
12,20,0.08143070949116721
12,21,0.3375252763058767
12,22,0.6100666805078978
12,23,0.8669266443833997
12,24,0.5777159112258085
12,25,0.6218132282660949
12,26,0.5039736371132796
12,27,0.6338303726135993
12,28,0.24574028984058383
12,29,0.9041336271077375
13,0,0.12584246064450746
13,1,0.3778542810557163
13,2,0.45472195218719036
13,3,0.8369677370669618
13,4,0.2996876530394426
13,5,0.8517550823049025
13,6,0.20527789648357103
13,7,0.5616517907903361
13,8,0.5665934848166416
13,9,0.2308379174870448
13,10,0.7798597810727529
13,11,0.5793118104870745
13,12,0.8152541716681881
13,14,0.0973250324608779
13,15,0.37232315884024986
13,16,0.8571397524415901
13,17,0.4158120034043356
13,18,0.8584795385530462
13,19,0.45727867274326023
13,20,0.756796440654813
13,21,0.5232098367783328
13,22,0.7743103122462008
13,23,0.9480112325344375
13,24,0.6438219104402022
13,25,0.7512933553824002
13,26,0.6175911010143825
13,27,0.512304344922463
13,28,0.6402557113392974
13,29,0.33889292326181764
14,0,0.20769929545043897
14,1,0.46652023487760075
14,2,0.5364993871304639
14,3,0.8838215328891245
14,4,0.20354505656813585
14,5,0.8266318476367325
14,6,0.2850507427539167
14,7,0.6505883230206894
14,8,0.5549715521075331
14,9,0.14020141334471092
14,10,0.7397689402487465
14,11,0.50514360605846
14,12,0.8524960630492356
14,13,0.0973250324608779
14,15,0.4633861615564553
14,16,0.8081612167937043
14,17,0.3453552446143676
14,18,0.8330191597704527
14,19,0.48483608957350816
14,20,0.7879887423158886
14,21,0.539616289056217
14,22,0.737380055234195
14,23,0.8900571412692576
14,24,0.6084805153718139
14,25,0.7121204343191522
14,26,0.5934869846497026
14,27,0.6048724153731666
14,28,0.6981646857620749
14,29,0.24644133671122903
15,0,0.25782436724756885
15,1,0.027214731646102896
15,2,0.12361244392139072
15,3,0.6069070540785739
15,4,0.6485997406184969
15,5,0.8992475108103994
15,6,0.19022352754663768
15,7,0.1905881016681743
15,8,0.6134646093220081
15,9,0.602171850806955
15,10,0.8899483865799656
15,11,0.8294616988223575
15,12,0.6267725430906894
15,13,0.37232315884024986
15,14,0.4633861615564553
15,16,0.9915122504509919
15,17,0.6761551132241047
15,18,0.9064673313559509
15,19,0.3976212473666048
15,20,0.6010956361183918
15,21,0.4812165626430207
15,22,0.8737444068181023
15,23,1.1087629310531857
15,24,0.7561301888211623
15,25,0.861531414229571
15,26,0.6962312335392103
15,27,0.14259430195339964
15,28,0.39004109302782947
15,29,0.6713448086387999
16,0,0.843949477100431
16,1,0.9712322355370681
16,2,0.9493655235170073
16,3,0.8339554011719247
16,4,0.7009783468901102
16,5,0.22195394878234193
16,6,0.8494272522899997
16,7,1.0817594355653462
16,8,0.3882312067251227
16,9,0.8213077700674516
16,10,0.10951456153992108
16,11,0.36867010698656216
16,12,0.7398611617954879
16,13,0.8571397524415901
16,14,0.8081612167937043
16,15,0.9915122504509919
16,17,0.47986302830807476
16,18,0.2201298510206708
16,19,0.6143950166356701
16,20,0.666683928663498
16,21,0.5453191653571492
16,22,0.1337908854843399
16,23,0.12962753735900023
16,24,0.2353854451504003
16,25,0.13416910662977177
16,26,0.30036671164273915
16,27,1.0962265237205489
16,28,0.8372046600839226
16,29,0.6437557769740829
17,0,0.4507661633019811
17,1,0.6659120126377971
17,2,0.6919897581728978
17,3,0.8475254241330652
17,4,0.22366443518111342
17,5,0.5521385099187661
17,6,0.4920241098943354
17,7,0.8295311149024611
17,8,0.36067910380802237
17,9,0.34144511638186187
17,10,0.43216326349688494
17,11,0.16410579041031081
17,12,0.7825134347657813
17,13,0.4158120034043356
17,14,0.3453552446143676
17,15,0.6761551132241047
17,16,0.47986302830807476
17,18,0.5571951355123984
17,19,0.45044802707989007
17,20,0.7030695582464485
17,21,0.44891810016770173
17,22,0.43761275508482994
17,23,0.5488842402895042
17,24,0.32483438317601343
17,25,0.4083809346179694
17,26,0.34782554951164296
17,27,0.8116484769342831
17,28,0.7280583083403785
17,29,0.17023866344187727
18,0,0.8134104864415745
18,1,0.8827642171573028
18,2,0.8404919309693208
18,3,0.638476401302104
18,4,0.7770601734231786
18,5,0.007228107207343532
18,6,0.7981102410680709
18,7,0.9618888188515414
18,8,0.3025668203446231
18,9,0.8814994713148498
18,10,0.1542551044982173
18,11,0.5033155354680372
18,12,0.5422772508935174
18,13,0.8584795385530462
18,14,0.8330191597704527
18,15,0.9064673313559509
18,16,0.2201298510206708
18,17,0.5571951355123984
18,19,0.5093244662736116
18,20,0.47639712835705444
18,21,0.4273910852063819
18,22,0.13418419053010502
18,23,0.335127151102865
18,24,0.23337969856924037
18,25,0.16389208818940024
18,26,0.24095225488856115
18,27,0.9898934855545851
18,28,0.6791653387251322
18,29,0.7269859417664734
19,0,0.36314228777506585
19,1,0.37355353527728574
19,2,0.33648901585066116
19,3,0.41353709284824003
19,4,0.5610673494452242
19,5,0.5021177443654664
19,6,0.3189522757937872
19,7,0.46736468164455713
19,8,0.22633454411576673
19,9,0.5987683341486043
19,10,0.507543670464442
19,11,0.5556092260346218
19,12,0.3697529140716905
19,13,0.45727867274326023
19,14,0.48483608957350816
19,15,0.3976212473666048
19,16,0.6143950166356701
19,17,0.45044802707989007
19,18,0.5093244662736116
19,20,0.3031527933244535
19,21,0.08448325672021112
19,22,0.4881705236621518
19,23,0.7390337276447859
19,24,0.3842401987771549
19,25,0.48066427990522187
19,26,0.3140452083699761
19,27,0.48512591729318855
19,28,0.27875288859164976
19,29,0.5461285481157587
20,0,0.6527856709283367
20,1,0.5738813571057008
20,2,0.4926292775219723
20,3,0.16820106877650845
20,4,0.8513243621086289
20,5,0.4708830969046077
20,6,0.5943745583795557
20,7,0.5734862444560197
20,8,0.36017806665487906
20,9,0.8996413885392646
20,10,0.5619104599076133
20,11,0.7624981007134619
20,12,0.08143070949116721
20,13,0.756796440654813
20,14,0.7879887423158886
20,15,0.6010956361183918
20,16,0.666683928663498
20,17,0.7030695582464485
20,18,0.47639712835705444
20,19,0.3031527933244535
20,21,0.2616531730380453
20,22,0.5353335729852292
20,23,0.7948374524539353
20,24,0.49761191711789876
20,25,0.5455759380630536
20,26,0.42328376369077003
20,27,0.6263096713519852
20,28,0.2454264470266179
20,29,0.8281523740453446
21,0,0.4382619667893848
21,1,0.45675962841329315
21,2,0.41405913533395566
21,3,0.3986077096203503
21,4,0.589799423161682
21,5,0.42021633457645385
21,6,0.3997821470646482
21,7,0.5402535243404406
21,8,0.16000065601346788
21,9,0.6428031453232925
21,10,0.43673185075661397
21,11,0.5313801410751983
21,12,0.3375252763058767
21,13,0.5232098367783328
21,14,0.539616289056217
21,15,0.4812165626430207
21,16,0.5453191653571492
21,17,0.44891810016770173
21,18,0.4273910852063819
21,19,0.08448325672021112
21,20,0.2616531730380453
21,22,0.4156156216702536
21,23,0.6723732547453192
21,24,0.32259117688941963
21,25,0.4111640933975733
21,26,0.24774256099044697
21,27,0.5634156255629883
21,28,0.3089577272591943
21,29,0.5667952191740127
22,0,0.7459364113809879
22,1,0.852281674237722
22,2,0.8245217334353642
22,3,0.7031737533654783
22,4,0.6606092065344273
22,5,0.13176654559698017
22,6,0.7427978172309704
22,7,0.954724336745359
22,8,0.26236574273268964
22,9,0.7715602499668277
22,10,0.027082732520043135
22,11,0.37042602214730697
22,12,0.6100666805078978
22,13,0.7743103122462008
22,14,0.737380055234195
22,15,0.8737444068181023
22,16,0.1337908854843399
22,17,0.43761275508482994
22,18,0.13418419053010502
22,19,0.4881705236621518
22,20,0.5353335729852292
22,21,0.4156156216702536
22,23,0.2634171390099583
22,24,0.13053601541248128
22,25,0.030515809785994566
22,26,0.17751980906535253
22,27,0.972613428802296
22,28,0.7037566938865654
22,29,0.607751099831874
23,0,0.9468374753739957
23,1,1.0894577504684622
23,2,1.0721423414281237
23,3,0.9615912897536438
23,4,0.7600825248071532
23,5,0.33839785997530436
23,6,0.9588474775291908
23,7,1.2060194286352344
23,8,0.5138410131613724
23,9,0.8855921805160522
23,10,0.23881201629485665
23,11,0.41014367710531835
23,12,0.8669266443833997
23,13,0.9480112325344375
23,14,0.8900571412692576
23,15,1.1087629310531857
23,16,0.12962753735900023
23,17,0.5488842402895042
23,18,0.335127151102865
23,19,0.7390337276447859
23,20,0.7948374524539353
23,21,0.6723732547453192
23,22,0.2634171390099583
23,24,0.3557429074934255
23,25,0.2619861833398585
23,26,0.42555599277611
23,27,1.2177815811054427
23,28,0.9665422009186375
23,29,0.7008953922112704
24,0,0.6168782864928557
24,1,0.7359302223160148
24,2,0.7163996052371333
24,3,0.6640488927094975
24,4,0.5436937200185308
24,5,0.22799556456565792
24,6,0.6169213138099495
24,7,0.8505465532095294
24,8,0.16266007350055814
24,9,0.6491664606945554
24,10,0.13883113876040695
24,11,0.29723274518030823
24,12,0.5777159112258085
24,13,0.6438219104402022
24,14,0.6084805153718139
24,15,0.7561301888211623
24,16,0.2353854451504003
24,17,0.32483438317601343
24,18,0.23337969856924037
24,19,0.3842401987771549
24,20,0.49761191711789876
24,21,0.32259117688941963
24,22,0.13053601541248128
24,23,0.3557429074934255
24,25,0.10964864474760558
24,26,0.07746449692850495
24,27,0.8622650792066022
24,28,0.6271883973702859
24,29,0.4940691766794907
25,0,0.7265074060523657
25,1,0.8406285338267597
25,2,0.8161978282336806
25,3,0.7137461552264552
25,4,0.6316465553961915
25,5,0.16112309677756356
25,6,0.7260224282364379
25,7,0.9479749614432885
25,8,0.25435529369188814
25,9,0.7435913548967398
25,10,0.02919061753287777
25,11,0.34005422718427447
25,12,0.6218132282660949
25,13,0.7512933553824002
25,14,0.7121204343191522
25,15,0.861531414229571
25,16,0.13416910662977177
25,17,0.4083809346179694
25,18,0.16389208818940024
25,19,0.48066427990522187
25,20,0.5455759380630536
25,21,0.4111640933975733
25,22,0.030515809785994566
25,23,0.2619861833398585
25,24,0.10964864474760558
25,26,0.1669537597635412
25,27,0.9635581280139239
25,28,0.7051397234759096
25,29,0.5783947560610733
26,0,0.5768277591882518
26,1,0.674844246334475
26,2,0.649256116335523
26,3,0.5887028048297835
26,4,0.5552345424097938
26,5,0.23429291996450796
26,6,0.568390360699047
26,7,0.7814066787345431
26,8,0.08829768191797581
26,9,0.6503967401747378
26,10,0.1945352395717366
26,11,0.3529437893600057
26,12,0.5039736371132796
26,13,0.6175911010143825
26,14,0.5934869846497026
26,15,0.6962312335392103
26,16,0.30036671164273915
26,17,0.34782554951164296
26,18,0.24095225488856115
26,19,0.3140452083699761
26,20,0.42328376369077003
26,21,0.24774256099044697
26,22,0.17751980906535253
26,23,0.42555599277611
26,24,0.07746449692850495
26,25,0.1669537597635412
26,27,0.7966340386156915
26,28,0.5502830728702757
26,29,0.5109029130992626
27,0,0.4002715969723379
27,1,0.14666525764625837
27,2,0.14941660159080267
27,3,0.5927564560547983
27,4,0.791186284746586
27,5,0.9827701546916767
27,6,0.3321012658923528
27,7,0.07692591505361529
27,8,0.7102539395133963
27,9,0.7428961061738555
27,10,0.9910876853363944
27,11,0.9610954506550663
27,12,0.6338303726135993
27,13,0.512304344922463
27,14,0.6048724153731666
27,15,0.14259430195339964
27,16,1.0962265237205489
27,17,0.8116484769342831
27,18,0.9898934855545851
27,19,0.48512591729318855
27,20,0.6263096713519852
27,21,0.5634156255629883
27,22,0.972613428802296
27,23,1.2177815811054427
27,24,0.8622650792066022
27,25,0.9635581280139239
27,26,0.7966340386156915
27,28,0.3881275935275318
27,29,0.8134082840831316
28,0,0.5188024550165115
28,1,0.36376225520075933
28,2,0.26963250351908086
28,3,0.21707982102107307
28,4,0.8163031883213103
28,5,0.6726783890722823
28,6,0.44489361759832785
28,7,0.3300837016187439
28,8,0.4655064120516332
28,9,0.8294442688921564
28,10,0.7277611075438033
28,11,0.8326139019612451
28,12,0.24574028984058383
28,13,0.6402557113392974
28,14,0.6981646857620749
28,15,0.39004109302782947
28,16,0.8372046600839226
28,17,0.7280583083403785
28,18,0.6791653387251322
28,19,0.27875288859164976
28,20,0.2454264470266179
28,21,0.3089577272591943
28,22,0.7037566938865654
28,23,0.9665422009186375
28,24,0.6271883973702859
28,25,0.7051397234759096
28,26,0.5502830728702757
28,27,0.3881275935275318
28,29,0.8101766379387307
29,0,0.4182956655190068
29,1,0.6677836413191253
29,2,0.7167111623949306
29,3,0.9583307412460952
29,4,0.05959959033519789
29,5,0.7218242598813822
29,6,0.4813088780417287
29,7,0.8462436141591682
29,8,0.5101894962032371
29,9,0.1876824066845875
29,10,0.6017733619331341
29,11,0.2926055202298514
29,12,0.9041336271077375
29,13,0.33889292326181764
29,14,0.24644133671122903
29,15,0.6713448086387999
29,16,0.6437557769740829
29,17,0.17023866344187727
29,18,0.7269859417664734
29,19,0.5461285481157587
29,20,0.8281523740453446
29,21,0.5667952191740127
29,22,0.607751099831874
29,23,0.7008953922112704
29,24,0.4940691766794907
29,25,0.5783947560610733
29,26,0.5109029130992626
29,27,0.8134082840831316
29,28,0.8101766379387307
