siteNum=30
demandLowerBound=0
demandUpperBound=1000
fixedCostLowerBound=500
fixedCostUpperBound=1500
coordinateLowerBound=0
coordinateUpperBound=1
facilityFailProbility=0.05
Coordinate: index, x, y
0,0.5402593252269144,0.562272901653653
1,0.8295809928776482,0.7856546929905276
2,0.6722826461211033,0.10444358389645458
3,0.8837375568147446,0.5587448031428391
4,0.5162425915293446,0.3102756092097987
5,0.1917093934183739,0.33794656852196414
6,0.28574247719710355,0.5901146598807006
7,0.1832433015118321,0.1044335984388256
8,0.7503820004234264,0.6764563449616438
9,0.24678122486341747,0.6584900195030186
10,0.4211058322794078,0.21784964495724113
11,0.0008015055603068921,0.5168818933663245
12,0.9890891474929584,0.8626079798302232
13,0.3024818635542985,0.917338745382272
14,0.6456408197305563,0.014725636202869596
15,0.0731160147296831,0.9545353178485889
16,0.10154155015094013,0.9166229480625125
17,0.9915653501662197,0.49514476554619935
18,0.3702035377335603,0.9180554967791067
19,0.5013427420378009,0.4450566444237446
20,0.0017734088120509028,0.4634414936266025
21,0.811310172298823,0.049210009752927886
22,0.17001746465417555,0.031124996323730114
23,0.21048857257003928,0.340863198738399
24,0.18486091969211516,0.7521122828722444
25,0.07544255913066467,0.6987014548922641
26,0.35208027474968095,0.9963143937618076
27,0.9815924243660725,0.8558268624126195
28,0.0698833830901715,0.4756741595857653
29,0.4284711515871429,0.5249696424146465
Demand:index, demand
0,743
1,553
2,595
3,229
4,331
5,794
6,280
7,260
8,462
9,281
10,857
11,118
12,795
13,621
14,381
15,433
16,290
17,408
18,160
19,26
20,633
21,412
22,931
23,986
24,982
25,694
26,690
27,170
28,413
29,544
Fixcost:index, fixedCost
0,1135
1,1012
2,1370
3,1028
4,1081
5,845
6,679
7,972
8,552
9,688
10,826
11,690
12,1372
13,543
14,1484
15,1283
16,928
17,1404
18,824
19,1304
20,999
21,1096
22,1416
23,1014
24,1247
25,667
26,575
27,1287
28,1169
29,868
TransCost:start_index, end_index, transCost
0,1,0.36552216358665945
0,2,0.4764848806184218
0,3,0.343496350859518
0,4,0.2531391690286855
0,5,0.4144989248478791
0,6,0.25603513319894833
0,7,0.5805835588074871
0,8,0.23914304789687701
0,9,0.30884806808559695
0,10,0.36445155320694395
0,11,0.5413640945175349
0,12,0.540045709675297
0,13,0.42732876648101803
0,14,0.5575959713685634
0,15,0.6099939964470158
0,16,0.5639479067764807
0,17,0.4562710979272933
0,18,0.3943351694360869
0,19,0.12350769776051708
0,20,0.5474803461219085
0,21,0.580260366339055
0,22,0.6474543479325227
0,23,0.3972039851926249
0,24,0.4029230910709081
0,25,0.48442478898478797
0,26,0.4730786107086078
0,27,0.5300460661801489
0,28,0.47828116110585944
0,29,0.11784790585991861
1,0,0.36552216358665945
1,2,0.6991361419963348
1,3,0.23328315740353595
1,4,0.5693559756915842
1,5,0.7793091441218252
1,6,0.5779240743265591
1,7,0.9390498341101562
1,8,0.13489536544300224
1,9,0.5965118806701388
1,10,0.6994673183200493
1,11,0.8712716318208846
1,12,0.17710070509236878
1,13,0.5432993482305543
1,14,0.7925689862068097
1,15,0.7750870458321766
1,16,0.7397257018668583
1,17,0.33261832473557507
1,18,0.4780770012649848
1,19,0.4730194287784627
1,20,0.8883055454520463
1,21,0.7366712932872789
1,22,1.0021672070641132
1,23,0.7623089257258991
1,24,0.6455920275568017
1,25,0.7591347988797027
1,26,0.5219046324203012
1,27,0.16742642761691684
1,28,0.8205049600134701
1,29,0.47837830257427444
2,0,0.4764848806184218
2,1,0.6991361419963348
2,3,0.5011015636227923
2,4,0.25829309181933646
2,5,0.5342979459461756
2,6,0.6207170822842638
2,7,0.4890393447112153
2,8,0.5773197623188219
2,9,0.6985835041715837
2,10,0.2755915936616874
2,11,0.7880306347136463
2,12,0.8216931365011463
2,13,0.8930571999340661
2,14,0.0935900478243969
2,15,1.0400272151759724
2,16,0.9926634465952724
2,17,0.5045679918949162
2,18,0.867880252401667
2,19,0.38110065312168645
2,20,0.7605669835769776
2,21,0.14959746237074004
2,22,0.5075883448205496
2,23,0.5187947577307416
2,24,0.8105890962923247
2,25,0.8422354223607712
2,26,0.9476091494502167
2,27,0.8125573026880336
2,28,0.7075994717542028
2,29,0.4860928005635644
3,0,0.343496350859518
3,1,0.23328315740353595
3,2,0.5011015636227923
3,4,0.4436096142373971
3,5,0.7263985402968876
3,6,0.5988173203562693
3,7,0.8349196802279811
3,8,0.1778755505902884
3,9,0.6447189131704051
3,10,0.5746630503355195
3,11,0.8839279234302623
3,12,0.32160812770354275
3,13,0.6829698356139161
3,14,0.5938408121779738
3,15,0.9020850381329942
3,16,0.8601786787940918
3,17,0.12518705125268512
3,18,0.6267546276774109
3,19,0.39893707749622764
3,20,0.8870983480803383
3,21,0.5146566153297913
3,22,0.8875691694180939
3,23,0.7076274361020639
3,24,0.7251341504388946
3,25,0.8203222949853409
3,26,0.6885685239736582
3,27,0.3127831917534272
3,28,0.8180827268130614
3,29,0.4565175365865786
4,0,0.2531391690286855
4,1,0.5693559756915842
4,2,0.25829309181933646
4,3,0.4436096142373971
4,5,0.32571072850827326
4,6,0.36254682040747205
4,7,0.39148366575172044
4,8,0.4346373132084182
4,9,0.44029842568572064
4,10,0.1326407246233052
4,11,0.5553068248796408
4,12,0.727086592588413
4,13,0.6435987104741436
4,14,0.32263553432008907
4,15,0.781941004962347
4,16,0.7345978825548716
4,17,0.5100081664470694
4,18,0.6250790325769444
4,19,0.13560211269819353
4,20,0.5367851787400447
4,21,0.3939798528363194
4,22,0.4447436375648275
4,23,0.307280199073968
4,24,0.5522983420423528
4,25,0.5875196219334429
4,26,0.705406606263412
4,27,0.7170611109189641
4,28,0.4760180914890907
4,29,0.23194256522529844
5,0,0.4144989248478791
5,1,0.7793091441218252
5,2,0.5342979459461756
5,3,0.7263985402968876
5,4,0.32571072850827326
5,6,0.2691300190325219
5,7,0.233666390200257
5,8,0.6532258036567935
5,9,0.3252399277234499
5,10,0.25893241823270213
5,11,0.26165563652171736
5,12,0.9545072386965009
5,13,0.5898862896753413
5,14,0.5572481591562569
5,15,0.6278901777102192
5,16,0.5856591092074445
5,17,0.8151569325551259
5,18,0.6069485383444474
5,19,0.32763604645546074
5,20,0.2276502898645028
5,21,0.6835743745628885
5,22,0.30758741349363955
5,23,0.019004323229985447
5,24,0.41422233225124067
5,25,0.37902778894869127
5,26,0.6776186338125755
5,27,0.9445185024018294
5,28,0.18387622503392034
5,29,0.30171801454244385
6,0,0.25603513319894833
6,1,0.5779240743265591
6,2,0.6207170822842638
6,3,0.5988173203562693
6,4,0.36254682040747205
6,5,0.2691300190325219
6,7,0.4963790632767124
6,8,0.47259366598231234
6,9,0.07869668980897782
6,10,0.39611170045215965
6,11,0.2942012838324654
6,12,0.7542871787544707
6,13,0.3276519635038911
6,14,0.678674697868761
6,15,0.4219151911168381
6,16,0.3748835069406004
6,17,0.7121834095486101
6,18,0.33864267783693486
6,19,0.25985631038650825
6,20,0.3109413495312469
6,21,0.7541878033118687
6,22,0.5708429928549494
6,23,0.2603640548216892
6,24,0.1908410817920048
6,25,0.23667941944671536
6,26,0.41158100926695945
6,27,0.7448557736564981
6,28,0.24431900584363145
6,29,0.15689279076423607
7,0,0.5805835588074871
7,1,0.9390498341101562
7,2,0.4890393447112153
7,3,0.8349196802279811
7,4,0.39148366575172044
7,5,0.233666390200257
7,6,0.4963790632767124
7,8,0.8055161862698007
7,9,0.55768771317494
7,10,0.26351808884974726
7,11,0.45099734466914443
7,12,1.1064429131605777
7,13,0.8216036834174377
7,14,0.4710190902111751
7,15,0.8572053153343332
7,16,0.8162883778528178
7,17,0.8977971655353075
7,18,0.8348261635735473
7,19,0.4660593454904414
7,20,0.4022660696151589
7,21,0.630489999070177
7,22,0.07449210632446052
7,23,0.2379942450834709
7,24,0.6476807044817541
7,25,0.6039662948142847
7,26,0.9077209244024691
7,27,1.0963362436348287
7,28,0.3881623698212646
7,29,0.4868133756742851
8,0,0.23914304789687701
8,1,0.13489536544300224
8,2,0.5773197623188219
8,3,0.1778755505902884
8,4,0.4346373132084182
8,5,0.6532258036567935
8,6,0.47259366598231234
8,7,0.8055161862698007
8,9,0.503921154542184
8,10,0.5645732018051656
8,11,0.7663777944859741
8,12,0.30271031238846174
8,13,0.5085654957228098
8,14,0.6699688394599603
8,15,0.7321319078824362
8,16,0.6918626504985025
8,17,0.3017338181630915
8,18,0.4504506783790512
8,19,0.33995054585379286
8,20,0.778325221436166
8,21,0.6301985458257124
8,22,0.8679144796081504
8,23,0.6356946383534288
8,24,0.5705592990151356
8,25,0.6753059264721514
8,26,0.5108360167969087
8,27,0.29262953143927384
8,28,0.7095011304830918
8,29,0.355773545457021
9,0,0.30884806808559695
9,1,0.5965118806701388
9,2,0.6985835041715837
9,3,0.6447189131704051
9,4,0.44029842568572064
9,5,0.3252399277234499
9,6,0.07869668980897782
9,7,0.55768771317494
9,8,0.503921154542184
9,10,0.4738702442975104
9,11,0.28382896909297844
9,12,0.7698605027709389
9,13,0.2647739111768472
9,14,0.7573120609256129
9,15,0.34322357710872936
9,16,0.2961877308689323
9,17,0.7624861082624903
9,18,0.2874148644516822
9,19,0.3321977899141624
9,20,0.31316570274029565
9,21,0.8306112585160386
9,22,0.6320439440341242
9,23,0.31969353118186145
9,24,0.11224639143813887
9,25,0.17599402805533906
9,26,0.35385476929143145
9,27,0.7608477695860449
9,28,0.2543904185721568
9,29,0.2254748779147996
10,0,0.36445155320694395
10,1,0.6994673183200493
10,2,0.2755915936616874
10,3,0.5746630503355195
10,4,0.1326407246233052
10,5,0.25893241823270213
10,6,0.39611170045215965
10,7,0.26351808884974726
10,8,0.5645732018051656
10,9,0.4738702442975104
10,11,0.5158255641662096
10,12,0.859254535483611
10,13,0.7094763192450574
10,14,0.3027793313985177
10,15,0.8147408752245517
10,16,0.7683784611406898
10,17,0.6342843569331493
10,18,0.7020536151289419
10,19,0.2409584659109288
10,20,0.48595785568693217
10,21,0.4250867600053326
10,22,0.3129080739834176
10,23,0.24390974663049733
10,24,0.5841645530116282
10,25,0.5922006091871994
10,26,0.7815189650441289
10,27,0.8492114871461822
10,28,0.4356956382130991
10,29,0.3072083019170243
11,0,0.5413640945175349
11,1,0.8712716318208846
11,2,0.7880306347136463
11,3,0.8839279234302623
11,4,0.5553068248796408
11,5,0.26165563652171736
11,6,0.2942012838324654
11,7,0.45099734466914443
11,8,0.7663777944859741
11,9,0.28382896909297844
11,10,0.5158255641662096
11,12,1.0470143218019723
11,13,0.501374838544881
11,14,0.8172996070646109
11,15,0.44358754287903635
11,16,0.4122395752396215
11,17,0.9910022696765926
11,18,0.5453422058202771
11,19,0.505668266554351
11,20,0.05344923685397233
11,21,0.9357570676092963
11,22,0.5143868231559858
11,23,0.2737722537615215
11,24,0.2986824468857373
11,25,0.19654424395432685
11,26,0.5943503143085452
11,27,1.0377063739101018
11,28,0.08043869172469585
11,29,0.4277461137373288
12,0,0.540045709675297
12,1,0.17710070509236878
12,2,0.8216931365011463
12,3,0.32160812770354275
12,4,0.727086592588413
12,5,0.9545072386965009
12,6,0.7542871787544707
12,7,1.1064429131605777
12,8,0.30271031238846174
12,9,0.7698605027709389
12,10,0.859254535483611
12,11,1.0470143218019723
12,13,0.6887851762745311
12,14,0.9148011928707811
12,15,0.9205745029161473
12,16,0.8891897178559391
12,17,0.3674715573097127
12,18,0.621364486515812
12,19,0.642063605676385
12,20,1.064953638218665
12,21,0.8325993164463574
12,22,1.1671513927032837
12,23,0.9372494181736555
12,24,0.8117834325963511
12,25,0.9282324263584506
12,26,0.6508899362258609
12,27,0.010108630524087498
12,28,0.997324931283823
12,29,0.654440359563962
13,0,0.42732876648101803
13,1,0.5432993482305543
13,2,0.8930571999340661
13,3,0.6829698356139161
13,4,0.6435987104741436
13,5,0.5898862896753413
13,6,0.3276519635038911
13,7,0.8216036834174377
13,8,0.5085654957228098
13,9,0.2647739111768472
13,10,0.7094763192450574
13,11,0.501374838544881
13,12,0.6887851762745311
13,14,0.965644082499596
13,15,0.23236238424124997
13,16,0.20094158831969766
13,17,0.8081360084361195
13,18,0.06772546704310689
13,19,0.5124412472440436
13,20,0.5444706510959245
13,21,1.0062572978146378
13,22,0.8960589411396815
13,23,0.583769493434238
13,24,0.20281634635454915
13,25,0.3151969393030008
13,26,0.09325854078889659
13,27,0.6818906551292182
13,28,0.4991689688482455
13,29,0.4121004897626817
14,0,0.5575959713685634
14,1,0.7925689862068097
14,2,0.0935900478243969
14,3,0.5938408121779738
14,4,0.32263553432008907
14,5,0.5572481591562569
14,6,0.678674697868761
14,7,0.4710190902111751
14,8,0.6699688394599603
14,9,0.7573120609256129
14,10,0.3027793313985177
14,11,0.8172996070646109
14,12,0.9148011928707811
14,13,0.965644082499596
14,15,1.1004666692164358
14,16,1.0533103893424398
14,17,0.5920019599597093
14,18,0.9443889735286921
14,19,0.4538796226558527
14,20,0.7848000787120344
14,21,0.16922028956224072
14,22,0.4759059937702893
14,23,0.5438043654711352
14,24,0.8695154874789415
14,25,0.8904768256069158
14,26,1.0245458908880403
14,27,0.9057122906247453
14,28,0.7375433323239922
14,29,0.5545372941800796
15,0,0.6099939964470158
15,1,0.7750870458321766
15,2,1.0400272151759724
15,3,0.9020850381329942
15,4,0.781941004962347
15,5,0.6278901777102192
15,6,0.4219151911168381
15,7,0.8572053153343332
15,8,0.7321319078824362
15,9,0.34322357710872936
15,10,0.8147408752245517
15,11,0.44358754287903635
15,12,0.9205745029161473
15,13,0.23236238424124997
15,14,1.1004666692164358
15,16,0.04738521759769954
15,17,1.0269317705225165
15,18,0.29931884950640963
15,19,0.6655423717959362
15,20,0.4962488404098229
15,21,1.1681372041621292
15,22,0.9284807552642714
15,23,0.6288598328886916
15,24,0.23121853055950634
15,25,0.25584444149522834
15,26,0.282075432380538
15,27,0.9138231481202364
15,28,0.4788720693464276
15,29,0.5574979307602882
16,0,0.5639479067764807
16,1,0.7397257018668583
16,2,0.9926634465952724
16,3,0.8601786787940918
16,4,0.7345978825548716
16,5,0.5856591092074445
16,6,0.3748835069406004
16,7,0.8162883778528178
16,8,0.6918626504985025
16,9,0.2961877308689323
16,10,0.7683784611406898
16,11,0.4122395752396215
16,12,0.8891897178559391
16,13,0.20094158831969766
16,14,1.0533103893424398
16,15,0.04738521759769954
16,17,0.9847772453356611
16,18,0.2686658068449898
16,19,0.6182360162281758
16,20,0.46403352537382836
16,21,1.1207928901151056
16,22,0.8881416403933742
16,23,0.5859767424017388
16,24,0.18440682281868906
16,25,0.21947877919704917
16,26,0.26290754846753145
16,27,0.8821483465025415
16,28,0.44208378572478624
16,29,0.5101718103934548
17,0,0.4562710979272933
17,1,0.33261832473557507
17,2,0.5045679918949162
17,3,0.12518705125268512
17,4,0.5100081664470694
17,5,0.8151569325551259
17,6,0.7121834095486101
17,7,0.8977971655353075
17,8,0.3017338181630915
17,9,0.7624861082624903
17,10,0.6342843569331493
17,11,0.9910022696765926
17,12,0.3674715573097127
17,13,0.8081360084361195
17,14,0.5920019599597093
17,15,1.0269317705225165
17,16,0.9847772453356611
17,18,0.7516275597272574
17,19,0.4927748222036176
17,20,0.9902995428758221
17,21,0.48098829047328323
17,22,0.9435333986767953
17,23,0.7961681570853627
17,24,0.8466429844434197
17,25,0.9384648603076758
17,26,0.8124728659630839
17,27,0.36081994713287807
17,28,0.9218876031977218
17,29,0.5638834983874159
18,0,0.3943351694360869
18,1,0.4780770012649848
18,2,0.867880252401667
18,3,0.6267546276774109
18,4,0.6250790325769444
18,5,0.6069485383444474
18,6,0.33864267783693486
18,7,0.8348261635735473
18,8,0.4504506783790512
18,9,0.2874148644516822
18,10,0.7020536151289419
18,11,0.5453422058202771
18,12,0.621364486515812
18,13,0.06772546704310689
18,14,0.9443889735286921
18,15,0.29931884950640963
18,16,0.2686658068449898
18,17,0.7516275597272574
18,19,0.4908415276186796
18,20,0.5851620730699019
18,21,0.9744062517160129
18,22,0.9092415391374118
18,23,0.5988821411719487
18,24,0.24877507170975888
18,25,0.36742377467854664
18,26,0.08032999202123607
18,27,0.614547617058972
18,28,0.534690043653328
18,29,0.39738093024908455
19,0,0.12350769776051708
19,1,0.4730194287784627
19,2,0.38110065312168645
19,3,0.39893707749622764
19,4,0.13560211269819353
19,5,0.32763604645546074
19,6,0.25985631038650825
19,7,0.4660593454904414
19,8,0.33995054585379286
19,9,0.3321977899141624
19,10,0.2409584659109288
19,11,0.505668266554351
19,12,0.642063605676385
19,13,0.5124412472440436
19,14,0.4538796226558527
19,15,0.6655423717959362
19,16,0.6182360162281758
19,17,0.4927748222036176
19,18,0.4908415276186796
19,20,0.49990751282595497
19,21,0.5027667113113522
19,22,0.5302035917759615
19,23,0.3089537538541432
19,24,0.4409579446821001
19,25,0.4957082364435186
19,26,0.5711080373678905
19,27,0.6319588035331366
19,28,0.4325443453083116
19,29,0.10814969229129748
20,0,0.5474803461219085
20,1,0.8883055454520463
20,2,0.7605669835769776
20,3,0.8870983480803383
20,4,0.5367851787400447
20,5,0.2276502898645028
20,6,0.3109413495312469
20,7,0.4022660696151589
20,8,0.778325221436166
20,9,0.31316570274029565
20,10,0.48595785568693217
20,11,0.05344923685397233
20,12,1.064953638218665
20,13,0.5444706510959245
20,14,0.7848000787120344
20,15,0.4962488404098229
20,16,0.46403352537382836
20,17,0.9902995428758221
20,18,0.5851620730699019
20,19,0.49990751282595497
20,21,0.9093610359306277
20,22,0.4639004377734865
20,23,0.242048462007556
20,24,0.3418360150773459
20,25,0.24652462977030737
20,26,0.6377055966678896
20,27,1.055467470308105
20,28,0.06919975948393688
20,29,0.43111097965911543
21,0,0.580260366339055
21,1,0.7366712932872789
21,2,0.14959746237074004
21,3,0.5146566153297913
21,4,0.3939798528363194
21,5,0.6835743745628885
21,6,0.7541878033118687
21,7,0.630489999070177
21,8,0.6301985458257124
21,9,0.8306112585160386
21,10,0.4250867600053326
21,11,0.9357570676092963
21,12,0.8325993164463574
21,13,1.0062572978146378
21,14,0.16922028956224072
21,15,1.1681372041621292
21,16,1.1207928901151056
21,17,0.48098829047328323
21,18,0.9744062517160129
21,19,0.5027667113113522
21,20,0.9093610359306277
21,22,0.6415476635363404
21,23,0.6678683832508091
21,24,0.9415467442712576
21,25,0.981498997156383
21,26,1.052567723717498
21,27,0.8243948036976706
21,28,0.8553276301212857
21,29,0.6106659838650681
22,0,0.6474543479325227
22,1,1.0021672070641132
22,2,0.5075883448205496
22,3,0.8875691694180939
22,4,0.4447436375648275
22,5,0.30758741349363955
22,6,0.5708429928549494
22,7,0.07449210632446052
22,8,0.8679144796081504
22,9,0.6320439440341242
22,10,0.3129080739834176
22,11,0.5143868231559858
22,12,1.1671513927032837
22,13,0.8960589411396815
22,14,0.4759059937702893
22,15,0.9284807552642714
22,16,0.8881416403933742
22,17,0.9435333986767953
22,18,0.9092415391374118
22,19,0.5302035917759615
22,20,0.4639004377734865
22,21,0.6415476635363404
22,23,0.3123710367671879
22,24,0.7211400665072305
22,25,0.6742423457405257
22,26,0.9822104864776955
22,27,1.1570596713920434
22,28,0.45568716555071226
22,29,0.5573875157930134
23,0,0.3972039851926249
23,1,0.7623089257258991
23,2,0.5187947577307416
23,3,0.7076274361020639
23,4,0.307280199073968
23,5,0.019004323229985447
23,6,0.2603640548216892
23,7,0.2379942450834709
23,8,0.6356946383534288
23,9,0.31969353118186145
23,10,0.24390974663049733
23,11,0.2737722537615215
23,12,0.9372494181736555
23,13,0.583769493434238
23,14,0.5438043654711352
23,15,0.6288598328886916
23,16,0.5859767424017388
23,17,0.7961681570853627
23,18,0.5988821411719487
23,19,0.3089537538541432
23,20,0.242048462007556
23,21,0.6678683832508091
23,22,0.3123710367671879
23,24,0.4120468247577671
23,25,0.38247306220583294
23,26,0.6705702641660625
23,27,0.9272479307927598
23,28,0.19479172075131854
23,29,0.2853271584656166
24,0,0.4029230910709081
24,1,0.6455920275568017
24,2,0.8105890962923247
24,3,0.7251341504388946
24,4,0.5522983420423528
24,5,0.41422233225124067
24,6,0.1908410817920048
24,7,0.6476807044817541
24,8,0.5705592990151356
24,9,0.11224639143813887
24,10,0.5841645530116282
24,11,0.2986824468857373
24,12,0.8117834325963511
24,13,0.20281634635454915
24,14,0.8695154874789415
24,15,0.23121853055950634
24,16,0.18440682281868906
24,17,0.8466429844434197
24,18,0.24877507170975888
24,19,0.4409579446821001
24,20,0.3418360150773459
24,21,0.9415467442712576
24,22,0.7211400665072305
24,23,0.4120468247577671
24,25,0.12175834334230501
24,26,0.2959678760757437
24,27,0.8034536729328362
24,28,0.2993958415362543
24,29,0.333076153751659
25,0,0.48442478898478797
25,1,0.7591347988797027
25,2,0.8422354223607712
25,3,0.8203222949853409
25,4,0.5875196219334429
25,5,0.37902778894869127
25,6,0.23667941944671536
25,7,0.6039662948142847
25,8,0.6753059264721514
25,9,0.17599402805533906
25,10,0.5922006091871994
25,11,0.19654424395432685
25,12,0.9282324263584506
25,13,0.3151969393030008
25,14,0.8904768256069158
25,15,0.25584444149522834
25,16,0.21947877919704917
25,17,0.9384648603076758
25,18,0.36742377467854664
25,19,0.4957082364435186
25,20,0.24652462977030737
25,21,0.981498997156383
25,22,0.6742423457405257
25,23,0.38247306220583294
25,24,0.12175834334230501
25,26,0.4063273152096403
25,27,0.9196716652994076
25,28,0.22309656853026988
25,29,0.3934614717587483
26,0,0.4730786107086078
26,1,0.5219046324203012
26,2,0.9476091494502167
26,3,0.6885685239736582
26,4,0.705406606263412
26,5,0.6776186338125755
26,6,0.41158100926695945
26,7,0.9077209244024691
26,8,0.5108360167969087
26,9,0.35385476929143145
26,10,0.7815189650441289
26,11,0.5943503143085452
26,12,0.6508899362258609
26,13,0.09325854078889659
26,14,1.0245458908880403
26,15,0.282075432380538
26,16,0.26290754846753145
26,17,0.8124728659630839
26,18,0.08032999202123607
26,19,0.5711080373678905
26,20,0.6377055966678896
26,21,1.052567723717498
26,22,0.9822104864776955
26,23,0.6705702641660625
26,24,0.2959678760757437
26,25,0.4063273152096403
26,27,0.6449979015308803
26,28,0.5922004213990169
26,29,0.4774949640430917
27,0,0.5300460661801489
27,1,0.16742642761691684
27,2,0.8125573026880336
27,3,0.3127831917534272
27,4,0.7170611109189641
27,5,0.9445185024018294
27,6,0.7448557736564981
27,7,1.0963362436348287
27,8,0.29262953143927384
27,9,0.7608477695860449
27,10,0.8492114871461822
27,11,1.0377063739101018
27,12,0.010108630524087498
27,13,0.6818906551292182
27,14,0.9057122906247453
27,15,0.9138231481202364
27,16,0.8821483465025415
27,17,0.36081994713287807
27,18,0.614547617058972
27,19,0.6319588035331366
27,20,1.055467470308105
27,21,0.8243948036976706
27,22,1.1570596713920434
27,23,0.9272479307927598
27,24,0.8034536729328362
27,25,0.9196716652994076
27,26,0.6449979015308803
27,28,0.9877901869378868
27,29,0.644522802098863
28,0,0.47828116110585944
28,1,0.8205049600134701
28,2,0.7075994717542028
28,3,0.8180827268130614
28,4,0.4760180914890907
28,5,0.18387622503392034
28,6,0.24431900584363145
28,7,0.3881623698212646
28,8,0.7095011304830918
28,9,0.2543904185721568
28,10,0.4356956382130991
28,11,0.08043869172469585
28,12,0.997324931283823
28,13,0.4991689688482455
28,14,0.7375433323239922
28,15,0.4788720693464276
28,16,0.44208378572478624
28,17,0.9218876031977218
28,18,0.534690043653328
28,19,0.4325443453083116
28,20,0.06919975948393688
28,21,0.8553276301212857
28,22,0.45568716555071226
28,23,0.19479172075131854
28,24,0.2993958415362543
28,25,0.22309656853026988
28,26,0.5922004213990169
28,27,0.9877901869378868
28,29,0.36196026348615956
29,0,0.11784790585991861
29,1,0.47837830257427444
29,2,0.4860928005635644
29,3,0.4565175365865786
29,4,0.23194256522529844
29,5,0.30171801454244385
29,6,0.15689279076423607
29,7,0.4868133756742851
29,8,0.355773545457021
29,9,0.2254748779147996
29,10,0.3072083019170243
29,11,0.4277461137373288
29,12,0.654440359563962
29,13,0.4121004897626817
29,14,0.5545372941800796
29,15,0.5574979307602882
29,16,0.5101718103934548
29,17,0.5638834983874159
29,18,0.39738093024908455
29,19,0.10814969229129748
29,20,0.43111097965911543
29,21,0.6106659838650681
29,22,0.5573875157930134
29,23,0.2853271584656166
29,24,0.333076153751659
29,25,0.3934614717587483
29,26,0.4774949640430917
29,27,0.644522802098863
29,28,0.36196026348615956
