siteNum=30
demandLowerBound=0
demandUpperBound=1000
fixedCostLowerBound=500
fixedCostUpperBound=1500
coordinateLowerBound=0
coordinateUpperBound=1
facilityFailProbility=0.05
Coordinate: index, x, y
0,0.12013402280220986,0.6381269043005144
1,0.22613493083710945,0.6585322678692805
2,0.5056348839495114,0.4887959048718259
3,0.38083423203625344,0.5907644714328157
4,0.9963248893410253,0.2738295242907499
5,0.7803462735775827,0.5712059026800763
6,0.4569041884504419,0.7774528698317017
7,0.5446323531757511,0.4661099285328534
8,0.7818017467594783,0.4117025962963461
9,0.42777313095870695,0.6622436029911869
10,0.5374494064420101,0.031017404379240276
11,0.5003220823318488,0.8163290502937588
12,0.31526911030713123,0.5909130823522153
13,0.9192122346168664,0.19480468324156963
14,0.4641637522685619,0.7118666431245144
15,0.34531728584705623,0.6194571913841569
16,0.048274820277934616,0.6370455388895472
17,0.9559711311621584,0.7417458311672819
18,0.39437061850696586,0.21092475897868623
19,0.7865999225429243,0.2039774217902055
20,0.08810110931240056,0.23670187241896534
21,0.4883209093071007,0.22117498850275175
22,0.7652557144333654,0.5617014539031109
23,0.29333834613165766,0.6135354843053431
24,0.308010705705429,0.12231001262643248
25,0.7446373194147621,0.11894778826376218
26,0.49830839118960624,0.8627343488057414
27,0.2198721090483502,0.965692766133773
28,0.055067174467729574,0.5844332838893441
29,0.15494112052509112,0.2717123812356361
Demand:index, demand
0,280
1,971
2,237
3,379
4,769
5,169
6,182
7,832
8,535
9,882
10,881
11,778
12,114
13,315
14,198
15,67
16,676
17,830
18,201
19,375
20,659
21,130
22,555
23,939
24,766
25,164
26,485
27,556
28,391
29,403
Fixcost:index, fixedCost
0,782
1,1253
2,1012
3,1362
4,707
5,965
6,980
7,905
8,1287
9,1250
10,1336
11,1254
12,669
13,960
14,913
15,1457
16,1004
17,1426
18,565
19,776
20,1254
21,1077
22,1031
23,587
24,568
25,516
26,1048
27,1208
28,1427
29,1108
TransCost:start_index, end_index, transCost
0,1,0.10794707669314982
0,2,0.41341342665143577
0,3,0.2649675435630209
0,4,0.9489062207025618
0,5,0.6635952354649379
0,6,0.3644528352776738
0,7,0.4580269341885652
0,8,0.6993369318018022
0,9,0.3085829483673095
0,10,0.7367048759965508
0,11,0.41987970354079973
0,12,0.20076565283563574
0,13,0.9138164915788864
0,14,0.3518437207604011
0,15,0.22595588095002903
0,16,0.071867338468715
0,17,0.84223545028486
0,18,0.5076488780557938
0,19,0.7954008855169631
0,20,0.4027010848852388
0,21,0.5562467828954968
0,22,0.6496328551431876
0,23,0.1749413489069717
0,24,0.5489669513869012
0,25,0.8121276513015974
0,26,0.43984583325567017
0,27,0.3424136090849894
0,28,0.0843605335748957
0,29,0.3680640389453341
1,0,0.10794707669314982
1,2,0.3270025331911644
1,3,0.16889152739364283
1,4,0.8609232097563129
1,5,0.5610491123594765
1,6,0.25960847411152277
1,7,0.3721114950012458
1,8,0.6080217899764008
1,9,0.20167235248457954
1,10,0.7004938305381984
1,11,0.31635173239341885
1,12,0.11188054433093066
1,13,0.8339061228695159
1,14,0.2439308824563064
1,15,0.12542446072451438
1,16,0.17915328199720598
1,17,0.7345647530488074
1,18,0.47817959870846954
1,19,0.7216239429382667
1,20,0.4438403073296571
1,21,0.5099243837287629
1,22,0.5477475931839336
1,23,0.08087650807466495
1,24,0.5424370466035795
1,25,0.7483288966703673
1,26,0.3402600217172641
1,27,0.3072243392552892
1,28,0.18642649140106773
1,29,0.39331689935980274
2,0,0.41341342665143577
2,1,0.3270025331911644
2,3,0.16116076223596484
2,4,0.5357118872782756
2,5,0.28680612847382086
2,6,0.2927413945851697
2,7,0.045116029618129445
2,8,0.2867255034722465
2,9,0.190122477791833
2,10,0.45888268583012143
2,11,0.3275762311447729
2,12,0.21602556726235733
2,13,0.507421977628757
2,14,0.2268929461827717
2,15,0.2068190127971744
2,16,0.4807870441557853
2,17,0.5165136985273933
2,18,0.2993194121410032
2,19,0.4000786437898345
2,20,0.48773543459652136
2,21,0.26818040307998087
2,22,0.26966311334826487
2,23,0.2462311569373343
2,24,0.41637390052878065
2,25,0.4403518973694257
2,26,0.3740102102187573
2,27,0.5559595127351528
2,28,0.4606058717526295
2,29,0.41244559876314285
3,0,0.2649675435630209
3,1,0.16889152739364283
3,2,0.16116076223596484
3,4,0.6922979921604598
3,5,0.3999905110726708
3,6,0.20159165748015886
3,7,0.20583629309339038
3,8,0.4391333544502265
3,9,0.08551331171455845
3,10,0.5812444338909626
3,11,0.2552581548256142
3,12,0.06556529015081058
3,13,0.6683075845201422
3,14,0.14700185349373104
3,15,0.04565879591943288
3,16,0.33576435122563797
3,17,0.5946241028779691
3,18,0.380080834712723
3,19,0.5605800722141222
3,20,0.45940505565361484
3,21,0.38490228848792174
3,22,0.38551852759150884
3,23,0.09041044783359305
3,24,0.4740810542120806
3,25,0.5957882752310437
3,26,0.2962562948985751
3,27,0.40801964561052784
3,28,0.3258285741499118
3,29,0.3909244608455496
4,0,0.9489062207025618
4,1,0.8609232097563129
4,2,0.5357118872782756
4,3,0.6922979921604598
4,5,0.36753159441202415
4,6,0.7379777548972253
4,7,0.4909153705914332
4,8,0.2550081620013819
4,9,0.688561252534831
4,10,0.5191574273587211
4,11,0.7350676977493105
4,12,0.7512515936411602
4,13,0.11041416132659591
4,14,0.689254665045107
4,15,0.7370681000202028
4,16,1.0152461803481778
4,17,0.46965316568733073
4,18,0.605232148579642
4,19,0.22105175394511373
4,20,0.9089823414912944
4,21,0.5107255073612024
4,22,0.36913847191975374
4,23,0.7807625882449111
4,24,0.7047939967174313
4,25,0.2955249312835063
4,26,0.7712517907713636
4,27,1.0399777235295777
4,28,0.991181507739768
4,29,0.8413864324563483
5,0,0.6635952354649379
5,1,0.5610491123594765
5,2,0.28680612847382086
5,3,0.3999905110726708
5,4,0.36753159441202415
5,6,0.38360473653310934
5,7,0.25808180108863693
5,8,0.15950994686703815
5,9,0.3641369025161906
5,10,0.5922858277561505
5,11,0.3721544103982465
5,12,0.46549451202599595
5,13,0.4012002406905543
5,14,0.3460589988480389
5,15,0.43769670666735777
5,16,0.7350261698963203
5,17,0.24480187460479888
5,18,0.5279959363612313
5,19,0.36728172470470666
5,20,0.7688278830202865
5,21,0.4558513510533025
5,22,0.017834223331535365
5,23,0.48884405987568824
5,24,0.6516198345539852
5,25,0.45366566044037576
5,26,0.4056281573095473
5,27,0.6853839613984827
5,28,0.725399707209243
5,29,0.6934176049479864
6,0,0.3644528352776738
6,1,0.25960847411152277
6,2,0.2927413945851697
6,3,0.20159165748015886
6,4,0.7379777548972253
6,5,0.38360473653310934
6,7,0.3234666257632912
6,8,0.4892153779127974
6,9,0.11883515337018634
6,10,0.7507685636909299
6,11,0.0582792494496587
6,12,0.2342169670915275
6,13,0.7437792944731564
6,14,0.06598677443636658
6,15,0.19342768995342277
6,16,0.4320789038073511
6,17,0.500342688482406
6,18,0.569968900692452
6,19,0.6614932853666586
6,20,0.6545436214528177
6,21,0.5571643308802265
6,22,0.37633673359265546
6,23,0.23156574455486775
6,24,0.6718492632659675
6,25,0.718623195496311
6,26,0.09480104778147444
6,27,0.3026854228823946
6,28,0.4457909222538091
6,29,0.5890289773825029
7,0,0.4580269341885652
7,1,0.3721114950012458
7,2,0.045116029618129445
7,3,0.20583629309339038
7,4,0.4909153705914332
7,5,0.25808180108863693
7,6,0.3234666257632912
7,8,0.24332997976814655
7,9,0.22830789752809702
7,10,0.4351518117831318
7,11,0.3530110952211557
7,12,0.26111936807228375
7,13,0.4625112146780915
7,14,0.25859535668462347
7,15,0.2514793810399352
7,16,0.5249664592642299
7,17,0.4951512305310843
7,18,0.29613858186001607
7,19,0.3567376567123831
7,20,0.5109293814543951
7,21,0.25132469746947206
7,22,0.24044210790795434
7,23,0.29134682505753234
7,24,0.4173585823112201
7,25,0.400653888233328
7,26,0.39932047306755797
7,27,0.5958625913674023
7,28,0.5036610771404074
7,29,0.4354878450656971
8,0,0.6993369318018022
8,1,0.6080217899764008
8,2,0.2867255034722465
8,3,0.4391333544502265
8,4,0.2550081620013819
8,5,0.15950994686703815
8,6,0.4892153779127974
8,7,0.24332997976814655
8,9,0.4337131042999214
8,10,0.4523596816291075
8,11,0.49290300137127513
8,12,0.49976904584773835
8,13,0.25676126433074514
8,14,0.4370267160626159
8,15,0.4834052713801412
8,16,0.7673598853536864
8,17,0.3731802665566337
8,18,0.43636523589416637
8,19,0.20778058286195897
8,20,0.7154340135554706
8,21,0.34990251682904283
8,22,0.15090867592378934
8,23,0.5285196386464246
8,24,0.5551810678204254
8,25,0.2951043413541315
8,26,0.5327270637239696
8,27,0.7890944341551654
8,28,0.7469799388205958
8,29,0.6423017242976325
9,0,0.3085829483673095
9,1,0.20167235248457954
9,2,0.190122477791833
9,3,0.08551331171455845
9,4,0.688561252534831
9,5,0.3641369025161906
9,6,0.11883515337018634
9,7,0.22830789752809702
9,8,0.4337131042999214
9,10,0.6406835406173458
9,11,0.17031052643855038
9,12,0.13321110253052082
9,13,0.6782415029331545
9,14,0.061536358613352334
9,15,0.0928958740272286
9,16,0.38033394568987705
9,17,0.5341476684437453
9,18,0.45255323090092797
9,19,0.5820348436229176
9,20,0.5444840188175315
9,21,0.4452050720170133
9,22,0.3521409063031143
9,23,0.14298668538507103
9,24,0.553056344784798
9,25,0.6289461473180757
9,26,0.21253649590862506
9,27,0.3678372323777277
9,28,0.3807416128591474
9,29,0.4763947324258863
10,0,0.7367048759965508
10,1,0.7004938305381984
10,2,0.45888268583012143
10,3,0.5812444338909626
10,4,0.5191574273587211
10,5,0.5922858277561505
10,6,0.7507685636909299
10,7,0.4351518117831318
10,8,0.4523596816291075
10,9,0.6406835406173458
10,11,0.7861887937413958
10,12,0.6023680388295845
10,13,0.41541440718057826
10,14,0.6847820624166856
10,15,0.6190122249961673
10,16,0.7788208237886537
10,17,0.8248001762289653
10,18,0.22986560376866338
10,19,0.30330042416085295
10,20,0.49418619216451665
10,21,0.19640141555097088
10,22,0.5775130079744578
10,23,0.6315991792320808
10,24,0.24693411614490562
10,25,0.2250746180538446
10,26,0.8326374329329329
10,27,0.9871541782775514
10,28,0.7341401456250913
10,29,0.45193656709653446
11,0,0.41987970354079973
11,1,0.31635173239341885
11,2,0.3275762311447729
11,3,0.2552581548256142
11,4,0.7350676977493105
11,5,0.3721544103982465
11,6,0.0582792494496587
11,7,0.3530110952211557
11,8,0.49290300137127513
11,9,0.17031052643855038
11,10,0.7861887937413958
11,12,0.29164526579083
11,13,0.7495075039791059
11,14,0.11054329172120125
11,15,0.25056938313332333
11,16,0.486301660075168
11,17,0.46171280280628335
11,18,0.6146056204016855
11,19,0.6759656194858373
11,20,0.7112621147848367
11,21,0.5952750502249391
11,22,0.3674575380396767
11,23,0.2897714572860623
11,24,0.7201708757125842
11,25,0.7389388064660232
11,26,0.04644896857845781
11,27,0.31774472005723653
11,28,0.5020234849619848
11,29,0.6448994689054456
12,0,0.20076565283563574
12,1,0.11188054433093066
12,2,0.21602556726235733
12,3,0.06556529015081058
12,4,0.7512515936411602
12,5,0.46549451202599595
12,6,0.2342169670915275
12,7,0.26111936807228375
12,8,0.49976904584773835
12,9,0.13321110253052082
12,10,0.6023680388295845
12,11,0.29164526579083
12,13,0.7222528374793711
12,14,0.19183164042545456
12,15,0.041444650001001546
12,16,0.2709504649458339
12,17,0.6582169837088866
12,18,0.38813422227331895
12,19,0.6098130369034523
12,20,0.4207979110194332
12,21,0.40823177629939655
12,22,0.4509337680077959
12,23,0.031507641731001006
12,24,0.4686592807080522
12,25,0.6380503881483768
12,26,0.32770440833527464
12,27,0.3867303960442885
12,28,0.26028260641597145
12,29,0.35720323612876975
13,0,0.9138164915788864
13,1,0.8339061228695159
13,2,0.507421977628757
13,3,0.6683075845201422
13,4,0.11041416132659591
13,5,0.4012002406905543
13,6,0.7437792944731564
13,7,0.4625112146780915
13,8,0.25676126433074514
13,9,0.6782415029331545
13,10,0.41541440718057826
13,11,0.7495075039791059
13,12,0.7222528374793711
13,14,0.6887831238100185
13,15,0.7139223801613822
13,16,0.9767850091497307
13,17,0.5481750046924097
13,18,0.5250891151439178
13,19,0.1329291707868451
13,20,0.8321664960005432
13,21,0.4316974950434323
13,22,0.3978892439220748
13,23,0.7530296196346495
13,24,0.6154858131681639
13,25,0.19034355658518107
13,26,0.7894872282390044
13,27,1.0408386270577223
13,28,0.9479225345052718
13,29,0.7681309327489878
14,0,0.3518437207604011
14,1,0.2439308824563064
14,2,0.2268929461827717
14,3,0.14700185349373104
14,4,0.689254665045107
14,5,0.3460589988480389
14,6,0.06598677443636658
14,7,0.25859535668462347
14,8,0.4370267160626159
14,9,0.061536358613352334
14,10,0.6847820624166856
14,11,0.11054329172120125
14,12,0.19183164042545456
14,13,0.6887831238100185
14,15,0.15054563876722413
14,16,0.4225657361775141
14,17,0.49271418064866435
14,18,0.5057804393329545
14,19,0.6015950008508782
14,20,0.6059741502298842
14,21,0.49128593319128105
14,22,0.33646092452787346
14,23,0.19710488623207534
14,24,0.6098858864699198
14,25,0.6559101998879876
14,26,0.15468329251915292
14,27,0.35228696778215124
14,28,0.4284848550582767
14,29,0.5379167316985979
15,0,0.22595588095002903
15,1,0.12542446072451438
15,2,0.2068190127971744
15,3,0.04565879591943288
15,4,0.7370681000202028
15,5,0.43769670666735777
15,6,0.19342768995342277
15,7,0.2514793810399352
15,8,0.4834052713801412
15,9,0.0928958740272286
15,10,0.6190122249961673
15,11,0.25056938313332333
15,12,0.041444650001001546
15,13,0.7139223801613822
15,14,0.15054563876722413
15,16,0.2975627266969994
15,17,0.6227781548979762
15,18,0.41146686108625347
15,19,0.6060971905487604
15,20,0.46115268151367467
15,21,0.4231769717916689
15,22,0.42389150618468185
15,23,0.05231516786424672
15,24,0.49854498118888774
15,25,0.6402859922100806
15,26,0.28738485283163695
15,27,0.36826018737335103
15,28,0.2923556075260345
15,29,0.39644613418209407
16,0,0.071867338468715
16,1,0.17915328199720598
16,2,0.4807870441557853
16,3,0.33576435122563797
16,4,1.0152461803481778
16,5,0.7350261698963203
16,6,0.4320789038073511
16,7,0.5249664592642299
16,8,0.7673598853536864
16,9,0.38033394568987705
16,10,0.7788208237886537
16,11,0.486301660075168
16,12,0.2709504649458339
16,13,0.9767850091497307
16,14,0.4225657361775141
16,15,0.2975627266969994
16,17,0.9137148045182766
16,18,0.548963769864306
16,19,0.8559625871979316
16,20,0.40231975415254634
16,21,0.6054658331804371
16,22,0.7209287993459301
16,23,0.24618865605549464
16,24,0.5765547607783411
16,25,0.867955073380867
16,26,0.5034537256480467
16,27,0.3707487417223087
16,28,0.05304889679951899
16,29,0.3805864102799704
17,0,0.84223545028486
17,1,0.7345647530488074
17,2,0.5165136985273933
17,3,0.5946241028779691
17,4,0.46965316568733073
17,5,0.24480187460479888
17,6,0.500342688482406
17,7,0.4951512305310843
17,8,0.3731802665566337
17,9,0.5341476684437453
17,10,0.8248001762289653
17,11,0.46171280280628335
17,12,0.6582169837088866
17,13,0.5481750046924097
17,14,0.49271418064866435
17,15,0.6227781548979762
17,16,0.9137148045182766
17,18,0.7727652596319436
17,19,0.5638097803631034
17,20,1.0041253781742947
17,21,0.6997790595849118
17,22,0.2622753285432702
17,23,0.6749222924453869
17,24,0.8964114268846854
17,25,0.6576772629733663
17,26,0.47338504936207665
17,27,0.7694114634171956
17,28,0.9145354977904088
17,29,0.9287521316238606
18,0,0.5076488780557938
18,1,0.47817959870846954
18,2,0.2993194121410032
18,3,0.380080834712723
18,4,0.605232148579642
18,5,0.5279959363612313
18,6,0.569968900692452
18,7,0.29613858186001607
18,8,0.43636523589416637
18,9,0.45255323090092797
18,10,0.22986560376866338
18,11,0.6146056204016855
18,12,0.38813422227331895
18,13,0.5250891151439178
18,14,0.5057804393329545
18,15,0.41146686108625347
18,16,0.548963769864306
18,17,0.7727652596319436
18,19,0.3922908263502255
18,20,0.3073523577908472
18,21,0.09450780045438538
18,22,0.5104900039006027
18,23,0.4150938643359779
18,24,0.12373604086992328
18,25,0.36214158130036045
18,26,0.6600445454518522
18,27,0.7746770129725934
18,28,0.5046141548924511
18,29,0.24702554427327184
19,0,0.7954008855169631
19,1,0.7216239429382667
19,2,0.4000786437898345
19,3,0.5605800722141222
19,4,0.22105175394511373
19,5,0.36728172470470666
19,6,0.6614932853666586
19,7,0.3567376567123831
19,8,0.20778058286195897
19,9,0.5820348436229176
19,10,0.30330042416085295
19,11,0.6759656194858373
19,12,0.6098130369034523
19,13,0.1329291707868451
19,14,0.6015950008508782
19,15,0.6060971905487604
19,16,0.8559625871979316
19,17,0.5638097803631034
19,18,0.3922908263502255
19,20,0.6992649581906735
19,21,0.2987743731275645
19,22,0.35836023547673246
19,23,0.6411277480618673
19,24,0.4855071618345606
19,25,0.09482034928712775
19,26,0.7190776703117635
19,27,0.9494159680544563
19,28,0.824552499548722
19,29,0.6352801483579338
20,0,0.4027010848852388
20,1,0.4438403073296571
20,2,0.48773543459652136
20,3,0.45940505565361484
20,4,0.9089823414912944
20,5,0.7688278830202865
20,6,0.6545436214528177
20,7,0.5109293814543951
20,8,0.7154340135554706
20,9,0.5444840188175315
20,10,0.49418619216451665
20,11,0.7112621147848367
20,12,0.4207979110194332
20,13,0.8321664960005432
20,14,0.6059741502298842
20,15,0.46115268151367467
20,16,0.40231975415254634
20,17,1.0041253781742947
20,18,0.3073523577908472
20,19,0.6992649581906735
20,21,0.40052087639965206
20,22,0.7511079064963965
20,23,0.42909893314308883
20,24,0.24788248863632775
20,25,0.667012608209772
20,26,0.7484561948411174
20,27,0.7408045082817231
20,28,0.34929697303942364
20,29,0.0754541107330461
21,0,0.5562467828954968
21,1,0.5099243837287629
21,2,0.26818040307998087
21,3,0.38490228848792174
21,4,0.5107255073612024
21,5,0.4558513510533025
21,6,0.5571643308802265
21,7,0.25132469746947206
21,8,0.34990251682904283
21,9,0.4452050720170133
21,10,0.19640141555097088
21,11,0.5952750502249391
21,12,0.40823177629939655
21,13,0.4316974950434323
21,14,0.49128593319128105
21,15,0.4231769717916689
21,16,0.6054658331804371
21,17,0.6997790595849118
21,18,0.09450780045438538
21,19,0.2987743731275645
21,20,0.40052087639965206
21,22,0.43892044829146903
21,23,0.4381380588455207
21,24,0.20563572884569817
21,25,0.2759501812994174
21,26,0.6416370957065487
21,27,0.7914363395554928
21,28,0.5653895895039427
21,29,0.33718854018571737
22,0,0.6496328551431876
22,1,0.5477475931839336
22,2,0.26966311334826487
22,3,0.38551852759150884
22,4,0.36913847191975374
22,5,0.017834223331535365
22,6,0.37633673359265546
22,7,0.24044210790795434
22,8,0.15090867592378934
22,9,0.3521409063031143
22,10,0.5775130079744578
22,11,0.3674575380396767
22,12,0.4509337680077959
22,13,0.3978892439220748
22,14,0.33646092452787346
22,15,0.42389150618468185
22,16,0.7209287993459301
22,17,0.2622753285432702
22,18,0.5104900039006027
22,19,0.35836023547673246
22,20,0.7511079064963965
22,21,0.43892044829146903
22,23,0.47475548360450687
22,24,0.6341433881022551
22,25,0.44323348999170104
22,26,0.4023452214211897
22,27,0.6787136784982385
22,28,0.7105522488832502
22,29,0.6757052358861545
23,0,0.1749413489069717
23,1,0.08087650807466495
23,2,0.2462311569373343
23,3,0.09041044783359305
23,4,0.7807625882449111
23,5,0.48884405987568824
23,6,0.23156574455486775
23,7,0.29134682505753234
23,8,0.5285196386464246
23,9,0.14298668538507103
23,10,0.6315991792320808
23,11,0.2897714572860623
23,12,0.031507641731001006
23,13,0.7530296196346495
23,14,0.19710488623207534
23,15,0.05231516786424672
23,16,0.24618865605549464
23,17,0.6749222924453869
23,18,0.4150938643359779
23,19,0.6411277480618673
23,20,0.42909893314308883
23,21,0.4381380588455207
23,22,0.47475548360450687
23,24,0.49144454637489904
23,25,0.6695429428812639
23,26,0.32266514134524255
23,27,0.3597388485220479
23,28,0.24004184909126586
23,29,0.36877747470229033
24,0,0.5489669513869012
24,1,0.5424370466035795
24,2,0.41637390052878065
24,3,0.4740810542120806
24,4,0.7047939967174313
24,5,0.6516198345539852
24,6,0.6718492632659675
24,7,0.4173585823112201
24,8,0.5551810678204254
24,9,0.553056344784798
24,10,0.24693411614490562
24,11,0.7201708757125842
24,12,0.4686592807080522
24,13,0.6154858131681639
24,14,0.6098858864699198
24,15,0.49854498118888774
24,16,0.5765547607783411
24,17,0.8964114268846854
24,18,0.12373604086992328
24,19,0.4855071618345606
24,20,0.24788248863632775
24,21,0.20563572884569817
24,22,0.6341433881022551
24,23,0.49144454637489904
24,25,0.43663955884910854
24,26,0.7644876759681644
24,27,0.8479757550392009
24,28,0.5268190845420576
24,29,0.2138956887207432
25,0,0.8121276513015974
25,1,0.7483288966703673
25,2,0.4403518973694257
25,3,0.5957882752310437
25,4,0.2955249312835063
25,5,0.45366566044037576
25,6,0.718623195496311
25,7,0.400653888233328
25,8,0.2951043413541315
25,9,0.6289461473180757
25,10,0.2250746180538446
25,11,0.7389388064660232
25,12,0.6380503881483768
25,13,0.19034355658518107
25,14,0.6559101998879876
25,15,0.6402859922100806
25,16,0.867955073380867
25,17,0.6576772629733663
25,18,0.36214158130036045
25,19,0.09482034928712775
25,20,0.667012608209772
25,21,0.2759501812994174
25,22,0.44323348999170104
25,23,0.6695429428812639
25,24,0.43663955884910854
25,26,0.7835154041392047
25,27,0.9961704590876953
25,28,0.8319757997923167
25,29,0.6091622344259275
26,0,0.43984583325567017
26,1,0.3402600217172641
26,2,0.3740102102187573
26,3,0.2962562948985751
26,4,0.7712517907713636
26,5,0.4056281573095473
26,6,0.09480104778147444
26,7,0.39932047306755797
26,8,0.5327270637239696
26,9,0.21253649590862506
26,10,0.8326374329329329
26,11,0.04644896857845781
26,12,0.32770440833527464
26,13,0.7894872282390044
26,14,0.15468329251915292
26,15,0.28738485283163695
26,16,0.5034537256480467
26,17,0.47338504936207665
26,18,0.6600445454518522
26,19,0.7190776703117635
26,20,0.7484561948411174
26,21,0.6416370957065487
26,22,0.4023452214211897
26,23,0.32266514134524255
26,24,0.7644876759681644
26,25,0.7835154041392047
26,27,0.2968622557876603
26,28,0.5233681867812472
26,29,0.6835261872920722
27,0,0.3424136090849894
27,1,0.3072243392552892
27,2,0.5559595127351528
27,3,0.40801964561052784
27,4,1.0399777235295777
27,5,0.6853839613984827
27,6,0.3026854228823946
27,7,0.5958625913674023
27,8,0.7890944341551654
27,9,0.3678372323777277
27,10,0.9871541782775514
27,11,0.31774472005723653
27,12,0.3867303960442885
27,13,1.0408386270577223
27,14,0.35228696778215124
27,15,0.36826018737335103
27,16,0.3707487417223087
27,17,0.7694114634171956
27,18,0.7746770129725934
27,19,0.9494159680544563
27,20,0.7408045082817231
27,21,0.7914363395554928
27,22,0.6787136784982385
27,23,0.3597388485220479
27,24,0.8479757550392009
27,25,0.9961704590876953
27,26,0.2968622557876603
27,28,0.41535461868554274
27,29,0.6970113398603883
28,0,0.0843605335748957
28,1,0.18642649140106773
28,2,0.4606058717526295
28,3,0.3258285741499118
28,4,0.991181507739768
28,5,0.725399707209243
28,6,0.4457909222538091
28,7,0.5036610771404074
28,8,0.7469799388205958
28,9,0.3807416128591474
28,10,0.7341401456250913
28,11,0.5020234849619848
28,12,0.26028260641597145
28,13,0.9479225345052718
28,14,0.4284848550582767
28,15,0.2923556075260345
28,16,0.05304889679951899
28,17,0.9145354977904088
28,18,0.5046141548924511
28,19,0.824552499548722
28,20,0.34929697303942364
28,21,0.5653895895039427
28,22,0.7105522488832502
28,23,0.24004184909126586
28,24,0.5268190845420576
28,25,0.8319757997923167
28,26,0.5233681867812472
28,27,0.41535461868554274
28,29,0.328282147028465
29,0,0.3680640389453341
29,1,0.39331689935980274
29,2,0.41244559876314285
29,3,0.3909244608455496
29,4,0.8413864324563483
29,5,0.6934176049479864
29,6,0.5890289773825029
29,7,0.4354878450656971
29,8,0.6423017242976325
29,9,0.4763947324258863
29,10,0.45193656709653446
29,11,0.6448994689054456
29,12,0.35720323612876975
29,13,0.7681309327489878
29,14,0.5379167316985979
29,15,0.39644613418209407
29,16,0.3805864102799704
29,17,0.9287521316238606
29,18,0.24702554427327184
29,19,0.6352801483579338
29,20,0.0754541107330461
29,21,0.33718854018571737
29,22,0.6757052358861545
29,23,0.36877747470229033
29,24,0.2138956887207432
29,25,0.6091622344259275
29,26,0.6835261872920722
29,27,0.6970113398603883
29,28,0.328282147028465
