siteNum=30
demandLowerBound=0
demandUpperBound=1000
fixedCostLowerBound=500
fixedCostUpperBound=1500
coordinateLowerBound=0
coordinateUpperBound=1
facilityFailProbility=0.05
Coordinate: index, x, y
0,0.3292951095527752,0.7320110278430039
1,0.7315986881181729,0.8040923078725962
2,0.7331723671367211,0.6865679951750199
3,0.046003402500586876,0.9113169358543837
4,0.07411647402141008,0.3708927916756882
5,0.09115660759249666,0.7800146566694401
6,0.6148008371187705,0.3939494664768177
7,0.4993153019427403,0.8909205721750456
8,0.8507762073629289,0.26763295786967867
9,0.727953485470391,0.5908199812848176
10,0.8914346107372028,0.1857099097980952
11,0.5150064992241641,0.2486618475291671
12,0.3567235469452007,0.0752725812684022
13,0.7318562741002929,0.7332694548456187
14,0.02522165398270848,0.7733857541124194
15,0.5742067447798116,0.4173114164361078
16,0.6296363389613215,0.19388880362560212
17,0.8849608338237632,0.2634877191043584
18,0.5964600578822415,0.16864737986533118
19,0.7771554104525911,0.46839191911624745
20,0.48643293861351034,0.41258836610553085
21,0.23731130454170946,0.8471213141923826
22,0.5559711096406559,0.8606882477754703
23,0.03209495523228634,0.31485020729777125
24,0.2872587548460167,0.8186431837289924
25,0.09240316792243242,0.15856337613322502
26,0.9181363748099702,0.5965148830743612
27,0.2069355490755327,0.6957023877230835
28,0.20877437896842865,0.7874235195275695
29,0.7985722176695934,0.7923178250587468
Demand:index, demand
0,901
1,331
2,34
3,772
4,495
5,586
6,513
7,487
8,668
9,328
10,45
11,210
12,685
13,737
14,662
15,685
16,900
17,61
18,348
19,523
20,994
21,545
22,610
23,925
24,89
25,749
26,663
27,448
28,792
29,287
Fixcost:index, fixedCost
0,1457
1,1047
2,1195
3,748
4,1209
5,724
6,712
7,1281
8,1318
9,569
10,634
11,1176
12,825
13,823
14,1491
15,1339
16,1154
17,517
18,1495
19,1009
20,734
21,1386
22,988
23,1229
24,1134
25,503
26,957
27,538
28,1390
29,1124
TransCost:start_index, end_index, transCost
0,1,0.4087100197661291
0,2,0.4064257723269926
0,3,0.335268250707293
0,4,0.4421792809757626
0,5,0.2429285790029486
0,6,0.44249196574212735
0,7,0.23272109723902965
0,8,0.6982761110373414
0,9,0.4229224660826934
0,10,0.7838658879993403
0,11,0.5177983684444519
0,12,0.6573109662762452
0,13,0.4025631314966318
0,14,0.30687543785091437
0,15,0.3987700521468887
0,16,0.6162632410580081
0,17,0.7268276879433045
0,18,0.6235027742348846
0,19,0.5196863319426085
0,20,0.3559819295320662
0,21,0.14734788226421758
0,22,0.26065271137164336
0,23,0.5122021885213828
0,24,0.09629218841882568
0,25,0.6204514495597971
0,26,0.6042294604840609
0,27,0.12763298706659598
0,28,0.1326491264022372
0,29,0.4731362530951361
1,0,0.4087100197661291
1,2,0.11753484819699699
1,3,0.693929403114533
1,4,0.787365660088638
1,5,0.6408945247039621
1,6,0.4264491626750852
1,7,0.2479812875498898
1,8,0.5495379107021525
1,9,0.21330347580503112
1,10,0.6387051842656729
1,11,0.5961670676641
1,12,0.8195788951387585
1,13,0.07082332145147563
1,14,0.7070441335573343
1,15,0.4175783540944508
1,16,0.6186635897164913
1,17,0.5619370686586694
1,18,0.6496558365105343
1,19,0.33877745787023517
1,20,0.4619324421918563
1,21,0.4961567423181248
1,22,0.1845213991258632
1,23,0.8536177747072496
1,24,0.444578119444145
1,25,0.9084484106160773
1,26,0.2790782969745123
1,27,0.5357422741021046
1,28,0.5230899604683679
1,29,0.06800067724742627
2,0,0.4064257723269926
2,1,0.11753484819699699
2,3,0.7229891232208081
2,4,0.7307568024687588
2,5,0.6487807904428121
2,6,0.3156539599882934
2,7,0.3105625583802613
2,8,0.4351289794049335
2,9,0.09589013968998858
2,10,0.5252673218818176
2,11,0.489242414420572
2,12,0.7179107167934259
2,13,0.04672000038789705
2,14,0.7132541871746617
2,15,0.3126806266552239
2,16,0.5034406567969307
2,17,0.44948488141341353
2,18,0.5356603581229985
2,19,0.22256528988979604
2,20,0.36870744870834304
2,21,0.5212058726121043
2,22,0.2484313748781169
2,23,0.793526087351245
2,24,0.4650621518224333
2,25,0.8302855198009849
2,26,0.2057212850765899
2,27,0.5263160892566239
2,28,0.5340085081601044
2,29,0.12433891977236745
3,0,0.335268250707293
3,1,0.693929403114533
3,2,0.7229891232208081
3,4,0.5411548765386951
3,5,0.13884920039104626
3,6,0.7688950643607836
3,7,0.4537705255161389
3,8,1.0305281805754831
3,9,0.7535079386117237
3,10,1.1141182541017247
3,11,0.8118347558583617
3,12,0.8919176929508529
3,13,0.7085866686405617
3,14,0.13948796352443862
3,15,0.7232151989627046
3,16,0.924840813024089
3,17,1.0599680493521177
3,18,0.924424468978907
3,19,0.8548484246840055
3,20,0.6653633312442017
3,21,0.20179145478425625
3,22,0.5124747080415687
3,23,0.5966288655273416
3,24,0.25844258427804806
3,25,0.7541822458160086
3,26,0.9272088512431899
3,27,0.2690516477687595
3,28,0.20455798539637607
3,29,0.7619190310886286
4,0,0.4421792809757626
4,1,0.787365660088638
4,2,0.7307568024687588
4,3,0.5411548765386951
4,5,0.409476576336286
4,6,0.5411757484873868
4,7,0.671731297288403
4,8,0.7834940552880819
4,9,0.6898338975941272
4,10,0.8380343885217753
4,11,0.45751985533989126
4,12,0.4089719629360927
4,13,0.750958381415363
4,14,0.40545195552335533
4,15,0.5022399502547163
4,16,0.5830375049072679
4,17,0.8179269071483958
4,18,0.5601303653605278
4,19,0.7097674450057262
4,20,0.414419338232138
4,21,0.5034144995597395
4,22,0.6870833127676365
4,23,0.07004697927177606
4,24,0.4958931794842545
4,25,0.2131154238398378
4,26,0.8736560656541235
4,27,0.3509162013682251
4,28,0.4377563233233054
4,29,0.8381140633987443
5,0,0.2429285790029486
5,1,0.6408945247039621
5,2,0.6487807904428121
5,3,0.13884920039104626
5,4,0.409476576336286
5,6,0.6505763676883988
5,7,0.42295820345257773
5,8,0.9162733989483277
5,9,0.6643078268912136
5,10,0.9968164397074778
5,11,0.679694444892288
5,12,0.7531183121646459
5,13,0.6424026592074095
5,14,0.06626734079948732
5,15,0.6040621454059525
5,16,0.7959296053680932
5,17,0.9470613638054197
5,18,0.7931592047133997
5,19,0.7534607409053431
5,20,0.539671619471497
5,21,0.16082443509684005
5,22,0.47176344667239867
5,23,0.46889896964993033
5,24,0.19987049622250858
5,25,0.6214525307638209
5,26,0.8470936797642348
5,27,0.14322472546950496
5,28,0.11785088626010233
5,29,0.7075225885674369
6,0,0.44249196574212735
6,1,0.4264491626750852
6,2,0.3156539599882934
6,3,0.7688950643607836
6,4,0.5411757484873868
6,5,0.6505763676883988
6,7,0.5102128856995022
6,8,0.26765693659713935
6,9,0.2270716218063199
6,10,0.3462512926649154
6,11,0.17625947377460485
6,12,0.41007175575680727
6,13,0.35894293395125965
6,14,0.7011244608213817
6,15,0.04683653529803736
6,16,0.20060997217333962
6,17,0.3000111520379152
6,18,0.22604737205836498
6,19,0.1786076320804367
6,20,0.1297140159968306
6,21,0.5897991783371583
6,22,0.47043174510581304
6,23,0.5880500298340093
6,24,0.536328788275477
6,25,0.5729798742617481
6,26,0.36475361057533834
6,27,0.5073548252172718
6,28,0.5654019058530818
6,29,0.438713197235752
7,0,0.23272109723902965
7,1,0.2479812875498898
7,2,0.3105625583802613
7,3,0.4537705255161389
7,4,0.671731297288403
7,5,0.42295820345257773
7,6,0.5102128856995022
7,8,0.7155502904654952
7,9,0.3772741491534871
7,10,0.8068950555429028
7,11,0.64245037400244
7,12,0.8280181481485307
7,13,0.28094337245643713
7,14,0.48844571908561674
7,15,0.4794938587823287
7,16,0.7091099061899808
7,17,0.7364743453591711
7,18,0.7287768299937992
7,19,0.5056931762961093
7,20,0.47850564745703367
7,21,0.26563973658688805
7,22,0.06421739627627662
7,23,0.7417222645101553
7,24,0.22403571154431304
7,25,0.837809374146171
7,26,0.5119431617401549
7,27,0.35156231229671037
7,28,0.30842449291435875
7,29,0.31508285156325094
8,0,0.6982761110373414
8,1,0.5495379107021525
8,2,0.4351289794049335
8,3,1.0305281805754831
8,4,0.7834940552880819
8,5,0.9162733989483277
8,6,0.26765693659713935
8,7,0.7155502904654952
8,9,0.34573873534365407
8,10,0.09145759438277468
8,11,0.33630521841200023
8,12,0.5301797296691189
8,13,0.4805822487808038
8,14,0.9681560884042234
8,15,0.31447465492840054
8,16,0.23311165067806966
8,17,0.03443503580204741
8,18,0.2729008034790995
8,19,0.2138321357011488
8,20,0.3921199916605039
8,21,0.8438873989502612
8,22,0.6622874168578786
8,23,0.8200417435922097
8,24,0.7881397010001985
8,25,0.7661761159226916
8,26,0.3357092683928042
8,27,0.7731586060045939
8,28,0.8260439308236015
8,29,0.5272755127986809
9,0,0.4229224660826934
9,1,0.21330347580503112
9,2,0.09589013968998858
9,3,0.7535079386117237
9,4,0.6898338975941272
9,5,0.6643078268912136
9,6,0.2270716218063199
9,7,0.3772741491534871
9,8,0.34573873534365407
9,10,0.4368526620480644
9,11,0.4030119197325314
9,12,0.6352958278795025
9,13,0.1425029272570885
9,14,0.7260594248366811
9,15,0.2318259742756087
9,16,0.4089261804966974
9,17,0.36303955335628935
9,18,0.44217669193228226
9,19,0.13194491209707682
9,20,0.3001644269454061
9,21,0.553552276624934
9,22,0.32001065428311937
9,23,0.7485842706466631
9,24,0.4961000475428411
9,25,0.7686156248948435
9,26,0.1902681352826668
9,27,0.5314696691490853
9,28,0.5551575414940746
9,29,0.21351437043666513
10,0,0.7838658879993403
10,1,0.6387051842656729
10,2,0.5252673218818176
10,3,1.1141182541017247
10,4,0.8380343885217753
10,5,0.9968164397074778
10,6,0.3462512926649154
10,7,0.8068950555429028
10,8,0.09145759438277468
10,9,0.4368526620480644
10,11,0.38165569509882785
10,12,0.5459966348562506
10,13,0.5703391104390911
10,14,1.0467510613512254
10,15,0.39277573348779826
10,16,0.2619259998722536
10,17,0.07804676423790052
10,18,0.2954676238772884
10,19,0.3049079435007201
10,20,0.464219978414794
10,21,0.9302377897994397
10,22,0.7537449948800008
10,23,0.8689889872499037
10,24,0.8750045680399225
10,25,0.7994924520573484
10,26,0.4116718478024837
10,27,0.8535990235208663
10,28,0.9099913517019107
10,29,0.613674658840592
11,0,0.5177983684444519
11,1,0.5961670676641
11,2,0.489242414420572
11,3,0.8118347558583617
11,4,0.45751985533989126
11,5,0.679694444892288
11,6,0.17625947377460485
11,7,0.64245037400244
11,8,0.33630521841200023
11,9,0.4030119197325314
11,10,0.38165569509882785
11,12,0.23477080448086177
11,13,0.5309127592484512
11,14,0.7177913156121257
11,15,0.17873820567060056
11,16,0.1270436401266441
11,17,0.37025128785325817
11,18,0.11417967092960073
11,19,0.34205753319860266
11,20,0.1663981726418221
11,21,0.6597487054845554
11,22,0.6133958052554834
11,23,0.48742636191477934
11,24,0.6137978158037646
11,25,0.4321010416270789
11,26,0.5324616708532489
11,27,0.5429115534802599
11,28,0.6197114253350807
11,29,0.613165017414656
12,0,0.6573109662762452
12,1,0.8195788951387585
12,2,0.7179107167934259
12,3,0.8919176929508529
12,4,0.4089719629360927
12,5,0.7531183121646459
12,6,0.41007175575680727
12,7,0.8280181481485307
12,8,0.5301797296691189
12,9,0.6352958278795025
12,10,0.5459966348562506
12,11,0.23477080448086177
12,13,0.7574195987827409
12,14,0.7728230762186493
12,15,0.4053264192021652
12,16,0.29757553705290885
12,17,0.5607669474562786
12,18,0.25727892974218264
12,19,0.5755916657164394
12,20,0.36139516458753435
12,21,0.7810312094610459
12,22,0.8102946133566613
12,23,0.4034614745565904
12,24,0.746609141347736
12,25,0.27713285491971873
12,26,0.7660795653736574
12,27,0.6382551128218221
12,28,0.727356800455204
12,29,0.8422494461044587
13,0,0.4025631314966318
13,1,0.07082332145147563
13,2,0.04672000038789705
13,3,0.7085866686405617
13,4,0.750958381415363
13,5,0.6424026592074095
13,6,0.35894293395125965
13,7,0.28094337245643713
13,8,0.4805822487808038
13,9,0.1425029272570885
13,10,0.5703391104390911
13,11,0.5309127592484512
13,12,0.7574195987827409
13,14,0.7077724237462112
13,15,0.3531045965865571
13,16,0.5489812401624892
13,17,0.49410108828476484
13,18,0.5806291612735367
13,19,0.2687231301699361
13,20,0.4038179964748796
13,21,0.5074810073218657
13,22,0.21718917990704312
13,23,0.815316239322141
13,24,0.45272025325857496
13,25,0.859760054846403
13,26,0.23108891972733692
13,27,0.5262632916066909
13,28,0.5258776775413837
13,29,0.08909392320000693
14,0,0.30687543785091437
14,1,0.7070441335573343
14,2,0.7132541871746617
14,3,0.13948796352443862
14,4,0.40545195552335533
14,5,0.06626734079948732
14,6,0.7011244608213817
14,7,0.48844571908561674
14,8,0.9681560884042234
14,9,0.7260594248366811
14,10,1.0467510613512254
14,11,0.7177913156121257
14,12,0.7728230762186493
14,13,0.7077724237462112
14,15,0.6543497259639738
14,16,0.8373373436323719
14,17,0.9995736408383583
14,18,0.8318784859441296
14,19,0.8114342940155912
14,20,0.5855686161871961
14,21,0.2245416502445482
14,22,0.5378816878096842
14,23,0.45858705821542306
14,24,0.2659166733477738
14,25,0.6184819417567701
14,26,0.9102637000846449
14,27,0.19762248121958628
14,28,0.18408873324441724
14,29,0.7735822630238748
15,0,0.3987700521468887
15,1,0.4175783540944508
15,2,0.3126806266552239
15,3,0.7232151989627046
15,4,0.5022399502547163
15,5,0.6040621454059525
15,6,0.04683653529803736
15,7,0.4794938587823287
15,8,0.31447465492840054
15,9,0.2318259742756087
15,10,0.39277573348779826
15,11,0.17873820567060056
15,12,0.4053264192021652
15,13,0.3531045965865571
15,14,0.6543497259639738
15,16,0.23019579454499167
15,17,0.346741739221493
15,18,0.2496577918425686
15,19,0.20927823262923778
15,20,0.08790078642051269
15,21,0.5461090420991801
15,22,0.4437516793855116
15,23,0.5517096081676576
15,24,0.4933622769988351
15,25,0.54688685761604
15,26,0.38781628752264824
15,27,0.46085753122646966
15,28,0.5201190083406769
15,29,0.4370007688015035
16,0,0.6162632410580081
16,1,0.6186635897164913
16,2,0.5034406567969307
16,3,0.924840813024089
16,4,0.5830375049072679
16,5,0.7959296053680932
16,6,0.20060997217333962
16,7,0.7091099061899808
16,8,0.23311165067806966
16,9,0.4089261804966974
16,10,0.2619259998722536
16,11,0.1270436401266441
16,12,0.29757553705290885
16,13,0.5489812401624892
16,14,0.8373373436323719
16,15,0.23019579454499167
16,17,0.2646405235646651
16,18,0.04168686963162012
16,19,0.3116309305375781
16,20,0.261412915710161
16,21,0.7619918933254662
16,22,0.6708562176274729
16,23,0.609661681957421
16,24,0.712418729093364
16,25,0.5383933189518788
16,26,0.49531811044716506
16,27,0.656119524899869
16,28,0.7276044587204565
16,29,0.621817195651879
17,0,0.7268276879433045
17,1,0.5619370686586694
17,2,0.44948488141341353
17,3,1.0599680493521177
17,4,0.8179269071483958
17,5,0.9470613638054197
17,6,0.3000111520379152
17,7,0.7364743453591711
17,8,0.03443503580204741
17,9,0.36303955335628935
17,10,0.07804676423790052
17,11,0.37025128785325817
17,12,0.5607669474562786
17,13,0.49410108828476484
17,14,0.9995736408383583
17,15,0.346741739221493
17,16,0.2646405235646651
17,18,0.3036896239021575
17,19,0.23153345436621012
17,20,0.42550615294832406
17,21,0.871824573004591
17,22,0.6818230782711395
17,23,0.8544110907865313
17,24,0.8157483466835306
17,25,0.7994728084975058
17,26,0.3346755271328195
17,27,0.8040695284159906
17,28,0.8554161821563444
17,29,0.5358397838577891
18,0,0.6235027742348846
18,1,0.6496558365105343
18,2,0.5356603581229985
18,3,0.924424468978907
18,4,0.5601303653605278
18,5,0.7931592047133997
18,6,0.22604737205836498
18,7,0.7287768299937992
18,8,0.2729008034790995
18,9,0.44217669193228226
18,10,0.2954676238772884
18,11,0.11417967092960073
18,12,0.25727892974218264
18,13,0.5806291612735367
18,14,0.8318784859441296
18,15,0.2496577918425686
18,16,0.04168686963162012
18,17,0.3036896239021575
18,19,0.3499965703421492
18,20,0.2676063746296356
18,21,0.7676683571616628
18,22,0.693224291111851
18,23,0.5829950564441643
18,24,0.71979163015394
18,25,0.5041577485740195
18,26,0.5353001524140619
18,27,0.6553749493755793
18,28,0.7301945608193517
18,29,0.6556021273163025
19,0,0.5196863319426085
19,1,0.33877745787023517
19,2,0.22256528988979604
19,3,0.8548484246840055
19,4,0.7097674450057262
19,5,0.7534607409053431
19,6,0.1786076320804367
19,7,0.5056931762961093
19,8,0.2138321357011488
19,9,0.13194491209707682
19,10,0.3049079435007201
19,11,0.34205753319860266
19,12,0.5755916657164394
19,13,0.2687231301699361
19,14,0.8114342940155912
19,15,0.20927823262923778
19,16,0.3116309305375781
19,17,0.23153345436621012
19,18,0.3499965703421492
19,20,0.2960297149963918
19,21,0.6594449282399967
19,22,0.4503541988315082
19,23,0.7607168587597067
19,24,0.6022247765887199
19,25,0.7515845658986511
19,26,0.1905022997355904
19,27,0.6138572630890108
19,28,0.6517961023295628
19,29,0.3246331347414173
20,0,0.3559819295320662
20,1,0.4619324421918563
20,2,0.36870744870834304
20,3,0.6653633312442017
20,4,0.414419338232138
20,5,0.539671619471497
20,6,0.1297140159968306
20,7,0.47850564745703367
20,8,0.3921199916605039
20,9,0.3001644269454061
20,10,0.464219978414794
20,11,0.1663981726418221
20,12,0.36139516458753435
20,13,0.4038179964748796
20,14,0.5855686161871961
20,15,0.08790078642051269
20,16,0.261412915710161
20,17,0.42550615294832406
20,18,0.2676063746296356
20,19,0.2960297149963918
20,21,0.5008796976676684
20,22,0.45346340666300106
20,23,0.46473191285949816
20,24,0.45227300427360234
20,25,0.4688156948325147
20,26,0.46925134040097993
20,27,0.39783456360025843
20,28,0.4664715082243552
20,29,0.49155405758324633
21,0,0.14734788226421758
21,1,0.4961567423181248
21,2,0.5212058726121043
21,3,0.20179145478425625
21,4,0.5034144995597395
21,5,0.16082443509684005
21,6,0.5897991783371583
21,7,0.26563973658688805
21,8,0.8438873989502612
21,9,0.553552276624934
21,10,0.9302377897994397
21,11,0.6597487054845554
21,12,0.7810312094610459
21,13,0.5074810073218657
21,14,0.2245416502445482
21,15,0.5461090420991801
21,16,0.7619918933254662
21,17,0.871824573004591
21,18,0.7676683571616628
21,19,0.6594449282399967
21,20,0.5008796976676684
21,22,0.31894848027941197
21,23,0.5704614634300041
21,24,0.05749566685056462
21,25,0.7036408189714051
21,26,0.7254835350464501
21,27,0.1544356753255412
21,28,0.06616783817699616
21,29,0.5639301685726404
22,0,0.26065271137164336
22,1,0.1845213991258632
22,2,0.2484313748781169
22,3,0.5124747080415687
22,4,0.6870833127676365
22,5,0.47176344667239867
22,6,0.47043174510581304
22,7,0.06421739627627662
22,8,0.6622874168578786
22,9,0.32001065428311937
22,10,0.7537449948800008
22,11,0.6133958052554834
22,12,0.8102946133566613
22,13,0.21718917990704312
22,14,0.5378816878096842
22,15,0.4437516793855116
22,16,0.6708562176274729
22,17,0.6818230782711395
22,18,0.693224291111851
22,19,0.4503541988315082
22,20,0.45346340666300106
22,21,0.31894848027941197
22,23,0.7565615583614039
22,24,0.2719818321689014
22,25,0.841352822523054
22,26,0.44827585916783985
22,27,0.38606496416566416
22,28,0.3548426273641906
22,29,0.25205120971606476
23,0,0.5122021885213828
23,1,0.8536177747072496
23,2,0.793526087351245
23,3,0.5966288655273416
23,4,0.07004697927177606
23,5,0.46889896964993033
23,6,0.5880500298340093
23,7,0.7417222645101553
23,8,0.8200417435922097
23,9,0.7485842706466631
23,10,0.8689889872499037
23,11,0.48742636191477934
23,12,0.4034614745565904
23,13,0.815316239322141
23,14,0.45858705821542306
23,15,0.5517096081676576
23,16,0.609661681957421
23,17,0.8544110907865313
23,18,0.5829950564441643
23,19,0.7607168587597067
23,20,0.46473191285949816
23,21,0.5704614634300041
23,22,0.7565615583614039
23,24,0.5647264184848667
23,25,0.16751911566545255
23,26,0.9297335031005223
23,27,0.41906755611735635
23,28,0.5045207173185039
23,29,0.903029744717044
24,0,0.09629218841882568
24,1,0.444578119444145
24,2,0.4650621518224333
24,3,0.25844258427804806
24,4,0.4958931794842545
24,5,0.19987049622250858
24,6,0.536328788275477
24,7,0.22403571154431304
24,8,0.7881397010001985
24,9,0.4961000475428411
24,10,0.8750045680399225
24,11,0.6137978158037646
24,12,0.746609141347736
24,13,0.45272025325857496
24,14,0.2659166733477738
24,15,0.4933622769988351
24,16,0.712418729093364
24,17,0.8157483466835306
24,18,0.71979163015394
24,19,0.6022247765887199
24,20,0.45227300427360234
24,21,0.05749566685056462
24,22,0.2719818321689014
24,23,0.5647264184848667
24,25,0.6882398216835464
24,26,0.6688404543111136
24,27,0.14685454268702083
24,28,0.08446576045797569
24,29,0.5119907047728056
25,0,0.6204514495597971
25,1,0.9084484106160773
25,2,0.8302855198009849
25,3,0.7541822458160086
25,4,0.2131154238398378
25,5,0.6214525307638209
25,6,0.5729798742617481
25,7,0.837809374146171
25,8,0.7661761159226916
25,9,0.7686156248948435
25,10,0.7994924520573484
25,11,0.4321010416270789
25,12,0.27713285491971873
25,13,0.859760054846403
25,14,0.6184819417567701
25,15,0.54688685761604
25,16,0.5383933189518788
25,17,0.7994728084975058
25,18,0.5041577485740195
25,19,0.7515845658986511
25,20,0.4688156948325147
25,21,0.7036408189714051
25,22,0.841352822523054
25,23,0.16751911566545255
25,24,0.6882398216835464
25,26,0.9346854291090609
25,27,0.5492139693273734
25,28,0.6395368157583012
25,29,0.9488516366396278
26,0,0.6042294604840609
26,1,0.2790782969745123
26,2,0.2057212850765899
26,3,0.9272088512431899
26,4,0.8736560656541235
26,5,0.8470936797642348
26,6,0.36475361057533834
26,7,0.5119431617401549
26,8,0.3357092683928042
26,9,0.1902681352826668
26,10,0.4116718478024837
26,11,0.5324616708532489
26,12,0.7660795653736574
26,13,0.23108891972733692
26,14,0.9102637000846449
26,15,0.38781628752264824
26,16,0.49531811044716506
26,17,0.3346755271328195
26,18,0.5353001524140619
26,19,0.1905022997355904
26,20,0.46925134040097993
26,21,0.7254835350464501
26,22,0.44827585916783985
26,23,0.9297335031005223
26,24,0.6688404543111136
26,25,0.9346854291090609
26,27,0.7180841006482361
26,28,0.734602306433024
26,29,0.22942183802425917
27,0,0.12763298706659598
27,1,0.5357422741021046
27,2,0.5263160892566239
27,3,0.2690516477687595
27,4,0.3509162013682251
27,5,0.14322472546950496
27,6,0.5073548252172718
27,7,0.35156231229671037
27,8,0.7731586060045939
27,9,0.5314696691490853
27,10,0.8535990235208663
27,11,0.5429115534802599
27,12,0.6382551128218221
27,13,0.5262632916066909
27,14,0.19762248121958628
27,15,0.46085753122646966
27,16,0.656119524899869
27,17,0.8040695284159906
27,18,0.6553749493755793
27,19,0.6138572630890108
27,20,0.39783456360025843
27,21,0.1544356753255412
27,22,0.38606496416566416
27,23,0.41906755611735635
27,24,0.14685454268702083
27,25,0.5492139693273734
27,26,0.7180841006482361
27,28,0.09173956243012558
27,29,0.599473510971619
28,0,0.1326491264022372
28,1,0.5230899604683679
28,2,0.5340085081601044
28,3,0.20455798539637607
28,4,0.4377563233233054
28,5,0.11785088626010233
28,6,0.5654019058530818
28,7,0.30842449291435875
28,8,0.8260439308236015
28,9,0.5551575414940746
28,10,0.9099913517019107
28,11,0.6197114253350807
28,12,0.727356800455204
28,13,0.5258776775413837
28,14,0.18408873324441724
28,15,0.5201190083406769
28,16,0.7276044587204565
28,17,0.8554161821563444
28,18,0.7301945608193517
28,19,0.6517961023295628
28,20,0.4664715082243552
28,21,0.06616783817699616
28,22,0.3548426273641906
28,23,0.5045207173185039
28,24,0.08446576045797569
28,25,0.6395368157583012
28,26,0.734602306433024
28,27,0.09173956243012558
28,29,0.5898181455018129
29,0,0.4731362530951361
29,1,0.06800067724742627
29,2,0.12433891977236745
29,3,0.7619190310886286
29,4,0.8381140633987443
29,5,0.7075225885674369
29,6,0.438713197235752
29,7,0.31508285156325094
29,8,0.5272755127986809
29,9,0.21351437043666513
29,10,0.613674658840592
29,11,0.613165017414656
29,12,0.8422494461044587
29,13,0.08909392320000693
29,14,0.7735822630238748
29,15,0.4370007688015035
29,16,0.621817195651879
29,17,0.5358397838577891
29,18,0.6556021273163025
29,19,0.3246331347414173
29,20,0.49155405758324633
29,21,0.5639301685726404
29,22,0.25205120971606476
29,23,0.903029744717044
29,24,0.5119907047728056
29,25,0.9488516366396278
29,26,0.22942183802425917
29,27,0.599473510971619
29,28,0.5898181455018129
