siteNum=30
demandLowerBound=0
demandUpperBound=1000
fixedCostLowerBound=500
fixedCostUpperBound=1500
coordinateLowerBound=0
coordinateUpperBound=1
facilityFailProbility=0.05
Coordinate: index, x, y
0,0.4225745752094865,0.7521651478441974
1,0.21858434655918924,0.3151778461114042
2,0.9763365421249572,0.07159204467563518
3,0.8162180628183885,0.3361090855387777
4,0.7233527618374785,0.5698143752785783
5,0.5033199548133793,0.5232100308210373
6,0.4750587202591875,0.37589340915979985
7,0.2288596683097125,0.17504528807153186
8,0.1583726495237744,0.7749416788473827
9,0.778314572855306,0.7452964582646476
10,0.4904175187207984,0.5540784860130248
11,0.5721507626655751,0.5327018162974673
12,0.34624961170742086,0.010586708297799952
13,0.9553970392536704,0.10229140469472608
14,0.1719315726524594,0.30665590038419566
15,0.13380011928087554,0.3609992742496515
16,0.8256648772388614,0.19441558576671736
17,0.4986245408997283,0.10017530147489773
18,0.5416085825400676,0.5635269550626298
19,0.6386555517298015,0.38154902452934236
20,0.02612053205884013,0.8024587801673273
21,0.0080507376144211,0.28705398737604737
22,0.766522249417143,0.8035374053008728
23,0.8691666173999134,0.46276498479453054
24,0.6544582300187378,0.7844128438048495
25,0.8162969686277678,0.9311768867113889
26,0.5281993313479658,0.020916883711878276
27,0.8666828428677719,0.7415954718548025
28,0.19634569237533006,0.9018267206344267
29,0.527959869134615,0.4869722729983079
Demand:index, demand
0,115
1,899
2,933
3,820
4,911
5,773
6,528
7,956
8,762
9,220
10,613
11,377
12,177
13,893
14,346
15,864
16,814
17,307
18,551
19,852
20,680
21,698
22,433
23,484
24,613
25,568
26,937
27,702
28,933
29,369
Fixcost:index, fixedCost
0,1431
1,942
2,1453
3,1364
4,1317
5,1252
6,1288
7,1187
8,1452
9,956
10,1490
11,1422
12,1183
13,1246
14,848
15,1495
16,819
17,672
18,955
19,1411
20,1485
21,1439
22,662
23,1318
24,891
25,616
26,912
27,1191
28,1372
29,618
TransCost:start_index, end_index, transCost
0,1,0.4822550313480491
0,2,0.8774007435365994
0,3,0.572763338838993
0,4,0.35173757519847293
0,5,0.24277615603363045
0,6,0.3799144730254134
0,7,0.6087633347198312
0,8,0.26518187702137114
0,9,0.3558063023916073
0,10,0.2093824027460197
0,11,0.2655883840597871
0,12,0.7454958632035871
0,13,0.8403782840038292
0,14,0.5111755122295853
0,15,0.4862112987805297
0,16,0.688161583923248
0,17,0.6564102048644201
0,18,0.22305484230805814
0,19,0.4290073417494213
0,20,0.39963140239819583
0,21,0.6230235978890121
0,22,0.3477630104382166
0,23,0.5321624813165523
0,24,0.23411523500717907
0,25,0.43250725511981347
0,26,0.7388373385975043
0,27,0.44423402779724563
0,28,0.2712528226552409
0,29,0.2853652414796051
1,0,0.4822550313480491
1,2,0.7959412243035586
1,3,0.5980001468174962
1,4,0.5653591027381275
1,5,0.3526354441671264
1,6,0.2635630550002979
1,7,0.14050877573972015
1,8,0.4636897997066157
1,9,0.7059036384310073
1,10,0.36189333958066544
1,11,0.41512153425692244
1,12,0.33026380540403505
1,13,0.766950833531556
1,14,0.04742472848809933
1,15,0.0963741068534973
1,16,0.6189751968002194
1,17,0.35305609277628935
1,18,0.4074578959204226
1,19,0.42528220129471256
1,20,0.5239131880249224
1,21,0.2124037474374566
1,22,0.7339829728543465
1,23,0.6671126251518148
1,24,0.6404432256980128
1,25,0.8583211500366265
1,26,0.42714277800057626
1,27,0.7757987190386968
1,28,0.5870702340598084
1,29,0.3538736202067307
2,0,0.8774007435365994
2,1,0.7959412243035586
2,3,0.30920412727265056
2,4,0.5587721215307467
2,5,0.6539904412771798
2,6,0.58641177948726
2,7,0.7546020477428761
2,8,1.0787796983113886
2,9,0.7022039142604845
2,10,0.6847703727385333
2,11,0.6131789019546632
2,12,0.6330333253072591
2,13,0.03716064431732029
2,14,0.838046759538288
2,15,0.8908558628356266
2,16,0.1943902591327578
2,17,0.4785663576599025
2,18,0.6564970334299325
2,19,0.4583686078193888
2,20,1.1987813190212193
2,21,0.9919683704477941
2,22,0.7614236983213023
2,23,0.4055880445067784
2,24,0.782124759533644
2,25,0.87435620072302
2,26,0.4509932722576738
2,27,0.6789171718204032
2,28,1.1391555393613046
2,29,0.6112138537069361
3,0,0.572763338838993
3,1,0.5980001468174962
3,2,0.30920412727265056
3,4,0.251479873108444
3,5,0.3645709666424762
3,6,0.3434712352168788
3,7,0.6090414029065507
3,8,0.7907810270502936
3,9,0.4109391445818729
3,10,0.39199063008876683
3,11,0.3133967912902781
3,12,0.5716949913408892
3,13,0.27210566946843195
3,14,0.644959356491618
3,15,0.6828717091489668
3,16,0.1420080637863559
3,17,0.39563922407592506
3,18,0.3565518952936547
3,19,0.18328456945294336
3,20,0.9174617952767717
3,21,0.809654758636723
3,22,0.4700626638919824
3,23,0.13727806178904237
3,24,0.47659469487485434
3,25,0.5950678064040543
3,26,0.42696711087661116
3,27,0.4086146149038983
3,28,0.8392128444542005
3,29,0.3253497926175476
4,0,0.35173757519847293
4,1,0.5653591027381275
4,2,0.5587721215307467
4,3,0.251479873108444
4,5,0.22491420828667452
4,6,0.31504804742090137
4,7,0.6327448551833074
4,8,0.6010655022369976
4,9,0.18388790639813463
4,10,0.23346615535619855
4,11,0.15569003368137196
4,12,0.6744941581324312
4,13,0.5219408728056771
4,14,0.6109973083336441
4,15,0.625440696439874
4,16,0.3890912747992125
4,17,0.5206377175436151
4,18,0.1818529030878016
4,19,0.20643996631649794
4,20,0.7350212251140318
4,21,0.769162156391221
4,22,0.23767637539455452
4,23,0.18089016688860882
4,24,0.22538624449674058
4,25,0.3731239609632491
4,26,0.5825575659795695
4,27,0.22372361804038596
4,28,0.6228712938736003
4,29,0.21222911305710984
5,0,0.24277615603363045
5,1,0.3526354441671264
5,2,0.6539904412771798
5,3,0.3645709666424762
5,4,0.22491420828667452
5,6,0.15000294795838925
5,7,0.44333636999630904
5,8,0.4270333313040327
5,9,0.35347478157103535
5,10,0.03345645502833304
5,11,0.06948218549467525
5,12,0.5361471472256348
5,13,0.617694244829993
5,14,0.39587112958700155
5,15,0.40355574385632287
5,16,0.46044764752582706
5,17,0.4230607865836564
5,18,0.05560101971632563
5,19,0.1959172388951517
5,20,0.5529006719915726
5,21,0.5486905087209555
5,22,0.38452423170386063
5,23,0.37080639707919255
5,24,0.3017775467835655
5,25,0.5141902047698212
5,26,0.5029089271523951
5,27,0.4239396056878162
5,28,0.48742568213485904
5,29,0.04382123309283552
6,0,0.3799144730254134
6,1,0.2635630550002979
6,2,0.58641177948726
6,3,0.3434712352168788
6,4,0.31504804742090137
6,5,0.15000294795838925
6,7,0.3177324990074321
6,8,0.5094404665301815
6,9,0.4779359003273947
6,10,0.17884578357728778
6,11,0.18443356865737925
6,12,0.38735096765153365
6,13,0.552795583866
6,14,0.31093391619063204
6,15,0.3415834714918104
6,16,0.39478966259965137
6,17,0.2767233687417914
6,18,0.19908599076196576
6,19,0.1636945608517054
6,20,0.6192766042467615
6,21,0.4753828969544507
6,22,0.517523309875716
6,23,0.4035687119214592
6,24,0.44617520391061405
6,25,0.6517540046608405
6,26,0.35893210801761344
6,27,0.5358240868683706
6,28,0.5952199593686814
6,29,0.12303270111638596
7,0,0.6087633347198312
7,1,0.14050877573972015
7,2,0.7546020477428761
7,3,0.6090414029065507
7,4,0.6327448551833074
7,5,0.44333636999630904
7,6,0.3177324990074321
7,8,0.6040232607137093
7,9,0.7918883060355325
7,10,0.4605200041837737
7,11,0.4957488957594107
7,12,0.20205698026079208
7,13,0.7301709929356028
7,14,0.1433951231683827
7,15,0.20884253119778587
7,16,0.5971194736715301
7,17,0.2799617855645438
7,18,0.4987282716474457
7,19,0.4588861070451883
7,20,0.6593563887849958
7,21,0.2475934825367731
7,22,0.8270933396797027
7,23,0.7019797810019712
7,24,0.7432785169162291
7,25,0.9575059144812793
7,26,0.33668946953878426
7,27,0.8531104926960976
7,28,0.7275083568930567
7,29,0.4321566545351421
8,0,0.26518187702137114
8,1,0.4636897997066157
8,2,1.0787796983113886
8,3,0.7907810270502936
8,4,0.6010655022369976
8,5,0.4270333313040327
8,6,0.5094404665301815
8,7,0.6040232607137093
8,9,0.6206503261961583
8,10,0.398791104601213
8,11,0.4794710397129223
8,12,0.7871062659661711
8,13,1.0429315745253651
8,14,0.4684820324273736
8,15,0.4146711028835865
8,16,0.8844712894811594
8,17,0.7556990231681531
8,18,0.43768249426707956
8,19,0.6208296438016128
8,20,0.13508446779334352
8,21,0.5105203979169807
8,22,0.6088215267398708
8,23,0.7763261898705169
8,24,0.4961759830349272
8,25,0.6762202672537718
8,26,0.8398363925600218
8,27,0.7090947041938778
8,28,0.13244533141151474
8,29,0.4685307797837202
9,0,0.3558063023916073
9,1,0.7059036384310073
9,2,0.7022039142604845
9,3,0.4109391445818729
9,4,0.18388790639813463
9,5,0.35347478157103535
9,6,0.4779359003273947
9,7,0.7918883060355325
9,8,0.6206503261961583
9,10,0.34561398509225577
9,11,0.29614185524018893
9,12,0.8523371089821629
9,13,0.6669435499517073
9,14,0.7484022193664845
9,15,0.7503887036118031
9,16,0.5529120970003245
9,17,0.703141394680371
9,18,0.2984457708620213
9,19,0.3896368023310355
9,20,0.7543629140241591
9,21,0.8962658857761389
9,22,0.0594227801751705
9,23,0.29677959414206834
9,24,0.12988643223439175
9,25,0.1897213642902665
9,26,0.7663441798979922
9,27,0.08844573729356281
9,28,0.6026520562353276
9,29,0.3597344331150316
10,0,0.2093824027460197
10,1,0.36189333958066544
10,2,0.6847703727385333
10,3,0.39199063008876683
10,4,0.23346615535619855
10,5,0.03345645502833304
10,6,0.17884578357728778
10,7,0.4605200041837737
10,8,0.398791104601213
10,9,0.34561398509225577
10,11,0.08448245482858795
10,12,0.5622879136676097
10,13,0.6483189966066755
10,14,0.4033004261370179
10,15,0.40553119682517524
10,16,0.4916789533902422
10,17,0.45397737404731797
10,18,0.05205572574011274
10,19,0.22746632610175016
10,20,0.5265590777372967
10,21,0.5513436264139242
10,22,0.3721069399045952
10,23,0.3896011232722795
10,24,0.2827777773137526
10,25,0.498398053448178
10,26,0.5344986057359928
10,27,0.4204024430645146
10,28,0.45541966770492126
10,29,0.07689390027674724
11,0,0.2655883840597871
11,1,0.41512153425692244
11,2,0.6131789019546632
11,3,0.3133967912902781
11,4,0.15569003368137196
11,5,0.06948218549467525
11,6,0.18443356865737925
11,7,0.4957488957594107
11,8,0.4794710397129223
11,9,0.29614185524018893
11,10,0.08448245482858795
11,12,0.5688897221832392
11,13,0.5763079306539863
11,14,0.45964350985935204
11,15,0.4707791939980589
11,16,0.42273748361670155
11,17,0.4387314569434462
11,18,0.043393708607475254
11,19,0.16513646910290708
11,20,0.6090302392268623
11,21,0.6152655476430642
11,22,0.33336495186632403
11,23,0.3051386215545973
11,24,0.26482628372371597
11,25,0.4673218929465141
11,26,0.5136687118527878
11,27,0.3610896088235438
11,28,0.5267662155621082
11,29,0.06359265839241458
12,0,0.7454958632035871
12,1,0.33026380540403505
12,2,0.6330333253072591
12,3,0.5716949913408892
12,4,0.6744941581324312
12,5,0.5361471472256348
12,6,0.38735096765153365
12,7,0.20205698026079208
12,8,0.7871062659661711
12,9,0.8523371089821629
12,10,0.5622879136676097
12,11,0.5688897221832392
12,13,0.6160116393603823
12,14,0.3435749485085578
12,15,0.40978500852185584
12,16,0.5134511203766761
12,17,0.17676038887095785
12,18,0.5864367348462594
12,19,0.4723497367674115
12,20,0.8541334824508316
12,21,0.43682105585548675
12,22,0.8974407489551309
12,23,0.6913084612370631
12,24,0.8329462409994691
12,25,1.0336492607937025
12,26,0.18224273099731178
12,27,0.8973430561904076
12,28,0.9037587867461719
12,29,0.5098645152481971
13,0,0.8403782840038292
13,1,0.766950833531556
13,2,0.03716064431732029
13,3,0.27210566946843195
13,4,0.5219408728056771
13,5,0.617694244829993
13,6,0.552795583866
13,7,0.7301709929356028
13,8,1.0429315745253651
13,9,0.6669435499517073
13,10,0.6483189966066755
13,11,0.5763079306539863
13,12,0.6160116393603823
13,14,0.8096807917044003
13,15,0.8613659272797081
13,16,0.1591141055947639
13,17,0.456777399994066
13,18,0.6196443494720243
13,19,0.4222676735845739
13,20,1.163524464934199
13,21,0.9651954347118699
13,22,0.7262366278300126
13,23,0.37064388245733537
13,24,0.7455560506074677
13,25,0.8404760388887518
13,26,0.4348789421265136
13,27,0.6454300108670274
13,28,1.1024589192494292
13,29,0.575049480339026
14,0,0.5111755122295853
14,1,0.04742472848809933
14,2,0.838046759538288
14,3,0.644959356491618
14,4,0.6109973083336441
14,5,0.39587112958700155
14,6,0.31093391619063204
14,7,0.1433951231683827
14,8,0.4684820324273736
14,9,0.7484022193664845
14,10,0.4033004261370179
14,11,0.45964350985935204
14,12,0.3435749485085578
14,13,0.8096807917044003
14,15,0.06638682112671146
14,16,0.6632986670805905
14,17,0.38647449233830866
14,18,0.45015978315599664
14,19,0.4726946717385416
14,20,0.5167991439236723
14,21,0.16504897178214634
14,22,0.7748737334712967
14,23,0.7144975534313727
14,24,0.6790314219943874
14,25,0.8973478845428379
14,26,0.45669847989103535
14,27,0.8196656381091165
14,28,0.595671347740661
14,29,0.3990866348660364
15,0,0.4862112987805297
15,1,0.0963741068534973
15,2,0.8908558628356266
15,3,0.6828717091489668
15,4,0.625440696439874
15,5,0.40355574385632287
15,6,0.3415834714918104
15,7,0.20884253119778587
15,8,0.4146711028835865
15,9,0.7503887036118031
15,10,0.40553119682517524
15,11,0.4707791939980589
15,12,0.40978500852185584
15,13,0.8613659272797081
15,14,0.06638682112671146
15,16,0.7116368235082005
15,17,0.4484707386034633
15,18,0.45532977521935397
15,19,0.5052734902107469
15,20,0.4544022324652316
15,21,0.14587944488623214
15,22,0.7721251785808333
15,23,0.74237466713147
15,24,0.6710915877587758
15,25,0.8893280941930272
15,26,0.5207751634179841
15,27,0.825815083516671
15,28,0.5444320669071493
15,29,0.41380080330817565
16,0,0.688161583923248
16,1,0.6189751968002194
16,2,0.1943902591327578
16,3,0.1420080637863559
16,4,0.3890912747992125
16,5,0.46044764752582706
16,6,0.39478966259965137
16,7,0.5971194736715301
16,8,0.8844712894811594
16,9,0.5529120970003245
16,10,0.4916789533902422
16,11,0.42273748361670155
16,12,0.5134511203766761
16,13,0.1591141055947639
16,14,0.6632986670805905
16,15,0.7116368235082005
16,17,0.3403477820938698
16,18,0.46575871596945073
16,19,0.2645589003047878
16,20,1.0044837908927386
16,21,0.8228455230275883
16,22,0.6119863082277728
16,23,0.27185253604781434
16,24,0.6143358043813417
16,25,0.7368208549446946
16,26,0.3443654317826955
16,27,0.5487151367000042
16,28,0.9468226603604922
16,29,0.4173939231640443
17,0,0.6564102048644201
17,1,0.35305609277628935
17,2,0.4785663576599025
17,3,0.39563922407592506
17,4,0.5206377175436151
17,5,0.4230607865836564
17,6,0.2767233687417914
17,7,0.2799617855645438
17,8,0.7556990231681531
17,9,0.703141394680371
17,10,0.45397737404731797
17,11,0.4387314569434462
17,12,0.17676038887095785
17,13,0.456777399994066
17,14,0.38647449233830866
17,15,0.4484707386034633
17,16,0.3403477820938698
17,18,0.4653411465991634
17,19,0.3142926280071032
17,20,0.8464408560644094
17,21,0.5249631412908451
17,22,0.7526535931804109
17,23,0.518432935785238
17,24,0.7017586144809145
17,25,0.8896512833712925
17,26,0.08459648347510952
17,27,0.7395179163602363
17,28,0.8567482127823337
17,29,0.3879077965990505
18,0,0.22305484230805814
18,1,0.4074578959204226
18,2,0.6564970334299325
18,3,0.3565518952936547
18,4,0.1818529030878016
18,5,0.05560101971632563
18,6,0.19908599076196576
18,7,0.4987282716474457
18,8,0.43768249426707956
18,9,0.2984457708620213
18,10,0.05205572574011274
18,11,0.043393708607475254
18,12,0.5864367348462594
18,13,0.6196443494720243
18,14,0.45015978315599664
18,15,0.45532977521935397
18,16,0.46575871596945073
18,17,0.4653411465991634
18,19,0.2062379243255012
18,20,0.5681692945212705
18,21,0.6009336700028767
18,22,0.32892426753229403
18,23,0.34270576425492655
18,24,0.24804358242353378
18,25,0.45893374433876905
18,26,0.5427757341193511
18,27,0.370650335761575
18,28,0.483376866131221
18,29,0.07776185905438214
19,0,0.4290073417494213
19,1,0.42528220129471256
19,2,0.4583686078193888
19,3,0.18328456945294336
19,4,0.20643996631649794
19,5,0.1959172388951517
19,6,0.1636945608517054
19,7,0.4588861070451883
19,8,0.6208296438016128
19,9,0.3896368023310355
19,10,0.22746632610175016
19,11,0.16513646910290708
19,12,0.4723497367674115
19,13,0.4222676735845739
19,14,0.4726946717385416
19,15,0.5052734902107469
19,16,0.2645589003047878
19,17,0.3142926280071032
19,18,0.2062379243255012
19,20,0.7432120644301552
19,21,0.6376454686046911
19,22,0.44093546680171253
19,23,0.24440004827775152
19,24,0.4031736369386671
19,25,0.5776220735778056
19,26,0.377168553317516
19,27,0.42618058348006194
19,28,0.6828813167356292
19,29,0.15286463117073065
20,0,0.39963140239819583
20,1,0.5239131880249224
20,2,1.1987813190212193
20,3,0.9174617952767717
20,4,0.7350212251140318
20,5,0.5529006719915726
20,6,0.6192766042467615
20,7,0.6593563887849958
20,8,0.13508446779334352
20,9,0.7543629140241591
20,10,0.5265590777372967
20,11,0.6090302392268623
20,12,0.8541334824508316
20,13,1.163524464934199
20,14,0.5167991439236723
20,15,0.4544022324652316
20,16,1.0044837908927386
20,17,0.8464408560644094
20,18,0.5681692945212705
20,19,0.7432120644301552
20,21,0.5157214537940862
20,22,0.7404025030341962
20,23,0.9089106538179007
20,24,0.6285967853057651
20,25,0.8005917510573394
20,26,0.9289191873412832
20,27,0.8427629207856718
20,28,0.19710553720646132
20,29,0.5927684678205825
21,0,0.6230235978890121
21,1,0.2124037474374566
21,2,0.9919683704477941
21,3,0.809654758636723
21,4,0.769162156391221
21,5,0.5486905087209555
21,6,0.4753828969544507
21,7,0.2475934825367731
21,8,0.5105203979169807
21,9,0.8962658857761389
21,10,0.5513436264139242
21,11,0.6152655476430642
21,12,0.43682105585548675
21,13,0.9651954347118699
21,14,0.16504897178214634
21,15,0.14587944488623214
21,16,0.8228455230275883
21,17,0.5249631412908451
21,18,0.6009336700028767
21,19,0.6376454686046911
21,20,0.5157214537940862
21,22,0.9176241906181507
21,23,0.8788600076420252
21,24,0.8156031377481346
21,25,1.0335164630500313
21,26,0.58428034153969
21,27,0.9715230585446502
21,28,0.6429622878104059
21,29,0.5570213873490192
22,0,0.3477630104382166
22,1,0.7339829728543465
22,2,0.7614236983213023
22,3,0.4700626638919824
22,4,0.23767637539455452
22,5,0.38452423170386063
22,6,0.517523309875716
22,7,0.8270933396797027
22,8,0.6088215267398708
22,9,0.0594227801751705
22,10,0.3721069399045952
22,11,0.33336495186632403
22,12,0.8974407489551309
22,13,0.7262366278300126
22,14,0.7748737334712967
22,15,0.7721251785808333
22,16,0.6119863082277728
22,17,0.7526535931804109
22,18,0.32892426753229403
22,19,0.44093546680171253
22,20,0.7404025030341962
22,21,0.9176241906181507
22,23,0.3558956432106661
22,24,0.11368418226007215
22,25,0.13700131345079147
22,26,0.8181031072482475
22,27,0.11776649608194842
22,28,0.5785862906332939
22,29,0.3963905804579694
23,0,0.5321624813165523
23,1,0.6671126251518148
23,2,0.4055880445067784
23,3,0.13727806178904237
23,4,0.18089016688860882
23,5,0.37080639707919255
23,6,0.4035687119214592
23,7,0.7019797810019712
23,8,0.7763261898705169
23,9,0.29677959414206834
23,10,0.3896011232722795
23,11,0.3051386215545973
23,12,0.6913084612370631
23,13,0.37064388245733537
23,14,0.7144975534313727
23,15,0.74237466713147
23,16,0.27185253604781434
23,17,0.518432935785238
23,18,0.34270576425492655
23,19,0.24440004827775152
23,20,0.9089106538179007
23,21,0.8788600076420252
23,22,0.3558956432106661
23,24,0.3867260487964924
23,25,0.4713861576443018
23,26,0.5581114893889718
23,27,0.27884154936127253
23,28,0.803407247309656
23,29,0.34206437678302526
24,0,0.23411523500717907
24,1,0.6404432256980128
24,2,0.782124759533644
24,3,0.47659469487485434
24,4,0.22538624449674058
24,5,0.3017775467835655
24,6,0.44617520391061405
24,7,0.7432785169162291
24,8,0.4961759830349272
24,9,0.12988643223439175
24,10,0.2827777773137526
24,11,0.26482628372371597
24,12,0.8329462409994691
24,13,0.7455560506074677
24,14,0.6790314219943874
24,15,0.6710915877587758
24,16,0.6143358043813417
24,17,0.7017586144809145
24,18,0.24804358242353378
24,19,0.4031736369386671
24,20,0.6285967853057651
24,21,0.8156031377481346
24,22,0.11368418226007215
24,23,0.3867260487964924
24,25,0.21847531120205424
24,26,0.7738652276539142
24,27,0.2165008398127616
24,28,0.47291977714854955
24,29,0.3232224133133268
25,0,0.43250725511981347
25,1,0.8583211500366265
25,2,0.87435620072302
25,3,0.5950678064040543
25,4,0.3731239609632491
25,5,0.5141902047698212
25,6,0.6517540046608405
25,7,0.9575059144812793
25,8,0.6762202672537718
25,9,0.1897213642902665
25,10,0.498398053448178
25,11,0.4673218929465141
25,12,1.0336492607937025
25,13,0.8404760388887518
25,14,0.8973478845428379
25,15,0.8893280941930272
25,16,0.7368208549446946
25,17,0.8896512833712925
25,18,0.45893374433876905
25,19,0.5776220735778056
25,20,0.8005917510573394
25,21,1.0335164630500313
25,22,0.13700131345079147
25,23,0.4713861576443018
25,24,0.21847531120205424
25,26,0.9547635946488918
25,27,0.1961628129436225
25,28,0.6206456454175535
25,29,0.5295809869964289
26,0,0.7388373385975043
26,1,0.42714277800057626
26,2,0.4509932722576738
26,3,0.42696711087661116
26,4,0.5825575659795695
26,5,0.5029089271523951
26,6,0.35893210801761344
26,7,0.33668946953878426
26,8,0.8398363925600218
26,9,0.7663441798979922
26,10,0.5344986057359928
26,11,0.5136687118527878
26,12,0.18224273099731178
26,13,0.4348789421265136
26,14,0.45669847989103535
26,15,0.5207751634179841
26,16,0.3443654317826955
26,17,0.08459648347510952
26,18,0.5427757341193511
26,19,0.377168553317516
26,20,0.9289191873412832
26,21,0.58428034153969
26,22,0.8181031072482475
26,23,0.5581114893889718
26,24,0.7738652276539142
26,25,0.9547635946488918
26,27,0.7962089643921734
26,28,0.9413442401620628
26,29,0.46605545080502714
27,0,0.44423402779724563
27,1,0.7757987190386968
27,2,0.6789171718204032
27,3,0.4086146149038983
27,4,0.22372361804038596
27,5,0.4239396056878162
27,6,0.5358240868683706
27,7,0.8531104926960976
27,8,0.7090947041938778
27,9,0.08844573729356281
27,10,0.4204024430645146
27,11,0.3610896088235438
27,12,0.8973430561904076
27,13,0.6454300108670274
27,14,0.8196656381091165
27,15,0.825815083516671
27,16,0.5487151367000042
27,17,0.7395179163602363
27,18,0.370650335761575
27,19,0.42618058348006194
27,20,0.8427629207856718
27,21,0.9715230585446502
27,22,0.11776649608194842
27,23,0.27884154936127253
27,24,0.2165008398127616
27,25,0.1961628129436225
27,26,0.7962089643921734
27,28,0.6892212623068186
27,29,0.42375255318469385
28,0,0.2712528226552409
28,1,0.5870702340598084
28,2,1.1391555393613046
28,3,0.8392128444542005
28,4,0.6228712938736003
28,5,0.48742568213485904
28,6,0.5952199593686814
28,7,0.7275083568930567
28,8,0.13244533141151474
28,9,0.6026520562353276
28,10,0.45541966770492126
28,11,0.5267662155621082
28,12,0.9037587867461719
28,13,1.1024589192494292
28,14,0.595671347740661
28,15,0.5444320669071493
28,16,0.9468226603604922
28,17,0.8567482127823337
28,18,0.483376866131221
28,19,0.6828813167356292
28,20,0.19710553720646132
28,21,0.6429622878104059
28,22,0.5785862906332939
28,23,0.803407247309656
28,24,0.47291977714854955
28,25,0.6206456454175535
28,26,0.9413442401620628
28,27,0.6892212623068186
28,29,0.5311046741944637
29,0,0.2853652414796051
29,1,0.3538736202067307
29,2,0.6112138537069361
29,3,0.3253497926175476
29,4,0.21222911305710984
29,5,0.04382123309283552
29,6,0.12303270111638596
29,7,0.4321566545351421
29,8,0.4685307797837202
29,9,0.3597344331150316
29,10,0.07689390027674724
29,11,0.06359265839241458
29,12,0.5098645152481971
29,13,0.575049480339026
29,14,0.3990866348660364
29,15,0.41380080330817565
29,16,0.4173939231640443
29,17,0.3879077965990505
29,18,0.07776185905438214
29,19,0.15286463117073065
29,20,0.5927684678205825
29,21,0.5570213873490192
29,22,0.3963905804579694
29,23,0.34206437678302526
29,24,0.3232224133133268
29,25,0.5295809869964289
29,26,0.46605545080502714
29,27,0.42375255318469385
29,28,0.5311046741944637
