siteNum=70
demandLowerBound=0
demandUpperBound=1000
fixedCostLowerBound=500
fixedCostUpperBound=1500
coordinateLowerBound=0
coordinateUpperBound=1
facilityFailProbility=0.05
Coordinate: index, x, y
0,0.26237164394902956,0.80385523181074
1,0.8177556936572734,0.4019038724505394
2,0.1524951320156943,0.8206899776324876
3,0.8827539873279215,0.24391798844151436
4,0.9769172139287091,0.19080136836798334
5,0.46464041305215764,0.1505105739564938
6,0.770578426569292,0.4932856541356194
7,0.10613427960797672,0.206219473755057
8,0.5196299966809586,0.8167450918056437
9,0.17196364115240736,0.22970880495809542
10,0.8783619087273958,0.052933174470751965
11,0.05584128307007985,0.471846210000878
12,0.9509527238454093,0.4506051719246531
13,0.46042568319834687,0.5037673333416381
14,0.8426037173449463,0.6417169617309735
15,0.2726537641557485,0.31418244732282574
16,0.13920803873267007,0.749394301535222
17,0.4487450899099634,0.6818613103039566
18,0.5564899366642182,0.32090589224899235
19,0.365129958604253,0.49388938470018706
20,0.2785839507358161,0.3361173997993878
21,0.5045603552211539,0.17778328511686992
22,0.7655168031097438,0.9900973149782423
23,0.0025438731834050987,0.2691595906380514
24,0.6113988568861063,0.9797039924543597
25,0.7232611717810487,0.9922169365441691
26,0.8086760499421385,0.44811447065990306
27,0.5733536924701014,0.45459840119586403
28,0.8189021114176666,0.7948758057732775
29,0.011563448397031606,0.856276889459021
30,0.32172828055626324,0.728871194232277
31,0.13040479396959648,0.7754574664867598
32,0.7352465335857096,0.815712202877902
33,0.9932703225036218,0.9329312222284071
34,0.13747003489312726,0.37262064126122096
35,0.9060672862545047,0.3162072764613665
36,0.740712749456133,0.8298911769337699
37,0.02032083214587388,0.2257114424462089
38,0.9812021221897007,0.1329923058420085
39,0.2934219376436815,0.5634768135954522
40,0.7469586662769884,0.8032516715801002
41,0.6641331547516505,0.45304222099788327
42,0.9369388257543044,0.24712854077859914
43,0.7615837135186365,0.041716290008192325
44,0.27927622075437075,0.059774805551711774
45,0.47354588708619383,0.38436277754817905
46,0.7015665605856171,0.723387422481578
47,0.13838344049460538,0.3153957228248646
48,0.8958206524640271,0.3868248493115528
49,0.01640824266119556,0.8383402052217429
50,0.28846849834789234,0.9309751464577165
51,0.0338542553116693,0.37768094169951716
52,0.3622299903729368,0.6824717813269434
53,0.1520994217854822,0.4671041959865412
54,0.08907066370893646,0.41263720106666746
55,0.7756926029768204,0.5621780205131055
56,0.47425345772262917,0.19951365826879852
57,0.1536034961580771,0.5923861900884901
58,0.45720161890612476,0.3917108707710507
59,0.3851900271799509,0.3563100604257611
60,0.7900476217940405,0.3516757228408307
61,0.2991462503272809,0.09090394235255184
62,0.6203692373089312,0.0050738632977345155
63,0.02750307703973809,0.9480304162148663
64,0.5178669014690567,0.67784960519902
65,0.7868364750389488,0.04491169064299727
66,0.7211228523471981,0.1853598618758272
67,0.1914674644216351,0.507140651338227
68,0.7054510575088588,0.28281860131269676
69,0.6721288956226603,0.1129241882150327
Demand:index, demand
0,128
1,605
2,346
3,199
4,581
5,526
6,846
7,786
8,593
9,32
10,313
11,292
12,989
13,51
14,177
15,222
16,88
17,371
18,592
19,795
20,517
21,530
22,988
23,401
24,62
25,390
26,358
27,419
28,551
29,359
30,615
31,997
32,301
33,719
34,101
35,514
36,446
37,241
38,84
39,114
40,557
41,25
42,322
43,543
44,422
45,781
46,585
47,335
48,31
49,849
50,903
51,708
52,993
53,940
54,427
55,917
56,921
57,25
58,193
59,574
60,662
61,927
62,434
63,101
64,629
65,244
66,358
67,941
68,629
69,342
Fixcost:index, fixedCost
0,1021
1,976
2,757
3,717
4,704
5,1204
6,1157
7,660
8,1110
9,743
10,576
11,1266
12,859
13,1309
14,1007
15,1312
16,784
17,975
18,1097
19,558
20,517
21,978
22,1009
23,585
24,939
25,626
26,1123
27,776
28,727
29,1449
30,1198
31,629
32,1277
33,1033
34,1442
35,912
36,950
37,1313
38,789
39,1325
40,1387
41,909
42,923
43,813
44,1298
45,701
46,1302
47,1136
48,1242
49,1150
50,1322
51,784
52,774
53,1089
54,744
55,1002
56,1187
57,1457
58,1244
59,602
60,1233
61,884
62,1077
63,1096
64,1363
65,1372
66,798
67,1023
68,859
69,644
TransCost:start_index, end_index, transCost
0,1,0.6855773756198802
0,2,0.11115869980131655
0,3,0.8357056709680825
0,4,0.9414937127032105
0,5,0.6839385183634393
0,6,0.5955901245643194
0,7,0.6177204977358528
0,8,0.25758107178330053
0,9,0.5812208929807439
0,10,0.971250710425193
0,11,0.3910048344048071
0,12,0.7739053613981418
0,13,0.35955270722186494
0,14,0.6024600215962748
0,15,0.4897807242675979
0,16,0.13466724388791096
0,17,0.22275003533996662
0,18,0.5654605509607418
0,19,0.32655489217855027
0,20,0.46801871585015575
0,21,0.6712834381278184
0,22,0.5365083081644042
0,23,0.5944828838159316
0,24,0.3908232106599102
0,25,0.4978948570484586
0,26,0.6519202352678282
0,27,0.4676432061235472
0,28,0.5566029027168488
0,29,0.25622798665766944
0,30,0.09563376077981851
0,31,0.13498771265893073
0,32,0.4730235184552559
0,33,0.7422085216535518
0,34,0.44895844354590864
0,35,0.8075547091556602
0,36,0.47904914534545123
0,37,0.626768567076673
0,38,0.9832468265329106
0,39,0.2423755447280273
0,40,0.4845873981993647
0,41,0.533368615610242
0,42,0.8746344901021842
0,43,0.9110809278082147
0,44,0.7442724269101905
0,45,0.4696471868837085
0,46,0.4465055913845351
0,47,0.5039501627289926
0,48,0.7584009403449153
0,49,0.24836909663691584
0,50,0.12977102338106927
0,51,0.483574939860869
0,52,0.15718025130998287
0,53,0.3543461910470573
0,54,0.4278840699669097
0,55,0.5673678537226201
0,56,0.6404081827390561
0,57,0.23780173586582823
0,58,0.45587464667230193
0,59,0.46409162423972666
0,60,0.6949159991876406
0,61,0.7138990914788789
0,62,0.875336479038199
0,63,0.2755897812328827
0,64,0.28487759573725197
0,65,0.9225284048366266
0,66,0.7700579158983463
0,67,0.30506875444632536
0,68,0.6839579936233487
0,69,0.8032973996617818
1,0,0.6855773756198802
1,2,0.7861001315157854
1,3,0.1708341819607801
1,4,0.26437975861446017
1,5,0.4334616383540139
1,6,0.10284125900547099
1,7,0.7380361920843267
1,8,0.5108543515265807
1,9,0.6683550825326122
1,10,0.35419438357154387
1,11,0.7651179645273245
1,12,0.14182124460533582
1,13,0.371565473421965
1,14,0.2410969557489447
1,15,0.5521151709315028
1,16,0.762349341384339
1,17,0.46319001790561526
1,18,0.2735333043230465
1,19,0.4618781121639313
1,20,0.5431703492909409
1,21,0.3851251195194938
1,22,0.5905086176494183
1,23,0.8259487614823523
1,24,0.6135439045077632
1,25,0.5978283435102639
1,26,0.047094153743973736
1,27,0.25001810243257644
1,28,0.39297360554252486
1,29,0.9254192427776395
1,30,0.5940966453876023
1,31,0.7823001642073434
1,32,0.4219539024903032
1,33,0.5592811736069588
1,34,0.6809156226354741
1,35,0.12305626335620176
1,36,0.43486635653957123
1,37,0.8166676990946414
1,38,0.3146874094333299
1,39,0.5486635608508535
1,40,0.40754419999802133
1,41,0.16191051587824448
1,42,0.1953459041562363
1,43,0.3645413363369893
1,44,0.6379752668833254
1,45,0.3446564680229774
1,46,0.34183561485676467
1,47,0.6848578818404432
1,48,0.07950795389347057
1,49,0.9124880326780664
1,50,0.7483724661544199
1,51,0.7842755991451448
1,52,0.534997212931028
1,53,0.6688418007806116
1,54,0.7287640751395409
1,55,0.16570185917717814
1,56,0.3986923436543909
1,57,0.6909281111488638
1,58,0.36069812600413514
1,59,0.43496189661845214
1,60,0.05736378874859431
1,61,0.6047120895368289
1,62,0.44321041200988404
1,63,0.9606005412630323
1,64,0.4075283242944021
1,65,0.35832864238248796
1,66,0.23712700085700755
1,67,0.6350682842889948
1,68,0.16368760827381307
1,69,0.32359916904508135
2,0,0.11115869980131655
2,1,0.7861001315157854
2,3,0.9305610798207911
2,4,1.0375121344962481
2,5,0.7393071821542405
2,6,0.6994430284524047
2,7,0.6162169494353054
2,8,0.3671560580692748
2,9,0.5913017582449811
2,10,1.0565666502095186
2,11,0.3619861057159765
2,12,0.8800552763129788
2,13,0.4418836801873956
2,14,0.7129384264899916
2,15,0.5205650537043012
2,16,0.07252323957241567
2,17,0.3271657629162504
2,18,0.6426475971989749
2,19,0.3898874158257094
2,20,0.5007084714622385
2,21,0.7329931354876942
2,22,0.6359987540691564
2,23,0.5715515268141804
2,24,0.485672817449885
2,25,0.595982692519603
2,26,0.7545766398760759
2,27,0.5578037022516147
2,28,0.6669067653461296
2,29,0.1453553154891155
2,30,0.19253713291219712
2,31,0.050338485272595025
2,32,0.5827726608835769
2,33,0.8482340584581898
2,34,0.4483211836838963
2,35,0.9068482714462394
2,36,0.5882895779596033
2,37,0.6094829799744101
2,38,1.0768859565196802
2,39,0.2932899185080377
2,40,0.5947192514829207
2,41,0.6300304272553954
2,42,0.9717636700824802
2,43,0.9888320919793508
2,44,0.771404785806052
2,45,0.5417148815241742
2,46,0.5576264169770937
2,47,0.5054912697358653
2,48,0.8606809971892757
2,49,0.13722671747198537
2,50,0.17507591157700525
2,51,0.45862039154769335
2,52,0.25118316145810915
2,53,0.35358600307246496
2,54,0.4129524568798085
2,55,0.674687720198046
2,56,0.6995630349725104
2,57,0.2283064779589201
2,58,0.5261835395342049
2,59,0.5194185419682577
2,60,0.7914843955633879
2,61,0.7443750451161341
2,62,0.9402849697652664
2,63,0.17843374430153341
2,64,0.39230077990033707
2,65,1.0021082227149392
2,66,0.8526323007702525
2,67,0.315962058976618
2,68,0.7714051289706001
2,69,0.8780385304472996
3,0,0.8357056709680825
3,1,0.1708341819607801
3,2,0.9305610798207911
3,4,0.10811146364704859
3,5,0.4284202447065628
3,6,0.27343662725618884
3,7,0.7775341461495936
3,8,0.6782255693586866
3,9,0.7109323576203104
3,10,0.19103530962070836
3,11,0.8577504850749028
3,12,0.21764801740143278
3,13,0.49586578679516297
3,14,0.39982004368197155
3,15,0.6141330283388273
3,16,0.8990922537599911
3,17,0.6165696036960161
3,18,0.33522435485530744
3,19,0.5748220020664063
3,20,0.6111645969544083
3,21,0.38393257526543356
3,22,0.7553331349240623
3,23,0.8805719638528987
3,24,0.7842286978415706
3,25,0.7651073610563477
3,26,0.2172181948127199
3,27,0.374319086844966
3,28,0.5546454530024014
3,29,1.0648738792824544
3,30,0.7415722860688475
3,31,0.921175078618356
3,32,0.590514244174039
3,33,0.6978202466782825
3,34,0.7563151080070123
3,35,0.07595558616229198
3,36,0.6029430245785504
3,37,0.8626253100126039
3,38,0.14831231344001541
3,39,0.6703954859027561
3,40,0.575581912774109
3,41,0.30253596989222986
3,42,0.05427987068520318
3,43,0.23572815297358357
3,44,0.6309470077220339
3,45,0.4326384265072387
3,46,0.5125620175044157
3,47,0.7477944754446284
3,48,0.14350299168138497
3,49,1.0506629912127223
3,50,0.9084177347418604
3,51,0.8593737735593096
3,52,0.6806428289934368
3,53,0.7639817912662202
3,54,0.811418135673421
3,55,0.33578503247373076
3,56,0.41090683521437305
3,57,0.808140165028507
3,58,0.4504859091433081
3,59,0.5100998650098267
3,60,0.14214851224467728
3,61,0.6033334807447073
3,62,0.3548130115401993
3,63,1.1078034259261207
3,64,0.566956112453475
3,65,0.2209155398046441
3,66,0.17191183200129037
3,67,0.7397048242470101
3,68,0.181520209905611
3,69,0.24803690240289866
4,0,0.9414937127032105
4,1,0.26437975861446017
4,2,1.0375121344962481
4,3,0.10811146364704859
4,5,0.5138588024259416
4,6,0.36615903417137163
4,7,0.8709194203127818
4,8,0.7751884570665339
4,9,0.8058933198304515
4,10,0.16947208345862924
4,11,0.9629989996960273
4,12,0.2610980105014177
4,13,0.6039132359437767
4,14,0.470494407727078
4,15,0.7149894386144263
4,16,1.0068677803922457
4,17,0.7211835128208595
4,18,0.44009803748975884
4,19,0.682748849447307
4,20,0.7132924333487685
4,21,0.4725362128552712
4,22,0.8267793804649565
4,23,0.9775190116578244
4,24,0.8694659393130326
4,25,0.8405999646878259
4,26,0.3074331177193636
4,27,0.4821331666467949
4,28,0.6243994703297705
4,29,1.172503970909087
4,30,0.8478158266506675
4,31,1.0287886227075538
4,32,0.6700136333130329
4,33,0.7423100054229074
4,34,0.8589119945525396
4,35,0.14403594702769879
4,36,0.6813430358119398
4,37,0.9572331747866656
4,38,0.05796764743317761
4,39,0.7784939178821106
4,40,0.6541989816124011
4,41,0.4081716948336014
4,42,0.06907258408948241
4,43,0.26190623701699006
4,44,0.7098386545692786
4,45,0.5393039141439802
4,46,0.5995547408975734
4,47,0.8477397255951639
4,48,0.21213641215649165
4,49,1.1583971810736147
4,50,1.0108505605461697
4,51,0.9614009147302184
4,52,0.7871341548820877
4,53,0.869866451121112
4,54,0.9151407724532166
4,55,0.422388401605984
4,56,0.5027392522953835
4,57,0.9160326669423919
4,58,0.5571973868078771
4,59,0.6144381097265014
4,60,0.246578187177278
4,61,0.685093405913177
4,62,0.40202134989484944
4,63,1.2144064534692356
4,64,0.6692855701190085
4,65,0.23961319947694354
4,66,0.25585223354467124
4,67,0.8467596181625889
4,68,0.28663748052229365
4,69,0.3145803143307039
5,0,0.6839385183634393
5,1,0.4334616383540139
5,2,0.7393071821542405
5,3,0.4284202447065628
5,4,0.5138588024259416
5,6,0.45944839068889587
5,7,0.3628086675285793
5,8,0.6685000277347475
5,9,0.3032029891070362
5,10,0.4250727289231293
5,11,0.5199743451999845
5,12,0.571451162706616
5,13,0.3532819016013053
5,14,0.6197902667696352
5,15,0.2522842751455542
5,16,0.6815922163682706
5,17,0.5315884369649002
5,18,0.19357401551800374
5,19,0.3575071163098458
5,20,0.2628058236971674
5,21,0.048346691270585544
5,22,0.891870224748873
5,23,0.4770857379110951
5,24,0.8420806173501081
5,25,0.880542047642293
5,26,0.4548940522620056
5,27,0.3229365011840021
5,28,0.7353284319969631
5,29,0.8386804087369129
5,30,0.5957557256966254
5,31,0.7087115545458101
5,32,0.7181370896910381
5,33,0.9442624910526226
5,34,0.3954406887800412
5,35,0.4715008818721226
5,36,0.7333307157274384
5,37,0.4506385032355126
5,38,0.5168586741700585
5,39,0.44705355540778846
5,40,0.7111782734524377
5,41,0.36238481128816147
5,42,0.4820796844441848
5,43,0.3162459800720781
5,44,0.2063803853427383
5,45,0.23402170966057378
5,46,0.6199369991870777
5,47,0.3655553644248217
5,48,0.4916918095676027
5,49,0.820988233910743
5,50,0.800100926421213
5,51,0.4870144655770641
5,52,0.5417292873939558
5,53,0.4448745809012475
5,54,0.4579989140400728
5,55,0.5159685566111265
5,56,0.04993708942214519
5,57,0.5403684148828525
5,58,0.24131497848616318
5,59,0.22060324668113265
5,60,0.38256668520251574
5,61,0.17590130308549742
5,62,0.21308050945977378
5,63,0.9094651996266016
5,64,0.5300184081152279
5,65,0.3390596208882055
5,66,0.25883916731286766
5,67,0.4492309784028648
5,68,0.27476386332001795
5,69,0.21086537599263588
6,0,0.5955901245643194
6,1,0.10284125900547099
6,2,0.6994430284524047
6,3,0.27343662725618884
6,4,0.36615903417137163
6,5,0.45944839068889587
6,7,0.723804542918484
6,8,0.4093911604825245
6,9,0.6540737089518689
6,10,0.4533515031111332
6,11,0.7150586228150948
6,12,0.1853550934817108
6,13,0.3103298081388593
6,14,0.16498331911373393
6,15,0.5291568086401871
6,16,0.6813370721675288
6,17,0.37301135999402973
6,18,0.27486117189942477
6,19,0.4054489174554445
6,20,0.5164885520723137
6,21,0.41268312194736806
6,22,0.49683744462475005
6,23,0.8000684767778159
6,24,0.5118016561689583
6,25,0.5011699783172726
6,26,0.059092002193664846
6,27,0.20098333085238948
6,28,0.3054370607541767
6,29,0.841347950619389
6,30,0.5069191259743028
6,31,0.6996021809295745
6,32,0.3243566277967245
6,33,0.4928284752918163
6,34,0.6445046787594011
6,35,0.2229663269162961
6,36,0.3379278571642824
6,37,0.7965440457069676
6,38,0.417341152992872
6,39,0.48229152365569505
6,40,0.3108646410363489
6,41,0.11379863708780974
6,42,0.297101172790108
6,43,0.45165893712104543
6,44,0.6552171497133961
6,45,0.31637402320016894
6,46,0.24022793643222654
6,47,0.6567460148944326
6,48,0.16437614824193886
6,49,0.8293583721897417
6,50,0.6511544168465866
6,51,0.7457391997559635
6,52,0.4500442601185583
6,53,0.6190329135911787
6,54,0.6862630718764791
6,55,0.06908192922477698
6,56,0.41726547031542294
6,57,0.6248831738669794
6,58,0.32942747334840905
6,59,0.4090067623598007
6,60,0.14294202392583558
6,61,0.619805887979253
6,62,0.5107969785065193
6,63,0.8711795301296855
6,64,0.31293284735006677
6,65,0.44866862524375933
6,66,0.311872004771922
6,67,0.5792766760599543
6,68,0.22031330991272585
6,69,0.39289585757662226
7,0,0.6177204977358528
7,1,0.7380361920843267
7,2,0.6162169494353054
7,3,0.7775341461495936
7,4,0.8709194203127818
7,5,0.3628086675285793
7,6,0.723804542918484
7,8,0.7373738796117952
7,9,0.06989458864399588
7,10,0.7872942275437288
7,11,0.27034597927353726
7,12,0.8794558392515208
7,13,0.4626630819533696
7,14,0.8555964555524653
7,15,0.19845589534113198
7,16,0.5441808220404778
7,17,0.5861888125948789
7,18,0.4647291602961074
7,19,0.38708234188854607
7,20,0.21589895845677068
7,21,0.3994395505615133
7,22,1.0243289424107276
7,23,0.12121233689873702
7,24,0.9238888427292208
7,25,0.9993185741064339
7,26,0.7430196017547946
7,27,0.5291371007138643
7,28,0.924421040050383
7,29,0.6569005144065921
7,30,0.5653720847041246
7,31,0.5697551669240006
7,32,0.8759358509380452
7,33,1.1467869566635895
7,34,0.16932595225394503
7,35,0.8074590589415146
7,36,0.8897506548132819
7,37,0.08799934436567088
7,38,0.8781263845490571
7,39,0.40337262391284656
7,40,0.8758443581992845
7,41,0.6101509757577228
7,42,0.8318111237908172
7,43,0.6757775209909391
7,44,0.22676898515698582
7,45,0.40832135138400005
7,46,0.7886712169340485
7,47,0.1138396316703648
7,48,0.8100758416064806
7,49,0.6384570313311251
7,50,0.7473396499839814
7,51,0.18607374049538514
7,52,0.5407414109717849
7,53,0.26490306262706165
7,54,0.20712181231352808
7,55,0.7582973265168478
7,56,0.36818025104171864
7,57,0.38907333412047984
7,58,0.39705835224665154
7,59,0.3168584770210661
7,60,0.6992102545144877
7,61,0.2248361461678075
7,62,0.5521749254791921
7,63,0.7459667153234371
7,64,0.6260660770161955
7,65,0.6995539148322112
7,66,0.6153422364892375
7,67,0.3127863608734942
7,68,0.6041920444826188
7,69,0.5736322128869714
8,0,0.25758107178330053
8,1,0.5108543515265807
8,2,0.3671560580692748
8,3,0.6782255693586866
8,4,0.7751884570665339
8,5,0.6685000277347475
8,6,0.4093911604825245
8,7,0.7373738796117952
8,9,0.68226350982759
8,10,0.843858536594432
8,11,0.5779750942238008
8,12,0.5657718055002718
8,13,0.3185282217137137
8,14,0.3673511542883393
8,15,0.559970062647915
8,16,0.3863379285538241
8,17,0.15237553780094606
8,18,0.49720736820018085
8,19,0.3579190821628093
8,20,0.5376859441988865
8,21,0.6391394875148217
8,22,0.3008509844667777
8,23,0.7531453645895262
8,24,0.1870217286947964
8,25,0.2688048060741934
8,26,0.46844013038184446
8,27,0.3661099029101232
8,28,0.3000700990277885
8,29,0.5096021786755345
8,30,0.2165338567518577
8,31,0.3914088992730919
8,32,0.21561901086484678
8,33,0.48768265823998086
8,34,0.5859119080246297
8,35,0.6323542388270759
8,36,0.22147325601265005
8,37,0.7737121017948831
8,38,0.8249646655219184
8,39,0.3395804863665861
8,40,0.22772877817632975
8,41,0.3913578169989835
8,42,0.7061229878898666
8,43,0.8119182500148401
8,44,0.7942127875283349
8,45,0.4348312440933646
8,46,0.2044909966405746
8,47,0.6298413501679447
8,48,0.5712712354080792
8,49,0.5036849041237795
8,50,0.2578451932796183
8,51,0.6547941652239258
8,52,0.20689147854050136
8,53,0.507274560284846
8,54,0.5904951537200089
8,55,0.36107125630474907
8,56,0.6188971423700271
8,57,0.4293161024987932
8,58,0.4295944499200154
8,59,0.4796608421804154
8,60,0.5379732427557422
8,61,0.7585897815325081
8,62,0.817898879929444
8,63,0.5093375515714418
8,64,0.13890667624134198
8,65,0.8167778775326728
8,66,0.662756878091856
8,67,0.451160234435609
8,68,0.5653379200949828
8,69,0.7201526077919426
9,0,0.5812208929807439
9,1,0.6683550825326122
9,2,0.5913017582449811
9,3,0.7109323576203104
9,4,0.8058933198304515
9,5,0.3032029891070362
9,6,0.6540737089518689
9,7,0.06989458864399588
9,8,0.68226350982759
9,10,0.7281813894677224
9,11,0.26854222194554966
9,12,0.8097031529479854
9,13,0.39789248130753424
9,14,0.7870888342766139
9,15,0.1314317203904458
9,16,0.520716760669843
9,17,0.5301413570613697
9,18,0.3951928398521157
9,19,0.32726839888809134
9,20,0.15063425729813334
9,21,0.33662565829138613
9,22,0.9646222277348843
9,23,0.1739523563204488
9,24,0.8692503034767828
9,25,0.9409291248612314
9,26,0.6731297990116553
9,27,0.4600970591003681
9,28,0.8590361593783941
9,29,0.6467733655239064
9,30,0.5211454097290664
9,31,0.5473287305993474
9,32,0.8128269184036576
9,33,1.0812337550149114
9,34,0.14701565164397157
9,35,0.7391820799536393
9,36,0.8268581666928313
9,37,0.15169548586046794
9,38,0.8149975462495687
9,39,0.35518051942119366
9,40,0.8121395808424833
9,41,0.5404707622402126
9,42,0.7651734968311191
9,43,0.6188642948291223
9,44,0.20098147649740392
9,45,0.3389243312309714
9,46,0.7240150755834271
9,47,0.0920319388567072
9,48,0.7407121061642424
9,49,0.6281955614190918
9,50,0.7108782339264605
9,51,0.20241036462871131
9,52,0.4911166830968853
9,53,0.23822501735251483
9,54,0.20083337325329775
9,55,0.6892201670274509
9,56,0.30379414096661983
9,57,0.3631418188658991
9,58,0.3280325796025378
9,59,0.2479785667842206
9,60,0.6300029652181175
9,61,0.1882610048827756
9,62,0.5015261066776497
9,63,0.7327037544480539
9,64,0.5661088608547511
9,65,0.6420425027292616
9,66,0.5509470646011275
9,67,0.2781165735946102
9,68,0.5361244947579891
9,69,0.5136184658743462
10,0,0.971250710425193
10,1,0.35419438357154387
10,2,1.0565666502095186
10,3,0.19103530962070836
10,4,0.16947208345862924
10,5,0.4250727289231293
10,6,0.4533515031111332
10,7,0.7872942275437288
10,8,0.843858536594432
10,9,0.7281813894677224
10,11,0.9230537963568359
10,12,0.4042430506495729
10,13,0.6147537128104942
10,14,0.5898686263833953
10,15,0.659646525774346
10,16,1.015581875104165
10,17,0.7616568853843838
10,18,0.4188208971306177
10,19,0.6766457078612927
10,20,0.6632698578765123
10,21,0.3941004333060644
10,22,0.9439336015393255
10,23,0.902114790053178
10,24,0.9644549860488152
10,25,0.9520032690574606
10,26,0.4012784267467869
10,27,0.5043460779510357
10,28,0.7443213927062888
10,29,1.1818209235083983
10,30,0.8756330296249054
10,31,1.039942882119035
10,32,0.7760888201615208
10,33,0.8874685952831529
10,34,0.8069205940714123
10,35,0.2647278616294177
10,36,0.7890570503071425
10,37,0.8752638567802146
10,38,0.13032871525835182
10,39,0.7764081254225181
10,40,0.7617379203052134
10,41,0.45385152654017874
10,42,0.20283760870168108
10,43,0.11731566550662154
10,44,0.5991247528269557
10,45,0.5231840910936332
10,46,0.693372550509706
10,47,0.7851463065802972
10,48,0.334347810312639
10,49,1.1661167721965287
10,50,1.0577957932322848
10,51,0.9047951641105323
10,52,0.8140706447641313
10,53,0.8360591097539011
10,54,0.867391293599437
10,55,0.5194913854569733
10,56,0.4298714673061487
10,57,0.9034845392418569
10,58,0.5405056125822141
10,59,0.5790129874888867
10,60,0.31152291004546656
10,61,0.5804589202944616
10,62,0.26239423044646304
10,63,1.2349736125273314
10,64,0.7214410548702841
10,65,0.09187627122743522
10,66,0.2055746783736181
10,67,0.8234855248639394
10,68,0.28765512674628657
10,69,0.21478123154578588
11,0,0.3910048344048071
11,1,0.7651179645273245
11,2,0.3619861057159765
11,3,0.8577504850749028
11,4,0.9629989996960273
11,5,0.5199743451999845
11,6,0.7150586228150948
11,7,0.27034597927353726
11,8,0.5779750942238008
11,9,0.26854222194554966
11,10,0.9230537963568359
11,12,0.8953634307394075
11,13,0.40584171168386046
11,14,0.8048920426240164
11,15,0.2680774403345507
11,16,0.289798135025163
11,17,0.4455106550741348
11,18,0.5229073090602806
11,19,0.31007319517253873
11,20,0.26083827540750376
11,21,0.5364902697192733
11,22,0.8787625114636073
11,23,0.2095769060974028
11,24,0.7527042878999146
11,25,0.8463066825271762
11,26,0.7532087238365305
11,27,0.5177997497021313
11,28,0.8286193019133606
11,29,0.3869721875690594
11,30,0.3698077040184109
11,31,0.3126331911723358
11,32,0.76146918222966
11,33,1.04468779665226
11,34,0.12848722355120398
11,35,0.8643539403070238
11,36,0.7728163584033133
11,37,0.24868459186899763
11,38,0.9854514959854073
11,39,0.2546384396408504
11,40,0.7664677536173993
11,41,0.6085824440092674
11,42,0.9093024307593556
11,43,0.8264890357459983
11,44,0.4687494146585052
11,45,0.4267674860740501
11,46,0.6929892608105686
11,47,0.17688969073947494
11,48,0.8442712672955995
11,49,0.36860929615087035
11,50,0.5146987483760742
11,51,0.09669812378695043
11,52,0.3718025971656831
11,53,0.09637487206666376
11,54,0.06789623315481827
11,55,0.7254969047224761
11,56,0.4992331786153452
11,57,0.15520095717290186
11,58,0.4092820442871911
11,59,0.3490260693779092
11,60,0.7439757346894631
11,61,0.45201141398539557
11,62,0.7325081806805043
11,63,0.47702667867600884
11,64,0.5058706068651536
11,65,0.8465382770441915
11,66,0.7243438369185264
11,67,0.14014335038566947
11,68,0.6765532469013606
11,69,0.7131868192196196
12,0,0.7739053613981418
12,1,0.14182124460533582
12,2,0.8800552763129788
12,3,0.21764801740143278
12,4,0.2610980105014177
12,5,0.571451162706616
12,6,0.1853550934817108
12,7,0.8794558392515208
12,8,0.5657718055002718
12,9,0.8097031529479854
12,10,0.4042430506495729
12,11,0.8953634307394075
12,13,0.49339942542780735
12,14,0.21968892419194133
12,15,0.6918819541683843
12,16,0.8649880795607657
12,17,0.5528941210766727
12,18,0.4152382371833535
12,19,0.5874196416109974
12,20,0.6820463452135098
12,21,0.5231614747736419
12,22,0.5704719564673082
12,23,0.9656095727479386
12,24,0.628683060415137
12,25,0.587525953857141
12,26,0.14229847339226057
12,27,0.3776201456167073
12,28,0.3687270448083183
12,29,1.0232408090155083
12,30,0.6880082697202431
12,31,0.8825122766884025
12,32,0.42406639169810484
12,33,0.4841788904504377
12,34,0.8172121341780425
12,35,0.14169508393973132
12,36,0.4336573767699327
12,37,0.9574199221903519
12,38,0.3190500882329036
12,39,0.6671482161383058
12,40,0.4073979985744499
12,41,0.2868299224685507
12,42,0.20395864473528738
12,43,0.45061151763690505
12,44,0.7771085510299147
12,45,0.4819806454590978
12,46,0.369599262234573
12,47,0.823741728560055
12,48,0.08430584112286037
12,49,1.0117864613433838
12,50,0.8183157468031157
12,51,0.9199932305951277
12,52,0.6327373716345622
12,53,0.7990236642346983
12,54,0.8627179448673613
12,55,0.2077609455817289
12,56,0.5387848722375057
12,57,0.8098565601420781
12,58,0.4972511360843086
12,59,0.5735669071614575
12,60,0.18888485318359968
12,61,0.7444707203616675
12,62,0.5547824695657104
12,63,1.0488999589296861
12,64,0.4890842074710549
12,65,0.4376315160917153
12,66,0.35096558853508997
12,67,0.7615865805767065
12,68,0.2973607261420781
12,69,0.43791685734153457
13,0,0.35955270722186494
13,1,0.371565473421965
13,2,0.4418836801873956
13,3,0.49586578679516297
13,4,0.6039132359437767
13,5,0.3532819016013053
13,6,0.3103298081388593
13,7,0.4626630819533696
13,8,0.3185282217137137
13,9,0.39789248130753424
13,10,0.6147537128104942
13,11,0.40584171168386046
13,12,0.49339942542780735
13,14,0.4063128717588394
13,15,0.266834635285051
13,16,0.40436788030214493
13,17,0.17847661160449968
13,18,0.20655906523906023
13,19,0.09580630978842955
13,20,0.2473315909496714
13,21,0.3289581568703971
13,22,0.5741057763926871
13,23,0.5144866809539695
13,24,0.49930812396829
13,25,0.5546760396188188
13,26,0.35266919210764275
13,27,0.12316784956488121
13,28,0.46178944586289933
13,29,0.5707366231326892
13,30,0.2644025674753034
13,31,0.4274684968225718
13,32,0.4157356148294609
13,33,0.6841820321820673
13,34,0.3485682223265346
13,35,0.4835030644281305
13,36,0.4300204656416969
13,37,0.5205836708748848
13,38,0.6392825826079312
13,39,0.1773569086939328
13,40,0.414478008152513
13,41,0.20992801382599358
13,42,0.5412284590418069
13,43,0.5515317995110729
13,44,0.4795252782461317
13,45,0.12012321879758285
13,46,0.3261623925300671
13,47,0.3730885548155271
13,48,0.45082626790482094
13,49,0.5559590759212981
13,50,0.46051687157922405
13,51,0.4448156486080602
13,52,0.2039060416446628
13,53,0.3104984204751336
13,54,0.382373183563432
13,55,0.3206322489745058
13,56,0.3045677365441446
13,57,0.3193636739381819
13,58,0.11210283401588848
13,59,0.16554169043569011
13,60,0.3630185675531109
13,61,0.4432462465562679
13,62,0.5237147291856085
13,63,0.6203157822651192
13,64,0.18331429549124298
13,65,0.5631096748115695
13,66,0.4115171100786405
13,67,0.26897937229804014
13,68,0.3299329875008006
13,69,0.4444959102660347
14,0,0.6024600215962748
14,1,0.2410969557489447
14,2,0.7129384264899916
14,3,0.39982004368197155
14,4,0.470494407727078
14,5,0.6197902667696352
14,6,0.16498331911373393
14,7,0.8555964555524653
14,8,0.3673511542883393
14,9,0.7870888342766139
14,10,0.5898686263833953
14,11,0.8048920426240164
14,12,0.21968892419194133
14,13,0.4063128717588394
14,15,0.6573597244043401
14,16,0.7115896923071218
14,17,0.39589921334516165
14,18,0.429861416967832
14,19,0.49983415531229847
14,20,0.6414899760546495
14,21,0.5740276743961367
14,22,0.35680703871279956
14,23,0.9189665589826336
14,24,0.40950081860358095
14,25,0.37026055086347204
14,26,0.1965528202909321
14,27,0.3278855464820553
14,28,0.15498192679118067
14,29,0.8582912624509744
14,30,0.5281165410140953
14,31,0.7246473825726136
14,32,0.2044502600792974
14,33,0.32788133741813874
14,34,0.7547359404576031
14,35,0.331638628303545
14,36,0.21398902916857102
14,37,0.9215257648957503
14,38,0.5272668141793643
14,39,0.5547270932054039
14,40,0.1877270312976633
14,41,0.2597111847862282
14,42,0.4057081890081756
14,43,0.6054461553993087
14,44,0.8099348995774742
14,45,0.4499276143911261
14,46,0.16297712645022197
14,47,0.7761518854505145
14,48,0.26038823160254965
14,49,0.8492700761646667
14,50,0.6250889043682695
14,51,0.8507589036931478
14,52,0.48209944294230295
14,53,0.7122399877478038
14,54,0.7875846619050078
14,55,0.10394008079679312
14,56,0.5755220893733696
14,57,0.6907639465305043
14,58,0.4593885316353776
14,59,0.5391515401656586
14,60,0.2947644202350155
14,61,0.7737835619693858
14,62,0.6743163937644945
14,63,0.87075655967889
14,64,0.32674082620511385
14,65,0.5994051358745675
14,66,0.4722493019039849
14,67,0.6648978892957438
14,68,0.3842120315802731
14,69,0.5555928924706707
15,0,0.4897807242675979
15,1,0.5521151709315028
15,2,0.5205650537043012
15,3,0.6141330283388273
15,4,0.7149894386144263
15,5,0.2522842751455542
15,6,0.5291568086401871
15,7,0.19845589534113198
15,8,0.559970062647915
15,9,0.1314317203904458
15,10,0.659646525774346
15,11,0.2680774403345507
15,12,0.6918819541683843
15,13,0.266834635285051
15,14,0.6573597244043401
15,16,0.4552110715708524
15,17,0.4076713152638706
15,18,0.2839157930371838
15,19,0.2021049971703532
15,20,0.022722439416212572
15,21,0.2690453464196395
15,22,0.8365254828662464
15,23,0.27383646730329575
15,24,0.7467711596487662
15,25,0.8141116657931156
15,26,0.5525012920662085
15,27,0.33186908110026186
15,28,0.7276354593783563
15,29,0.6016930589411342
15,30,0.4175824050092093
15,31,0.48271048551249485
15,32,0.6822933137852193
15,33,0.9498095970310532
15,34,0.14727410895378443
15,35,0.6334167584699602
15,36,0.696444331958671
15,37,0.2673930202540417
15,38,0.7313485099748603
15,39,0.2501579462765381
15,40,0.6812883723445243
15,41,0.41537711781756465
15,42,0.6676607442749941
15,43,0.5597234158634055
15,44,0.2544938213846067
15,45,0.21279784727774104
15,46,0.5928025798155444
15,47,0.13427580516798987
15,48,0.627386554885036
15,49,0.5834407617330446
15,50,0.6169954128870587
15,51,0.24709768151943506
15,52,0.37902629703558754
15,53,0.19472650225045368
15,54,0.2083172899795521
15,55,0.5608474638298971
15,56,0.23192966095214554
15,57,0.3026058307421411
15,58,0.20017134444103946
15,59,0.12016299880247276
15,60,0.5187505659089947
15,61,0.22484470775472895
15,62,0.46524635085956195
15,63,0.6796043753994063
15,64,0.43861518946427763
15,65,0.5804227774425502
15,66,0.46660452375059486
15,67,0.20934202578881894
15,68,0.43393223891562305
15,69,0.4473089173262769
16,0,0.13466724388791096
16,1,0.762349341384339
16,2,0.07252323957241567
16,3,0.8990922537599911
16,4,1.0068677803922457
16,5,0.6815922163682706
16,6,0.6813370721675288
16,7,0.5441808220404778
16,8,0.3863379285538241
16,9,0.520716760669843
16,10,1.015581875104165
16,11,0.289798135025163
16,12,0.8649880795607657
16,13,0.40436788030214493
16,14,0.7115896923071218
16,15,0.4552110715708524
16,17,0.3168183879704215
16,18,0.5981024153387098
16,19,0.34106227643253084
16,20,0.4361461250029387
16,21,0.6783962479659825
16,22,0.6709699017214465
16,23,0.49930198447008595
16,24,0.5253634194342809
16,25,0.6325194813571479
16,26,0.7341368772409009
16,27,0.524773352520871
16,28,0.681214063030758
16,29,0.16648432071291758
16,30,0.18367045654843656
16,31,0.027509738014922135
16,32,0.5997165592054086
16,33,0.8735606366003393
16,34,0.37677766883616476
16,35,0.8807520106148448
16,36,0.6068670892143074
16,37,0.5370082911777571
16,38,1.0435063281414356
16,39,0.24155173139344316
16,40,0.6101323148208622
16,41,0.6028025655771128
16,42,0.9426798518004854
16,43,0.9424222241459175
16,44,0.7037003231883691
16,45,0.4950048589114727
16,46,0.5629595588128354
16,47,0.4339993620788682
16,48,0.8389989600369998
16,49,0.15162837365680468
16,50,0.2350537981980176
16,51,0.3863550718723223
16,52,0.23284633264120982
16,53,0.2825843085659565
16,54,0.3404689429158828
16,55,0.6634474631806335
16,56,0.6439131576736516
16,57,0.15766666183615383
16,58,0.4785993665632656
16,59,0.46370503474631264
16,60,0.7627399496015568
16,61,0.6776354363996946
16,62,0.8863007468085479
16,63,0.2278909926299067
16,64,0.3853585056835427
16,65,0.9569317324459679
16,66,0.8104071195553001
16,67,0.24782630733460978
16,68,0.7337056905537199
16,69,0.8301197774165943
17,0,0.22275003533996662
17,1,0.46319001790561526
17,2,0.3271657629162504
17,3,0.6165696036960161
17,4,0.7211835128208595
17,5,0.5315884369649002
17,6,0.37301135999402973
17,7,0.5861888125948789
17,8,0.15237553780094606
17,9,0.5301413570613697
17,10,0.7616568853843838
17,11,0.4455106550741348
17,12,0.5528941210766727
17,13,0.17847661160449968
17,14,0.39589921334516165
17,15,0.4076713152638706
17,16,0.3168183879704215
17,18,0.3766931985387204
17,19,0.20573024813687524
17,20,0.3853487575379409
17,21,0.5071587515938888
17,22,0.44198840806189726
17,23,0.607797857205384
17,24,0.33936191775459346
17,25,0.4143424838763301
17,26,0.42917115587288257
17,27,0.25918281904529
17,28,0.3870251887896179
17,29,0.4706894750554108
17,30,0.13543706673340344
17,31,0.33181438255686885
17,32,0.3162264041333814
17,33,0.5996197375044696
17,34,0.43877323444546285
17,35,0.5855309246613309
17,36,0.32734989786970803
17,37,0.6257955309742566
17,38,0.7647010365385908
17,39,0.19529508619230662
17,40,0.3219735345340733
17,41,0.3142454360959082
17,42,0.6537015409319774
17,43,0.7124981764403565
17,44,0.6447567890357884
17,45,0.2985304951465042
17,46,0.25620912167053844
17,47,0.48023054904307955
17,48,0.5356520063884338
17,49,0.45978342080124646
17,50,0.2962200012929534
17,51,0.5144512622960523
17,52,0.08651725332424472
17,53,0.36622297929944714
17,54,0.4492742078704828
17,55,0.3481648548543685
17,56,0.4830216705824866
17,57,0.30840615671541916
17,58,0.2902736475186843
17,59,0.3316969434527112
17,60,0.4748788692275653
17,61,0.6095985757369657
17,62,0.6982092067536939
17,63,0.49828789504499515
17,64,0.06923812974842526
17,65,0.7211176066944119
17,66,0.5663067488221777
17,67,0.3109969216026604
17,68,0.4744818620347552
17,69,0.6112199060448825
18,0,0.5654605509607418
18,1,0.2735333043230465
18,2,0.6426475971989749
18,3,0.33522435485530744
18,4,0.44009803748975884
18,5,0.19357401551800374
18,6,0.27486117189942477
18,7,0.4647291602961074
18,8,0.49720736820018085
18,9,0.3951928398521157
18,10,0.4188208971306177
18,11,0.5229073090602806
18,12,0.4152382371833535
18,13,0.20655906523906023
18,14,0.429861416967832
18,15,0.2839157930371838
18,16,0.5981024153387098
18,17,0.3766931985387204
18,19,0.257957224872115
18,20,0.27832198435767336
18,21,0.1522522975233796
18,22,0.7010773075420664
18,23,0.5563577275245662
18,24,0.6610823899894286
18,25,0.6917161000403806
18,26,0.28245328490132465
18,27,0.13475189500852974
18,28,0.5417634431973541
18,29,0.7639155596457431
18,30,0.47068962470067505
18,31,0.6230294394867139
18,32,0.5261056984876191
18,33,0.751899002519906
18,34,0.42219911575659713
18,35,0.34960892485302647
18,36,0.5412984987773464
18,37,0.5445542139339828
18,38,0.46442648125420977
18,39,0.3578343527269839
18,40,0.5185901925401564
18,41,0.1704320151129285
18,42,0.3875363915813155
18,43,0.3464250154128395
18,44,0.38083708948610595
18,45,0.10443414983747366
18,46,0.42783011697026974
18,47,0.4181428034850212
18,48,0.3456741870395103
18,49,0.7479481963603877
18,50,0.6663482470359932
18,51,0.5257104351855235
18,52,0.41044709632036713
18,53,0.43000654941480343
18,54,0.4763353962781349
18,55,0.32597860174503585
18,56,0.14662507609345865
18,57,0.48581790421795984
18,58,0.1219488213421568
18,59,0.17492030789364368
18,60,0.2355758365322124
18,61,0.34514731616173505
18,62,0.32222730418498957
18,63,0.820434193713788
18,64,0.35902723164439554
18,65,0.35948898044495314
18,66,0.2132527216149941
18,67,0.40978627445915344
18,68,0.15375323493883847
18,69,0.23796797692517757
19,0,0.32655489217855027
19,1,0.4618781121639313
19,2,0.3898874158257094
19,3,0.5748220020664063
19,4,0.682748849447307
19,5,0.3575071163098458
19,6,0.4054489174554445
19,7,0.38708234188854607
19,8,0.3579190821628093
19,9,0.32726839888809134
19,10,0.6766457078612927
19,11,0.31007319517253873
19,12,0.5874196416109974
19,13,0.09580630978842955
19,14,0.49983415531229847
19,15,0.2021049971703532
19,16,0.34106227643253084
19,17,0.20573024813687524
19,18,0.257957224872115
19,20,0.17995057848615426
19,21,0.34549081274981003
19,22,0.6375985691043349
19,23,0.42658193782674897
19,24,0.5446688933363998
19,25,0.6136679189743424
19,26,0.44590187025455635
19,27,0.21189833583530718
19,28,0.5445199650511519
19,29,0.5062943617555375
19,30,0.23895639030659285
19,31,0.3665739865207797
19,32,0.4904652947720672
19,33,0.7663667867671377
19,34,0.2579440811482624
19,35,0.5693716923360238
19,36,0.5039440813902538
19,37,0.4368211789743814
19,38,0.7139969273555882
19,39,0.09992222240490523
19,40,0.49142464991756457
19,41,0.3017803871839286
19,42,0.6227810968906485
19,43,0.6013618605706964
19,44,0.44252269109284564
19,45,0.15411064603988786
19,46,0.40725782558260987
19,47,0.288572297361529
19,48,0.5413828841839687
19,49,0.490156304588897
19,50,0.4437577521799449
19,51,0.3510669363762926
19,52,0.18860469276567296
19,53,0.21470783858937076
19,54,0.2877683993132577
19,55,0.41620310274598465
19,56,0.3139506432097981
19,57,0.23333466306293782
19,58,0.13754140954458033
19,59,0.13903408509811313
19,60,0.44808453009462074
19,61,0.4083517068681112
19,62,0.551441477726908
19,63,0.5658939721009545
19,64,0.23910235557531745
19,65,0.6159686321269923
19,66,0.4710853498567993
19,67,0.17416732745621447
19,68,0.4004613913468405
19,69,0.4892676448156002
20,0,0.46801871585015575
20,1,0.5431703492909409
20,2,0.5007084714622385
20,3,0.6111645969544083
20,4,0.7132924333487685
20,5,0.2628058236971674
20,6,0.5164885520723137
20,7,0.21589895845677068
20,8,0.5376859441988865
20,9,0.15063425729813334
20,10,0.6632698578765123
20,11,0.26083827540750376
20,12,0.6820463452135098
20,13,0.2473315909496714
20,14,0.6414899760546495
20,15,0.022722439416212572
20,16,0.4361461250029387
20,17,0.3853487575379409
20,18,0.27832198435767336
20,19,0.17995057848615426
20,21,0.2759257640315919
20,22,0.8153485954966445
20,23,0.28404484262670043
20,24,0.7245477651618719
20,25,0.7925934853588107
20,26,0.5417942206431339
20,27,0.3176900192546329
20,28,0.708803914925928
20,29,0.584692947924145
20,30,0.3951164084634903
20,31,0.46365586019893285
20,32,0.6622325042725211
20,33,0.9311086663934383
20,34,0.14575878663627234
20,35,0.627799131382797
20,36,0.676295475064145
20,37,0.2808724155962535
20,38,0.7313905240378731
20,39,0.22784307954635802
20,40,0.6615053303113819
20,41,0.40288906975685457
20,42,0.6643418987919031
20,43,0.565650761773153
20,44,0.2763434613543702
20,45,0.2008426575695818
20,46,0.5734913763114603
20,47,0.14172357238135197
20,48,0.6193160674456535
20,49,0.5665367138948096
20,50,0.5949398650627807
20,51,0.248234066634053
20,52,0.35631168595810936
20,53,0.18208755267497753
20,54,0.20437848699341238
20,55,0.5460956110154512
20,56,0.23863599511519323
20,57,0.28512068831057874
20,58,0.1870692529446665
20,59,0.10850160864238186
20,60,0.5117002523237775
20,61,0.24607406990075242
20,62,0.47582245131707257
20,63,0.661422062524887
20,64,0.4171776968138432
20,65,0.5857656472564629
20,66,0.4675131171209876
20,67,0.1919328912788164
20,68,0.4301816927356546
20,69,0.45242992091961376
21,0,0.6712834381278184
21,1,0.3851251195194938
21,2,0.7329931354876942
21,3,0.38393257526543356
21,4,0.4725362128552712
21,5,0.048346691270585544
21,6,0.41268312194736806
21,7,0.3994395505615133
