siteNum=70
demandLowerBound=0
demandUpperBound=1000
fixedCostLowerBound=500
fixedCostUpperBound=1500
coordinateLowerBound=0
coordinateUpperBound=1
facilityFailProbility=0.05
Coordinate: index, x, y
0,0.08929214660993501,0.2699119898224994
1,0.6153380300590386,0.41185478203745063
2,0.6460947066580321,0.7095276165613842
3,0.2535216790460405,0.5448713611162721
4,0.6878916415304005,0.5479284737367599
5,0.254483465663344,0.11572081789699484
6,0.788156860764393,0.34764038434714883
7,0.46209653972037934,0.8739746286151777
8,0.42899778435831337,0.5973606573318859
9,0.44461929149630597,0.16785649388696755
10,0.9351721385530387,0.7718619577840893
11,0.8946190105318013,0.4654500312193751
12,0.6685871779868973,0.3289510568407721
13,0.3617675645169264,0.5367357171057902
14,0.028681543061494286,0.6866480837541254
15,0.39989477926774564,0.3673380093288917
16,0.8986128426950928,0.4633857904488987
17,0.13602988517158832,0.4775495372819397
18,0.30935026755084527,0.0183819955898743
19,0.434791764379311,0.23810610293500234
20,0.4438556729572659,0.008450686289617426
21,0.17835616179401392,0.3516446893005871
22,0.9748706058179888,0.9974982249764944
23,0.07703567026208524,0.3579375365133891
24,0.06771989108689747,0.647084289643637
25,0.47253274513358434,0.3174889780812742
26,0.7904912236548756,0.9718109272085105
27,0.401905469787307,0.6462584920572605
28,0.9274600623283877,0.8078703516725754
29,0.6059368347827844,0.2171980407670142
30,0.8520223927130047,0.6225727412183409
31,0.06954469832151766,0.8933122905225365
32,0.4201347830135963,0.14549215710089014
33,0.9194363090825403,0.06239004925174674
34,0.4609455802280076,0.6985872981272524
35,0.09207030704110064,0.8638431527725279
36,0.9475523949659612,0.6781215219921931
37,0.8797183555231303,0.576903337003042
38,0.5461150992958568,0.6607452054592308
39,0.981805170762188,0.07241164856599402
40,0.6051064940006179,0.9490767013545611
41,0.7710348232236094,0.838511608908612
42,0.7820824504482741,0.06312357419934345
43,0.11582499800142643,0.3710028219981105
44,0.3592578936759142,0.6309286642947195
45,0.5687124481879625,0.9729736565329161
46,0.120561583741153,0.8739386500856079
47,0.07958021430339901,0.45290810312432217
48,0.21031909603020693,0.03692267381960068
49,0.889245522193816,0.8280839268881817
50,0.7457439354994734,0.8336239439428845
51,0.27325469265405633,0.0695358902310178
52,0.4266491663971318,0.2581955477954023
53,0.19258564111575904,0.3929492606744185
54,0.11722483688442031,0.182623524755135
55,0.12039313332015744,0.8367660285257763
56,0.015503406939413988,0.14968766956861213
57,0.44292935443633286,0.491029228669952
58,0.6082404238193456,0.34542328753746254
59,0.8300555630215308,0.5854440866351349
60,0.24365521869239826,0.0859060831237366
61,0.07525739817006305,0.8092229437028257
62,0.1749509423292055,0.16592543128727022
63,0.4038604581959141,0.5981931787047067
64,0.28593773232830444,0.8185517378246254
65,0.8593618081781629,0.5308075455555636
66,0.16850351552777054,0.415550504014634
67,0.11215763579078197,0.10027455632898163
68,0.4872178931216813,0.12016613891768368
69,0.9129240945186168,0.3593888998538306
Demand:index, demand
0,341
1,521
2,453
3,395
4,445
5,70
6,732
7,760
8,637
9,64
10,731
11,331
12,137
13,859
14,758
15,471
16,567
17,18
18,152
19,199
20,780
21,103
22,464
23,78
24,972
25,992
26,847
27,880
28,348
29,843
30,953
31,830
32,643
33,578
34,93
35,532
36,667
37,322
38,413
39,274
40,424
41,111
42,214
43,248
44,930
45,297
46,605
47,265
48,581
49,714
50,329
51,495
52,798
53,820
54,507
55,9
56,385
57,350
58,603
59,437
60,757
61,167
62,798
63,408
64,859
65,913
66,739
67,385
68,533
69,208
Fixcost:index, fixedCost
0,934
1,846
2,738
3,684
4,849
5,1288
6,547
7,1184
8,1322
9,513
10,806
11,790
12,799
13,1039
14,1339
15,1037
16,893
17,1440
18,813
19,1321
20,590
21,895
22,1183
23,522
24,1115
25,676
26,804
27,1432
28,529
29,755
30,894
31,921
32,717
33,1226
34,788
35,1277
36,993
37,550
38,1288
39,874
40,991
41,545
42,1435
43,717
44,1178
45,1318
46,571
47,1241
48,1080
49,1357
50,608
51,1293
52,1228
53,1370
54,859
55,1176
56,1467
57,1120
58,652
59,1120
60,818
61,897
62,1287
63,935
64,721
65,1264
66,980
67,1407
68,698
69,673
TransCost:start_index, end_index, transCost
0,1,0.5448596404171673
0,2,0.7094300459870143
0,3,0.32027175208945385
0,4,0.6600110003985423
0,5,0.22597143489911656
0,6,0.7031739415006587
0,7,0.7098413816534088
0,8,0.4718289416427369
0,9,0.3696927158380963
0,10,0.983598866970833
0,11,0.8287258191872354
0,12,0.5822957537303735
0,13,0.3813630223355923
0,14,0.4211206682744214
0,15,0.3255239233771042
0,16,0.8321250510834222
0,17,0.21283272145238563
0,18,0.33420489911236895
0,19,0.3469605169460715
0,20,0.4405420609442057
0,21,0.12088272401251238
0,22,1.146137398830906
0,23,0.0888747325323424
0,24,0.37778870544355514
0,25,0.3861825037058781
0,26,0.9921402440946985
0,27,0.48924817789373426
0,28,0.9959541425307856
0,29,0.5193269627529896
0,30,0.8403136520939838
0,31,0.6237129921901582
0,32,0.35346448879201214
0,33,0.8556895969366428
0,34,0.5673524430812633
0,35,0.5939376604480933
0,36,0.9503923800527591
0,37,0.8479488657817821
0,38,0.6011969831474803
0,39,0.9141038688671196
0,40,0.8528359434055911
0,41,0.8877379139933415
0,42,0.7229936748882063
0,43,0.10451482456054038
0,44,0.45079323845403135
0,45,0.8509638845231893
0,46,0.604835501609411
0,47,0.18325364692878635
0,48,0.2625481743556326
0,49,0.9754390367602179
0,50,0.8652745913029564
0,51,0.27201617531781236
0,52,0.33756041505702855
0,53,0.1606478011860517
0,54,0.0916488478912137
0,55,0.5677065902106172
0,56,0.14106262893719648
0,57,0.4170756622901561
0,58,0.5244132630866739
0,59,0.8051651651759145
0,60,0.24017937405774367
0,61,0.5394935394785353
0,62,0.1347242874914407
0,63,0.45466664890661274
0,64,0.5828164886740568
0,65,0.8130644345124618
0,66,0.16578606027627904
0,67,0.17117152052180615
0,68,0.42516904826214463
0,69,0.8284779436077971
1,0,0.5448596404171673
1,2,0.29925756392934866
1,3,0.3854925189548994
1,4,0.15420789898774964
1,5,0.46680974857295693
1,6,0.18436332910070308
1,7,0.4868651835593047
1,8,0.2629355756389029
1,9,0.2977919614711197
1,10,0.4815589512668444
1,11,0.2843770679726131
1,12,0.09853171776909891
1,13,0.28265390310198507
1,14,0.6478249705010231
1,15,0.2199944030285895
1,16,0.28792371264258926
1,17,0.4837893122239085
1,18,0.4984469324608093
1,19,0.25057046422262214
1,20,0.4383389821397441
1,21,0.4411104266051451
1,22,0.6871985995979345
1,23,0.5409958409524703
1,24,0.5960021370598936
1,25,0.17116732853829233
1,26,0.5867107683873322
1,27,0.3170150738611612
1,28,0.5042305964748479
1,29,0.19488363039169784
1,30,0.31689358757518826
1,31,0.7277992123146398
1,32,0.33023227525512827
1,33,0.4632508637509906
1,34,0.3256571269725505
1,35,0.6914496346315667
1,36,0.42575152501974245
1,37,0.3116696680601576
1,38,0.25833748666137724
1,39,0.49951957526813995
1,40,0.5373193416627349
1,41,0.4541778718932697
1,42,0.3865451552550713
1,43,0.5011807576458268
1,44,0.3370020803159401
1,45,0.5630526939815441
1,46,0.676997217823901
1,47,0.5373284026696482
1,48,0.5519188551721463
1,49,0.4982690189754265
1,50,0.44146905453061114
1,51,0.48394548599787063
1,52,0.24334059985517076
1,53,0.42317490603207797
1,54,0.5483281157572041
1,55,0.6523189543468167
1,56,0.6546244495535671
1,57,0.18971911983123418
1,58,0.06680957622852937
1,59,0.2761102418096919
1,60,0.49435884394734214
1,61,0.6705136425509288
1,62,0.5044026492788961
1,63,0.28185947114412646
1,64,0.5233612232403654
1,65,0.27147258468605573
1,66,0.44684979773669664
1,67,0.5918384460547479
1,68,0.3185859915531409
1,69,0.3021756683683279
2,0,0.7094300459870143
2,1,0.29925756392934866
2,3,0.4257056077451312
2,4,0.16691694559384412
2,5,0.7113127850766148
2,6,0.3887724584754163
2,7,0.24677549556193148
2,8,0.24436141351449508
2,9,0.5779272861303166
2,10,0.2957217133162203
2,11,0.34833632782460006
2,12,0.38124064457407536
2,13,0.3327145387199073
2,14,0.6178369425696101
2,15,0.4215544229929391
2,16,0.35263466589321657
2,17,0.5603391396147319
2,18,0.7688166794871896
2,19,0.5166112435143407
2,20,0.7296639561548202
2,21,0.5889478210981565
2,22,0.43705910719192975
2,23,0.668912379383159
2,24,0.5817358475833346
2,25,0.428740071079847
2,26,0.29940422369237985
2,27,0.2522525827796921
2,28,0.29805663374710456
2,29,0.4939646403088111
2,30,0.22353380556390018
2,31,0.6051336368901021
2,32,0.607613270610682
2,33,0.7024974467138179
2,34,0.18547207225143475
2,35,0.5751141800434364
2,36,0.3030892288024262
2,37,0.2686432743200767
2,38,0.11124587867078156
2,39,0.720151562092127
2,40,0.24303044583364053
2,41,0.17957422701838296
2,42,0.6605534440476012
2,43,0.6291144573548347
2,44,0.29741074724891153
2,45,0.2745757270820031
2,46,0.5506505708952557
2,47,0.6219262373662187
2,48,0.8014348331703157
2,49,0.27051417303723796
2,50,0.15915359649806984
2,51,0.740674750355247
2,52,0.5018535458049285
2,53,0.5530753365908844
2,54,0.746546221687931
2,55,0.5408805392035632
2,56,0.8432473857236
2,57,0.298358351407367
2,58,0.3660668096716656
2,59,0.22189709117730722
2,60,0.7422003492596622
2,61,0.5794776881085482
2,62,0.7193606762262788
2,63,0.2665948014888316
2,64,0.3762968312058528
2,65,0.2782511821558415
2,66,0.5608171614229959
2,67,0.8101099228184077
2,68,0.6104005186841099
2,69,0.44022158416377855
3,0,0.32027175208945385
3,1,0.3854925189548994
3,2,0.4257056077451312
3,4,0.43438072038965847
3,5,0.42915162096734294
3,6,0.569855100642539
3,7,0.38963115017125627
3,8,0.1831583734170358
3,9,0.42268014809797017
3,10,0.7184511673883712
3,11,0.6459980929389461
3,12,0.4678685138043026
3,13,0.10855118803975124
3,14,0.2658076858021228
3,15,0.23009384056374715
3,16,0.6502172772582069
3,17,0.13541251637946045
3,18,0.5294411046630472
3,19,0.35631975452359116
3,20,0.5691872887017787
3,21,0.20733162249095322
3,22,0.8515957679809018
3,23,0.25708280004144923
3,24,0.21206081006860875
3,25,0.31570333413424223
3,26,0.6860128897713573
3,27,0.17971393845551628
3,28,0.7234372215298701
3,29,0.4812133070288693
3,30,0.603523494761912
3,31,0.39402869276489594
3,32,0.4327397312631042
3,33,0.8223323602991444
3,34,0.2581729344309936
3,35,0.3575046145082316
3,36,0.7067066152327828
3,37,0.6270154105842723
3,38,0.31470249026072517
3,39,0.8681100300591827
3,40,0.5357180594153937
3,41,0.5950163439100643
3,42,0.7151625124855767
3,43,0.22178964102452095
3,44,0.13633050471043495
3,45,0.5316171519931199
3,46,0.3549136058438914
3,47,0.1967558740604954
3,48,0.5097826322126439
3,49,0.6959555748448931
3,50,0.5706669815550472
3,51,0.47574489141530524
3,52,0.3348972212779384
3,53,0.16368727904545716
3,54,0.3870404683383312
3,55,0.3208203649227923
3,56,0.4613272676981713
3,57,0.19691176380074765
3,58,0.4069458464560702
3,59,0.5779597437779669
3,60,0.4590713162926599
3,61,0.31884151714016923
3,62,0.3870056568090356
3,63,0.15951477908710765
3,64,0.27559344895266424
3,65,0.6060033440295131
3,66,0.15476424719398724
3,67,0.46652986137282
3,68,0.4847560687975346
3,69,0.6849929116180993
4,0,0.6600110003985423
4,1,0.15420789898774964
4,2,0.16691694559384412
4,3,0.43438072038965847
4,5,0.6120834131676125
4,6,0.2239831086028172
4,7,0.396597432054721
4,8,0.26357080653293774
4,9,0.4512606188867493
4,10,0.33360732828482426
4,11,0.22257335549057722
4,12,0.21982668496600155
4,13,0.3263160912503251
4,14,0.6736475963935112
4,15,0.3399339766898627
4,16,0.22704821055846777
4,17,0.5563313696242057
4,18,0.650932442218161
4,19,0.4000618068037967
4,20,0.5921062718011795
4,21,0.5460345494039508
4,22,0.5333571853583053
4,23,0.6397199182932884
4,24,0.6280484661841927
4,25,0.3154073800899548
4,26,0.4361226990347415
4,27,0.3024183905307019
4,28,0.3535007894594294
4,29,0.34073334095945845
4,30,0.1803071550206141
4,31,0.7082675504873002
4,32,0.4833722418904854
4,33,0.5379223872671779
4,34,0.27240153470088
4,35,0.6743924280883368
4,36,0.2904719206545869
4,37,0.1940026569471364
4,38,0.1811855482220459
4,39,0.5590182588126881
4,40,0.40960136861640384
4,41,0.30224385371479895
4,42,0.49387012371684097
4,43,0.5988012448898651
4,44,0.33895305259216013
4,45,0.4414375239419187
4,46,0.6543286861770298
4,47,0.6156879593806237
4,48,0.6994300992697627
4,49,0.34500791757392385
4,50,0.29149406445720755
4,51,0.6330744532255131
4,52,0.3901189551768751
4,53,0.5189861178568954
4,54,0.6775753151313297
4,55,0.6367744419159341
4,56,0.7814740405930811
4,57,0.251483689704778
4,58,0.2176066794022324
4,59,0.14703061512786034
4,60,0.6409451527265632
4,61,0.6660296661354811
4,62,0.6395580390689163
4,63,0.2884445417613295
4,64,0.48456567788940386
4,65,0.17232279080840435
4,66,0.5359924927648482
4,67,0.7292898430223178
4,68,0.47249398767632317
4,69,0.2935758433826774
5,0,0.22597143489911656
5,1,0.46680974857295693
5,2,0.7113127850766148
5,3,0.42915162096734294
5,4,0.6120834131676125
5,6,0.5818882864786914
5,7,0.7861628520784087
5,8,0.5122813507833727
5,9,0.1971541553610115
5,10,0.9454407780779658
5,11,0.7294409081311026
5,12,0.4657778648241761
5,13,0.4344691280431986
5,14,0.6139580206738816
5,15,0.2906125619243488
5,16,0.7319655644187265
5,17,0.3807246681042168
5,18,0.1117372465988826
5,19,0.21792026197598222
5,20,0.2176435481020198
5,21,0.24790207641823428
5,22,1.1386347207669514
5,23,0.3002609845951693
5,24,0.5632297682964
5,25,0.29707890995767433
5,26,1.0100468265818725
5,27,0.5506391477213639
5,28,0.9653851442634791
5,29,0.36581019316965074
5,30,0.7835506630168897
5,31,0.7992814560377793
5,32,0.16830535219614198
5,33,0.6670880413075676
5,34,0.6183526004849672
5,35,0.7655488632564699
5,36,0.8925464092871871
5,37,0.7769221218545515
5,38,0.6181428578999829
5,39,0.7286100101261519
5,40,0.9041120154570127
5,41,0.8883984649742211
5,42,0.5302142574381408
5,43,0.29050829983364174
5,44,0.5257535599072466
5,45,0.913029179603698
5,46,0.7699541229881044
5,47,0.37985051356455357
5,48,0.09033072043958318
5,49,0.9541404862295613
5,50,0.8698975500655667
5,51,0.049853851468551334
5,52,0.22347276605613567
5,53,0.2840544845069672
5,54,0.15269545952390534
5,55,0.7334073990618107
5,56,0.24138188722473503
5,57,0.4199622080525395
5,58,0.42179048116655865
5,59,0.7429153306072941
5,60,0.0317201724784644
5,61,0.7162870805524224
5,62,0.09405278025429288
5,63,0.5050673864361491
5,64,0.7035344148638003
5,65,0.7336039808519126
5,66,0.3119140787183511
5,67,0.14316154806840053
5,68,0.23277687729526966
5,69,0.7020813313939136
6,0,0.7031739415006587
6,1,0.18436332910070308
6,2,0.3887724584754163
6,3,0.569855100642539
6,4,0.2239831086028172
6,5,0.5818882864786914
6,7,0.6191470501007998
6,8,0.43744194689631644
6,9,0.3877374224492964
6,10,0.4489737578885721
6,11,0.15878697122011218
6,12,0.12102148570461181
6,13,0.46643850272625553
6,14,0.8317024578881139
6,15,0.3887614182992322
6,16,0.15999225911879014
6,17,0.6649405840464645
6,18,0.5810910774326175
6,19,0.3699522268451882
6,20,0.48331455512301497
6,21,0.6098138461226696
6,22,0.6761488265310938
6,23,0.7111957388259255
6,24,0.780189771592338
6,25,0.317061018839497
6,26,0.6241749080393663
6,27,0.4882242428271066
6,28,0.48085029353255276
6,29,0.22409672658790888
6,30,0.28225273608209306
6,31,0.9023088546611445
6,32,0.41988588389087156
6,33,0.3140096291879539
6,34,0.4798238826924318
6,35,0.866603593579207
6,36,0.3669124127943425
6,37,0.24687042913834895
6,38,0.39575098647813955
6,39,0.33652715338393546
6,40,0.6286756557938228
6,41,0.491169749956182
6,42,0.2845816468386022
6,43,0.6727376436467009
6,44,0.5140102854274583
6,45,0.6627198137324503
6,46,0.8501019459000468
6,47,0.7163533740595198
6,48,0.6560807709333369
6,49,0.4909632522286874
6,50,0.48783078667389335
6,51,0.5852062477215315
6,52,0.3724086356040925
6,53,0.5972921998049205
6,54,0.6909271630333306
6,55,0.8277392653990606
6,56,0.797608072298583
6,57,0.3738213367395177
6,58,0.17993009698564805
6,59,0.24146656512383946
6,60,0.6041414425910596
6,61,0.8492844652227082
6,62,0.6395637752167455
6,63,0.4587596623368875
6,64,0.6884631840564122
6,65,0.19652061846367966
6,66,0.6233634995860673
6,67,0.7198366516342692
6,68,0.37723837898544416
6,69,0.12531915350532763
7,0,0.7098413816534088
7,1,0.4868651835593047
7,2,0.24677549556193148
7,3,0.38963115017125627
7,4,0.396597432054721
7,5,0.7861628520784087
7,6,0.6191470501007998
7,8,0.27858717974025954
7,9,0.7063343927613412
7,10,0.4839705773651302
7,11,0.5949521278508212
7,12,0.5828285146434109
7,13,0.35184653856676157
7,14,0.47216500689737817
7,15,0.5104407144862603
7,16,0.5992742917808561
7,17,0.5132955447373441
7,18,0.8691203468731249
7,19,0.6364545016787186
7,20,0.8657161335905953
7,21,0.5944217085287015
7,22,0.5274422449143689
7,23,0.643868118183256
7,24,0.45498589748034773
7,25,0.5565835010432562
7,26,0.34265873658624474
7,27,0.23553684159500826
7,28,0.47003508763095403
7,29,0.6723433028067701
7,30,0.4639451258702028
7,31,0.393027853152522
7,32,0.7296900028981376
7,33,0.9315735044003515
7,34,0.17539110696792418
7,35,0.3701649087549628
7,36,0.5234747623010049
7,37,0.5125030081223811
7,38,0.2291853076716654
7,39,0.9553011421351274
7,40,0.1615307040564968
7,41,0.3109670220146027
7,42,0.8717054637385443
7,43,0.6106427915369648
7,44,0.2639074229587342
7,45,0.14549144121571284
7,46,0.3415349578742806
7,47,0.5688723565963199
7,48,0.8740983103623154
7,49,0.4296070410655399
7,50,0.28650309402480256
7,51,0.8263067995705465
7,52,0.6167985024712408
7,53,0.5513814732734613
7,54,0.7725948745788271
7,55,0.3437232867673184
7,56,0.8509036521792807
7,57,0.38342477793032864
7,58,0.5483835838303179
7,59,0.46759353768420986
7,60,0.8177827603498652
7,61,0.39222098635128405
7,62,0.7640590683565167
7,63,0.28186317479593853
7,64,0.18467166064499346
7,65,0.5249603227087537
7,66,0.5443799609375207
7,67,0.8491578406510258
7,68,0.7542269695103259
7,69,0.6841373812402042
8,0,0.4718289416427369
8,1,0.2629355756389029
8,2,0.24436141351449508
8,3,0.1831583734170358
8,4,0.26357080653293774
8,5,0.5122813507833727
8,6,0.43744194689631644
8,7,0.27858717974025954
8,9,0.4297881546783037
8,10,0.5354093580653567
8,11,0.4839458022802729
8,12,0.3597871470399017
8,13,0.09052781803036518
8,14,0.41015282220547983
8,15,0.23185642863550493
8,16,0.48835188949462544
8,17,0.31651997479070054
8,18,0.5912121607602165
8,19,0.35930127338959866
8,20,0.5890973695804662
8,21,0.35099509954873015
8,22,0.6768214020322424
8,23,0.42567682640890236
8,24,0.36468363793417824
8,25,0.28323744395164574
8,26,0.5204714317473479
8,27,0.05590162564402229
8,28,0.5410905413796532
8,29,0.4193221227154169
8,30,0.4237752570025032
8,31,0.46561130812039936
8,32,0.4519554118426351
8,33,0.7257571894534081
8,34,0.10614845485284184
8,35,0.4295730966292147
8,36,0.5248058702445407
8,37,0.4511845910779486
8,38,0.13316931478192498
8,39,0.7623434057345647
8,40,0.3933426664307318
8,41,0.4185010363214176
8,42,0.6403733617365936
8,43,0.38641307396558017
8,44,0.07739808423888687
8,45,0.40075592629158335
8,46,0.4142804315036218
8,47,0.37809942962158793
8,48,0.6015904770624428
8,49,0.5148409533996345
8,50,0.3951562537313176
8,51,0.5503225375892634
8,52,0.3391732411809966
8,53,0.31252955149232614
8,54,0.5188537943530377
8,55,0.39057875313291995
8,56,0.6094166917060441
8,57,0.10724020405671889
8,58,0.3091930822316205
8,59,0.4012347772607018
8,60,0.5440015148196403
8,61,0.4123322558410081
8,62,0.5006756956525164
8,63,0.025151108493087264
8,64,0.2634229917383341
8,65,0.435479631768839
8,66,0.31766680018976134
8,67,0.5894762688646294
8,68,0.4807329710649986
8,69,0.5392728725075651
9,0,0.3696927158380963
9,1,0.2977919614711197
9,2,0.5779272861303166
9,3,0.42268014809797017
9,4,0.4512606188867493
9,5,0.1971541553610115
9,6,0.3877374224492964
9,7,0.7063343927613412
9,8,0.4297881546783037
9,10,0.7781161199802016
9,11,0.5395013073144863
9,12,0.2758859771578463
9,13,0.37806916032121374
9,14,0.6649427977577576
9,15,0.20443374720698457
9,16,0.5417081406592256
9,17,0.4371924093841084
9,18,0.20159448028238608
9,19,0.07093368636012796
9,20,0.15940763660827725
9,21,0.3235338545071511
9,22,0.9846176203507121
9,23,0.4138218473759095
9,24,0.6096822436767925
9,25,0.1522138010172531
9,26,0.8751971916730912
9,27,0.48030505141869695
9,28,0.801718746279102
9,29,0.16869480733117032
9,30,0.6105277655177612
9,31,0.8166805148388082
9,32,0.033161042135629225
9,33,0.4863891149414021
9,34,0.5309818587045045
9,35,0.7801847318341227
9,36,0.7164580277119139
9,37,0.5971854949513132
9,38,0.5032302465037739
9,39,0.5455991086695462
9,40,0.7975344222811764
9,41,0.7458722294451733
9,42,0.3533417157881809
9,43,0.38648947988248933
9,44,0.4708740842773121
9,45,0.8146243042806683
9,46,0.7768947221198284
9,47,0.4631500273201488
9,48,0.26840314236775586
9,49,0.795985394534126
9,50,0.730699903366623
9,51,0.19756711983433758
9,52,0.09210901181291141
9,53,0.33791672729264755
9,54,0.32772731669983735
9,55,0.7433455234118065
9,56,0.42950034756232164
9,57,0.323177153267956
9,58,0.24145774195496636
9,59,0.568278555837255
9,60,0.2170309387672564
9,61,0.7401210246918706
9,62,0.26967526313192536
9,63,0.4322625877773038
9,64,0.6697642403884191
9,65,0.5511304936681877
9,66,0.37093428581331084
9,67,0.33926106584538973
9,68,0.0639453736992265
9,69,0.5059585467893793
10,0,0.983598866970833
10,1,0.4815589512668444
10,2,0.2957217133162203
10,3,0.7184511673883712
10,4,0.33360732828482426
10,5,0.9454407780779658
10,6,0.4489737578885721
10,7,0.4839705773651302
10,8,0.5354093580653567
10,9,0.7781161199802016
10,11,0.30908384773942277
10,12,0.5169502948780202
10,13,0.6197395861013276
10,14,0.9104870147573821
10,15,0.6709407397357982
10,16,0.31063503976119194
10,17,0.8516150198308015
10,18,0.9794820404953231
10,19,0.7316254721125552
10,20,0.9078483567261265
10,21,0.8656517633606787
10,22,0.22910192791792208
10,23,0.9527495078640318
10,24,0.8763805498187579
10,25,0.6484520128949678
10,26,0.24680388471346568
10,27,0.5478590791609566
10,28,0.03682499898334268
10,29,0.6450177874209488
10,30,0.17088344102363212
10,31,0.8741058566352562
10,32,0.8109270033788323
10,33,0.7096463945696119
10,34,0.4798541490584711
10,35,0.8481044974118964
10,36,0.0945544290411841
10,37,0.2026918495381015
10,38,0.40461378182507374
10,39,0.7010031203627475
10,40,0.37463101186708114
10,41,0.17715313793035986
10,42,0.7250838220304825
10,43,0.9121500882383257
10,44,0.592907590325971
10,45,0.41801748771565334
10,46,0.8209811247051586
10,47,0.9131095784425466
10,48,1.0322536918649607
10,49,0.07259589451304213
10,50,0.19924253322617136
10,51,0.9650889131836474
10,52,0.722806193914346
10,53,0.8336723206434841
10,54,1.008087158565861
10,55,0.8173599976553327
10,56,1.1103564386377236
10,57,0.5667186076499168
10,58,0.5373400092868799
10,59,0.21401195558935335
10,60,0.9740282913933234
10,61,0.8607259749750442
10,62,0.9721601418135936
10,63,0.5589749068704558
10,64,0.6509110920749599
10,65,0.2526943526206864
10,66,0.8454221605912418
10,67,1.0622535053132227
10,68,0.7908036711649307
10,69,0.4130726316057457
11,0,0.8287258191872354
11,1,0.2843770679726131
11,2,0.34833632782460006
11,3,0.6459980929389461
11,4,0.22257335549057722
11,5,0.7294409081311026
11,6,0.15878697122011218
11,7,0.5949521278508212
11,8,0.4839458022802729
11,9,0.5395013073144863
11,10,0.30908384773942277
11,12,0.2640499182541401
11,13,0.5375986537673246
11,14,0.8937428466925232
11,15,0.5043590326734017
11,16,0.004495751917870785
11,17,0.758685612860644
11,18,0.736484439748817
11,19,0.5129584369439233
11,20,0.641900294257264
11,21,0.7252476296626019
11,22,0.5380665377313397
11,23,0.8246220072278516
11,24,0.8466127553799841
11,25,0.44726869852869194
11,26,0.5169564323874948
11,27,0.524841245276647
11,28,0.3439915849877413
11,29,0.3807445985943141
11,30,0.16279440361087272
11,31,0.9294158023216941
11,32,0.5722834292323761
11,33,0.40382328730659084
11,34,0.492367372368168
11,35,0.8959919088783501
11,36,0.21916000131225447
11,37,0.11244495937922241
11,38,0.39949365605491993
11,39,0.4025923456481808
11,40,0.56365969635434
11,41,0.39299871768316086
11,42,0.417769141241577
11,43,0.7845000887717266
11,44,0.5603523029716816
11,45,0.6031544724448108
11,46,0.8752301707053991
11,47,0.8151352889660615
11,48,0.8074045262611075
11,49,0.3626737055051735
11,50,0.3971345086693167
11,51,0.7367778651440502
11,52,0.5118107032084857
11,53,0.7057671099613906
11,54,0.8272439386176613
11,55,0.8586624941149966
11,56,0.9341039093777922
11,57,0.45241335166621477
11,58,0.3105142736273278
11,59,0.1362608237518469
11,60,0.7535300039294774
11,61,0.8885568452099063
11,62,0.7795108173431229
11,63,0.5083942366855945
11,64,0.7036858060547925
11,65,0.07426085777858005
11,66,0.7278280531143364
11,67,0.8634807064567397
11,68,0.5340380480359245
11,69,0.10762917674266426
12,0,0.5822957537303735
12,1,0.09853171776909891
12,2,0.38124064457407536
12,3,0.4678685138043026
12,4,0.21982668496600155
12,5,0.4657778648241761
12,6,0.12102148570461181
12,7,0.5828285146434109
12,8,0.3597871470399017
12,9,0.2758859771578463
12,10,0.5169502948780202
12,11,0.2640499182541401
12,13,0.37055733733298457
12,14,0.7330937079745913
12,15,0.2714206389550668
12,16,0.26642917262329807
12,17,0.5529003332610632
12,18,0.47487292997801417
12,19,0.2508248414214265
12,20,0.3914393144234629
12,21,0.49075599863040714
12,22,0.7353671560426515
12,23,0.5922612618560406
12,24,0.6798898809955687
12,25,0.19638920512829394
12,26,0.6543159858046004
12,27,0.4144914256434231
12,28,0.5444068893846535
12,29,0.12811636158264378
12,30,0.3462111661086826
12,31,0.8230160961527119
12,32,0.30884585226571715
12,33,0.36603286374083344
12,34,0.4239646022868674
12,35,0.7864357931677569
12,36,0.4469246088751837
12,37,0.32566348792197314
12,38,0.35367607653946886
12,39,0.4048678537450897
12,40,0.6233663547409406
12,41,0.5197571319743761
12,42,0.28904225884559026
12,43,0.5543594308525273
12,44,0.43229050595167523
12,45,0.6517208532543959
12,46,0.7728800222150911
12,47,0.6019090899720622
12,48,0.5434061201626494
12,49,0.5457322849437288
12,50,0.5105368627296525
12,51,0.47284670097887693
12,52,0.2520720998291538
12,53,0.4802845335815203
12,54,0.5704491018770012
12,55,0.7472568206952154
12,56,0.6772398201685205
12,57,0.2778323003415313
12,58,0.06255449722189367
12,59,0.303085324123067
12,60,0.48952837433490637
12,61,0.7633487492146235
12,62,0.5198596808191676
12,63,0.37758648857856064
12,64,0.6213931324714502
12,65,0.2777426894823317
12,66,0.5075264857220284
12,67,0.6015868825987626
12,68,0.2765609506865903
12,69,0.24622548825723964
13,0,0.3813630223355923
13,1,0.28265390310198507
13,2,0.3327145387199073
13,3,0.10855118803975124
13,4,0.3263160912503251
13,5,0.4344691280431986
13,6,0.46643850272625553
13,7,0.35184653856676157
13,8,0.09052781803036518
13,9,0.37806916032121374
13,10,0.6197395861013276
13,11,0.5375986537673246
13,12,0.37055733733298457
13,14,0.36526704664274534
13,15,0.1736354454157404
13,16,0.5418330595697942
13,17,0.23336774361157933
13,18,0.5209972683523686
13,19,0.3074283334784468
13,20,0.5346246639762867
13,21,0.26057327419129694
13,22,0.7669403027041368
13,23,0.3362157655272919
13,24,0.31407139588118077
13,25,0.24563806262451485
13,26,0.6108145498844626
13,27,0.11664600152840417
13,28,0.6273133125813881
13,29,0.40214793191330217
13,30,0.4977125588912389
13,31,0.4610217524554433
13,32,0.3955733249858309
13,33,0.7321190075918576
13,34,0.1898215295469258
13,35,0.4239526921231316
13,36,0.602605852450489
13,37,0.5195059764739597
13,38,0.2221764316500539
13,39,0.7746247309398941
13,40,0.4787890160535371
13,41,0.5084961926334074
13,42,0.6332243403754457
13,43,0.2965723158776022
13,44,0.09422637501181215
13,45,0.48283509055705914
13,46,0.41459153774793117
13,47,0.29437521887271345
13,48,0.5222544560326653
13,49,0.6025917151591009
13,50,0.4853663283617855
13,51,0.47551046961894555
13,52,0.2859969373647225
13,53,0.22202943106446316
13,54,0.43034473438086057
13,55,0.3850711671968412
13,56,0.519331356578058
13,57,0.09314676176903455
13,58,0.3120085192427387
13,59,0.4708143528033694
13,60,0.4660449389410482
13,61,0.39539519986799465
13,62,0.41521165493569917
13,63,0.0744904778106092
13,64,0.2918397385270785
13,65,0.4976295555357689
13,66,0.2281158664004583
13,67,0.5027956457501497
13,68,0.43504942066259317
13,69,0.5789865405628218
14,0,0.4211206682744214
14,1,0.6478249705010231
14,2,0.6178369425696101
14,3,0.2658076858021228
14,4,0.6736475963935112
14,5,0.6139580206738816
14,6,0.8317024578881139
14,7,0.47216500689737817
14,8,0.41015282220547983
14,9,0.6649427977577576
14,10,0.9104870147573821
14,11,0.8937428466925232
14,12,0.7330937079745913
14,13,0.36526704664274534
14,15,0.4896510904349815
14,16,0.8981238877204586
14,17,0.23504439727542242
14,18,0.7248134225418497
14,19,0.6050747230020014
14,20,0.7951863102835354
14,21,0.3669192905641759
14,22,0.9959425449181194
14,23,0.33224801802965703
14,24,0.05558134957851981
14,25,0.5773061015458079
14,26,0.8134321340669913
14,27,0.37540300824324024
14,28,0.9069165699968669
14,29,0.7440477233893215
14,30,0.8258303725499259
14,31,0.21066535504686412
14,32,0.6678962314768064
14,33,1.0877233778999058
14,34,0.4324288874107976
14,35,0.18819199739441272
14,36,0.9189104117024254
14,37,0.8580836588610234
14,38,0.5180815034541374
14,39,1.1339008104741588
14,40,0.6333518006612492
14,41,0.757727472670616
14,42,0.9779548769072909
14,43,0.3274536807059758
14,44,0.33523928363251393
14,45,0.6112411243681295
14,46,0.2086137534106109
14,47,0.23921758563912543
14,48,0.6746371683824188
14,49,0.8721092018222812
14,50,0.731970203032271
14,51,0.6638098258511448
14,52,0.5847647431171589
14,53,0.33633844864568646
14,54,0.5117427781172293
14,55,0.1759159263120805
14,56,0.537122099409371
14,57,0.4581135074337873
14,58,0.6725495207182861
14,59,0.8077391713293157
14,60,0.6380475158917738
14,61,0.13112553744613542
14,62,0.5408759728017639
14,63,0.385465288435602
14,64,0.2891008835566418
14,65,0.8451721577290133
14,66,0.30503127991235596
14,67,0.5922855491419274
14,68,0.7288054460225966
14,69,0.9428591958794743
15,0,0.3255239233771042
15,1,0.2199944030285895
15,2,0.4215544229929391
15,3,0.23009384056374715
15,4,0.3399339766898627
15,5,0.2906125619243488
15,6,0.3887614182992322
15,7,0.5104407144862603
15,8,0.23185642863550493
15,9,0.20443374720698457
15,10,0.6709407397357982
15,11,0.5043590326734017
15,12,0.2714206389550668
15,13,0.1736354454157404
15,14,0.4896510904349815
15,16,0.5078827453721974
15,17,0.28595675062869524
15,18,0.36051159222232676
15,19,0.13386069326010455
15,20,0.36156973160412326
15,21,0.22209376246460236
15,22,0.8530528110862589
15,23,0.32299593365410023
15,24,0.43427887087434386
15,25,0.0880976730762663
15,26,0.7196895794839387
15,27,0.2789277299979185
15,28,0.687309153541307
15,29,0.25494183415168226
15,30,0.5191956733278742
15,31,0.6211120031510827
15,32,0.2227672325599085
15,33,0.60242564649715
15,34,0.3368282821072323
15,35,0.5841859833713903
15,36,0.6296945734049125
15,37,0.5235917215671776
15,38,0.3278233742889462
15,39,0.6523812244401751
15,40,0.616872558688861
15,41,0.5997912079786357
15,42,0.488481154747638
15,43,0.28409342034020235
15,44,0.2667046866028373
15,45,0.6287240591101103
15,46,0.5785077729280852
15,47,0.33154737441345755
15,48,0.3809373092973396
15,49,0.6721242073827196
15,50,0.5805464767656787
15,51,0.32361058956206457
15,52,0.11237381429967692
15,53,0.20888517170159113
15,54,0.3376710487121173
15,55,0.5463367416662746
15,56,0.4417334009538143
15,57,0.13096370643051866
15,58,0.209495018162288
15,59,0.48229509725642833
15,60,0.3218924189481969
15,61,0.5483171750297613
15,62,0.30193833206468634
15,63,0.23088922849907384
15,64,0.46538160398771644
15,65,0.48768046908803864
15,66,0.23636065996482036
15,67,0.3925755362532387
15,68,0.2621435861044905
15,69,0.5130908951133554
16,0,0.8321250510834222
16,1,0.28792371264258926
16,2,0.35263466589321657
16,3,0.6502172772582069
16,4,0.22704821055846777
16,5,0.7319655644187265
16,6,0.15999225911879014
16,7,0.5992742917808561
16,8,0.48835188949462544
16,9,0.5417081406592256
16,10,0.31063503976119194
16,11,0.004495751917870785
16,12,0.26642917262329807
16,13,0.5418330595697942
16,14,0.8981238877204586
16,15,0.5078827453721974
16,17,0.7627144805427818
16,18,0.7384163865357828
16,19,0.515636432281868
16,20,0.6432495879706219
16,21,0.7288729382193276
16,22,0.5395288121625229
16,23,0.8283165967919897
16,24,0.850957246657303
16,25,0.45036666106302586
16,26,0.5197945788413995
16,27,0.529302030313974
16,28,0.3456902876883303
16,29,0.38244954399360426
16,30,0.16586487067732658
16,31,0.9339115501377049
16,32,0.5744541894004845
16,33,0.40153605219287897
16,34,0.4968625381829497
16,35,0.9004870686791507
16,36,0.22024194463795235
16,37,0.11507925539020288
16,38,0.4039868782457843
16,39,0.39972708573512616
16,40,0.5674871255458883
16,41,0.3962266153697098
16,42,0.41688028746176425
16,43,0.7882204150235738
16,44,0.5647781649532827
16,45,0.6070535919966397
16,46,0.8797257596067596
16,47,0.8190996449162201
16,48,0.8097030761601195
16,49,0.3648184170456029
16,50,0.40055610479659287
16,51,0.7390470619144508
16,52,0.5146384628308375
16,53,0.7095320388091128
16,54,0.83029793776829
16,55,0.8631562536678713
16,56,0.9371706283087068
16,57,0.456521194632136
16,58,0.3134187195061631
16,59,0.1399940293874205
16,60,0.7559500107027879
16,61,0.8930383668128651
16,62,0.7824124304442845
16,63,0.5127893855141459
16,64,0.7081762782233345
16,65,0.078014977871639
16,66,0.7316746847096517
16,67,0.8662341258637826
16,68,0.5357663051477934
16,69,0.10497697453346085
17,0,0.21283272145238563
17,1,0.4837893122239085
17,2,0.5603391396147319
17,3,0.13541251637946045
17,4,0.5563313696242057
17,5,0.3807246681042168
17,6,0.6649405840464645
17,7,0.5132955447373441
17,8,0.31651997479070054
17,9,0.4371924093841084
17,10,0.8516150198308015
17,11,0.758685612860644
17,12,0.5529003332610632
17,13,0.23336774361157933
17,14,0.23504439727542242
17,15,0.28595675062869524
17,16,0.7627144805427818
17,18,0.4907899614821258
17,19,0.3828731104681889
17,20,0.5610797159300895
17,21,0.13282900450551302
17,22,0.9869145821447073
17,23,0.13336921729036422
17,24,0.18277934114716712
17,25,0.37263059103384477
17,26,0.8201304561723589
17,27,0.3148849598125186
17,28,0.8575975546456133
17,29,0.5372107994358084
17,30,0.7305319982967373
17,31,0.4210450653465614
17,32,0.4370099503564191
17,33,0.8866132333359559
17,34,0.3929731550799694
17,35,0.3887868334681627
17,36,0.8359413286550488
17,37,0.7502957539882771
17,38,0.4491442259255608
17,39,0.9378019740803889
17,40,0.6651095634622248
17,41,0.730427880425898
17,42,0.7675498654664228
17,43,0.10844556239575844
17,44,0.2708429441281604
17,45,0.6577683925775275
17,46,0.39669080793285594
17,47,0.061593551760481396
17,48,0.4468455210189032
17,49,0.8307876709192433
17,50,0.7060737966007368
17,51,0.430471583229828
17,52,0.36410951556325943
17,53,0.10176325629855654
17,54,0.295524927385227
17,55,0.3595566653394101
17,56,0.34931366457028606
17,57,0.30719535529512476
17,58,0.4903469574510941
17,59,0.7023623532730106
17,60,0.40616229219418454
17,61,0.3371951122172217
17,62,0.3140452708245159
17,63,0.29374836861212333
17,64,0.37249813880624344
17,65,0.7252899325688056
17,66,0.06998869047632225
17,67,0.3780294903093597
17,68,0.5010547977560329
17,69,0.7858285746613962
18,0,0.33420489911236895
18,1,0.4984469324608093
18,2,0.7688166794871896
18,3,0.5294411046630472
18,4,0.650932442218161
18,5,0.1117372465988826
18,6,0.5810910774326175
18,7,0.8691203468731249
18,8,0.5912121607602165
18,9,0.20159448028238608
18,10,0.9794820404953231
18,11,0.736484439748817
18,12,0.47487292997801417
18,13,0.5209972683523686
18,14,0.7248134225418497
18,15,0.36051159222232676
18,16,0.7384163865357828
18,17,0.4907899614821258
18,19,0.2530103801727892
18,20,0.1348715499575909
18,21,0.35808306126142336
18,22,1.1838859367757881
18,23,0.4114219701052673
18,24,0.6735367943762041
18,25,0.34072497408489405
18,26,1.0679528769042923
18,27,0.6346616108424961
18,28,1.002672221012481
18,29,0.357059395174394
18,30,0.8121203682528205
18,31,0.9071988381961019
18,32,0.16861257967800936
18,33,0.6116712244816812
18,34,0.6968933866996103
18,35,0.872934791117726
18,36,0.9179096895309123
18,37,0.7982893238614208
18,38,0.6846079746430848
18,39,0.6746219684043029
18,40,0.9765574129677304
18,41,0.9411510036062756
18,42,0.47484473841818586
18,43,0.4022355990846691
18,44,0.6145764333968909
18,45,0.9891986554210616
18,46,0.8761383202363243
18,47,0.49153556890460415
18,48,0.10075182222654011
18,49,0.995939618604283
18,50,0.9246939319472524
18,51,0.06260680046198583
18,52,0.2669636145469732
18,53,0.39234501915971925
18,54,0.25275969024213973
18,55,0.8399150099510698
18,56,0.3218495883331288
18,57,0.4911606451981001
18,58,0.44304777637739723
18,59,0.7698658453469912
18,60,0.09420903269747778
18,61,0.8247598903360418
18,62,0.19958016944933107
18,63,0.5874633471126424
18,64,0.8005121880356194
18,65,0.7517264389928524
18,66,0.42140316994512267
18,67,0.21352125309876838
18,68,0.20493146185782007
18,69,0.6932438772583631
19,0,0.3469605169460715
19,1,0.25057046422262214
19,2,0.5166112435143407
19,3,0.35631975452359116
19,4,0.4000618068037967
19,5,0.21792026197598222
19,6,0.3699522268451882
19,7,0.6364545016787186
19,8,0.35930127338959866
19,9,0.07093368636012796
19,10,0.7316254721125552
19,11,0.5129584369439233
19,12,0.2508248414214265
19,13,0.3074283334784468
19,14,0.6050747230020014
19,15,0.13386069326010455
19,16,0.515636432281868
19,17,0.3828731104681889
19,18,0.2530103801727892
19,20,0.22983421162497733
19,21,0.28044648128864047
19,22,0.9318591900005198
19,23,0.37729165820551164
19,24,0.5495497405748496
19,25,0.08789779573335736
19,26,0.8153802024155041
19,27,0.40947512881516906
19,28,0.7532286179796485
19,29,0.17241746485501494
19,30,0.5673587869881107
19,31,0.750133699760794
19,32,0.0937665722190951
19,33,0.5155157284046891
19,34,0.46122332249045106
19,35,0.7134457602785209
19,36,0.6756752424705927
19,37,0.5592345101288129
19,38,0.4370545685374158
19,39,0.5715578002015561
19,40,0.7310856987679656
19,41,0.6881469074437496
19,42,0.3888826378137455
19,43,0.3455449840343551
19,44,0.4000186624854473
19,45,0.7469705957283456
19,46,0.7092415910251714
19,47,0.4151085937350185
19,48,0.3014344887142125
19,49,0.7447160873435281
19,50,0.6718130332786288
19,51,0.23347407169241868
19,52,0.021676893151428324
19,53,0.28747210237703524
19,54,0.322377216812898
19,55,0.6761953901944472
19,56,0.428509680221595
19,57,0.25305400195111183
19,58,0.203964250721894
19,59,0.5261911681489446
19,60,0.2443317931168086
19,61,0.6748625091780583
19,62,0.2696799995609469
19,63,0.3614131262676936
19,64,0.5992283854426955
19,65,0.5156877510698861
19,66,0.3199936670481607
19,67,0.3508422952978833
19,68,0.12906716889789596
19,69,0.4932748138237912
20,0,0.4405420609442057
20,1,0.4383389821397441
20,2,0.7296639561548202
20,3,0.5691872887017787
20,4,0.5921062718011795
20,5,0.2176435481020198
20,6,0.48331455512301497
20,7,0.8657161335905953
20,8,0.5890973695804662
20,9,0.15940763660827725
20,10,0.9078483567261265
20,11,0.641900294257264
20,12,0.3914393144234629
20,13,0.5346246639762867
20,14,0.7951863102835354
20,15,0.36156973160412326
20,16,0.6432495879706219
20,17,0.5610797159300895
20,18,0.1348715499575909
20,19,0.22983421162497733
20,21,0.43390334653079043
20,22,1.1225826885818468
20,23,0.506653701118057
20,24,0.7411686756307045
20,25,0.31036597793912746
20,26,1.023825746301949
20,27,0.6391859014747872
20,28,0.9343152609371292
20,29,0.26428348609026225
20,30,0.737391327224587
20,31,0.9607750852194382
20,32,0.13907927718332663
20,33,0.47862970690720913
20,34,0.6903481787686943
20,35,0.9249049764102728
20,36,0.8379554975969136
20,37,0.7163202455303285
20,38,0.6602614103624523
20,39,0.5417385595320754
20,40,0.9543474878177817
20,41,0.8922148461150504
20,42,0.3426171006887155
20,43,0.48892553095412516
20,44,0.6282003003506578
20,45,0.972570704086836
20,46,0.9238985245132745
20,47,0.574664254288418
20,48,0.23526577914502494
20,49,0.9328294414827722
20,50,0.8786622947451757
20,51,0.18120733048356125
20,52,0.25033689244006285
20,53,0.4593210017031404
20,54,0.37016736854128757
20,55,0.8892324334684902
20,56,0.4510360841976832
20,57,0.4825794314223624
20,58,0.3749305006367543
20,59,0.694313862117078
20,60,0.21466150187350838
20,61,0.8815332644992744
20,62,0.31162164473320125
20,63,0.591097136318362
20,64,0.8253494954688092
20,65,0.6674593896473326
20,66,0.49147642079027487
20,67,0.34417322814115603
20,68,0.11983582308091745
20,69,0.5858180723105925
21,0,0.12088272401251238
21,1,0.4411104266051451
21,2,0.5889478210981565
21,3,0.20733162249095322
21,4,0.5460345494039508
21,5,0.24790207641823428
21,6,0.6098138461226696
