siteNum=70
demandLowerBound=0
demandUpperBound=1000
fixedCostLowerBound=500
fixedCostUpperBound=1500
coordinateLowerBound=0
coordinateUpperBound=1
facilityFailProbility=0.05
Coordinate: index, x, y
0,0.6970763856967692,0.8948280176591425
1,0.31584157572961924,0.12664933884551877
2,0.20245135839181017,0.8757741504137926
3,0.9777075510583094,0.12076355184860565
4,0.999388245578545,0.33245542200887523
5,0.5004501485753575,0.6875223616539218
6,0.07666351679462091,0.254007925144043
7,0.3765611786087415,0.062162212144072915
8,0.6129013214098685,0.967096827761802
9,0.1600025187522034,0.792273974887919
10,0.7748692104863231,0.81504262327952
11,0.7315068923043566,0.9943736984411413
12,0.39618838902426134,0.6350282323018311
13,0.49242056812587887,0.0680676627246597
14,0.3345729097489679,0.20501973419703323
15,0.7483679971122147,0.8464123739305428
16,0.9543023710405343,0.2688511486465389
17,0.8464010106998429,0.30553822459866453
18,0.8428917112980796,0.73461746357236
19,0.7812266669557584,0.28469903465349045
20,0.2183245824005754,0.10797177154368487
21,0.9930760601977033,0.38896141979929943
22,0.4271591956235393,0.06965807778201383
23,0.31441345288088385,0.2997445357558334
24,0.022928086885042887,0.039407388735149484
25,0.24515327159637423,0.11730428065110232
26,0.4034772074713574,0.11751973355519885
27,0.18100648199922997,0.7775503375387791
28,0.15178452558970523,0.33669794282696264
29,0.9064567010499436,0.8963622919023425
30,0.15370531658742637,0.4247467123116365
31,0.1946982492956113,0.3615997583464541
32,0.3511266155415097,0.8957522438088088
33,0.7373933848755126,0.5003670765193959
34,0.5897867587379276,0.017778825387098407
35,0.5877380571255324,0.8537517636156611
36,0.9312129606193236,0.2344926309709946
37,0.2546741759991259,0.6680842037082708
38,0.4019673190665666,0.5499985078338663
39,0.13056065274941342,0.44426251413638573
40,0.3467581324843274,0.9028910453114115
41,0.22468711804721808,0.34396142028540244
42,0.47951934859419776,0.36207953379061986
43,0.07069131188966049,0.18420684693255318
44,0.7061573215025966,0.9315007194745705
45,0.011906398004340235,0.6151876057739318
46,0.9640981914961309,0.7103691042298665
47,0.1359515081471433,0.8800020142416808
48,0.11732146495377926,0.07019780957058408
49,0.30605786784235955,0.41538338035377
50,0.3664765886788901,0.7673848266875202
51,0.8190948181213098,0.14145105628478338
52,0.2662246618890355,0.4430317587249064
53,0.37183412803989413,0.6143163784246556
54,0.7328174978401267,0.04753360464434375
55,0.7268869835479458,0.37233807383926487
56,0.1222210881786786,0.039702582719201795
57,0.35620989960313376,0.4304018190301899
58,0.3442077891547849,0.5671897412406631
59,0.9040851304955384,0.8409583944919732
60,0.18289571472113653,0.14457161467268453
61,0.6317907080450327,0.6585520491180437
62,0.3221024039282532,0.02961497400678137
63,0.6838917906190797,0.932981770716991
64,0.8213893389734374,0.7911672094859011
65,0.2424557954088653,0.9464138848842307
66,0.8965474171608068,0.7049593855167599
67,0.8233733792215218,0.9997186073343468
68,0.6452259031391202,0.7798134352038647
69,0.8207434986894256,0.7608125490805686
Demand:index, demand
0,711
1,274
2,37
3,694
4,985
5,479
6,204
7,860
8,695
9,927
10,967
11,39
12,265
13,700
14,363
15,916
16,703
17,789
18,803
19,55
20,823
21,536
22,17
23,404
24,210
25,109
26,153
27,836
28,444
29,247
30,841
31,776
32,144
33,595
34,136
35,822
36,154
37,725
38,878
39,470
40,798
41,425
42,579
43,229
44,554
45,744
46,886
47,806
48,749
49,749
50,58
51,210
52,989
53,387
54,632
55,914
56,139
57,211
58,210
59,72
60,723
61,221
62,29
63,535
64,667
65,354
66,231
67,292
68,870
69,131
Fixcost:index, fixedCost
0,1463
1,709
2,857
3,1014
4,747
5,1417
6,654
7,1285
8,776
9,1080
10,823
11,709
12,782
13,938
14,1135
15,528
16,955
17,1005
18,1330
19,1172
20,764
21,953
22,623
23,1346
24,1202
25,1316
26,1060
27,899
28,1247
29,1451
30,688
31,1437
32,950
33,517
34,508
35,1465
36,654
37,970
38,1397
39,1039
40,992
41,1335
42,926
43,826
44,1404
45,1387
46,925
47,1382
48,1129
49,1125
50,1020
51,995
52,1080
53,994
54,1237
55,1011
56,956
57,933
58,740
59,1452
60,743
61,897
62,664
63,506
64,867
65,556
66,1477
67,1118
68,1286
69,670
TransCost:start_index, end_index, transCost
0,1,0.8575770886133407
0,2,0.4949918862905077
0,3,0.8233648329888325
0,4,0.6384789714341401
0,5,0.2857227889690995
0,6,0.8919431141448736
0,7,0.8922232577380736
0,8,0.11094242813891406
0,9,0.5467775326798927
0,10,0.11143353510075019
0,11,0.10533186767359021
0,12,0.3975292630905305
0,13,0.85171397085935
0,14,0.7792587747386486
0,15,0.07053299908020184
0,16,0.6767660216610266
0,17,0.6079147175694709
0,18,0.21663224787877275
0,19,0.61590473755239
0,20,0.9210570238645744
0,21,0.5861030814924548
0,22,0.8681939409912122
0,23,0.7074993078338812
0,24,1.0891374482495149
0,25,0.8993206673201427
0,26,0.8309083258646855
0,27,0.5292279279826432
0,28,0.7802899417083349
0,29,0.20938593662146485
0,30,0.7184904678436906
0,31,0.7326091512283615
0,32,0.3459510047166399
0,33,0.3965159448340425
0,34,0.8835872054970083
0,35,0.11679952371904763
0,36,0.7006159851366873
0,37,0.49712420209676483
0,38,0.4538686506619395
0,39,0.7238434558947088
0,40,0.35041103143128605
0,41,0.7256759802367732
0,42,0.575458088358361
0,43,0.9472806917557043
0,44,0.03778029186696217
0,45,0.740038290897014
0,46,0.3245392665238848
0,47,0.5613207092050116
0,48,1.0080331086913217
0,49,0.618678140510831
0,50,0.3543134102927693
0,51,0.7631941717420311
0,52,0.6243020643046657
0,53,0.4294989009435997
0,54,0.848047905146482
0,55,0.5233396728102538
0,56,1.0303873652980393
0,57,0.576091707382394
0,58,0.48152163668934095
0,59,0.21390314799772064
0,60,0.9095418806339434
0,61,0.24512966572098288
0,62,0.9429735404079577
0,63,0.04036759120584125
0,64,0.16186189639163576
0,65,0.45753795778174144
0,66,0.27538843451558837
0,67,0.16417358610873875
0,68,0.12616190676596076
0,69,0.18235597235701712
1,0,0.8575770886133407
1,2,0.7576577886454526
1,3,0.6618921451311923
1,4,0.7138572642542756
1,5,0.5904734311401112
1,6,0.2709729753681577
1,7,0.0885745995418926
1,8,0.8914014102127618
1,9,0.6836241421908591
1,10,0.8274005580878984
1,11,0.9621451136075108
1,12,0.5146889446242932
1,13,0.18604288036043612
1,14,0.08057779931033789
1,15,0.8397249144028299
1,16,0.6541051458746764
1,17,0.5599058380495108
1,18,0.8046161110036291
1,19,0.4914905792388642
1,20,0.09928955387275802
1,21,0.726260404240142
1,22,0.12505845167942808
1,23,0.17310108817766476
1,24,0.3056296284821907
1,25,0.07130334111310054
1,26,0.08810989526455347
1,27,0.6647199505063516
1,28,0.2665241672628651
1,29,0.970198050070499
1,30,0.33933790032358957
1,31,0.26434334711348817
1,32,0.7699118861645781
1,33,0.563356792136437
1,34,0.2947859426671422
1,35,0.7762767758358475
1,36,0.6247496434553071
1,37,0.5448790358223893
1,38,0.4320210209566962
1,39,0.3677052481794949
1,40,0.7768571428124017
1,41,0.23565584205596793
1,42,0.2867364469714251
1,43,0.25181643829978695
1,44,0.8945010487969292
1,45,0.5753661708097847
1,46,0.8723333103724795
1,47,0.7745325622214877
1,48,0.20639042986517225
1,49,0.28889975366156295
1,50,0.6427331249566187
1,51,0.5034708698791833
1,52,0.32024939304829453
1,53,0.49087096818420445
1,54,0.4244151493739343
1,55,0.47887501687952105
1,56,0.21224662918490175
1,57,0.30642318905509747
1,58,0.44145270211717785
1,59,0.9253474518807377
1,60,0.13414846227263216
1,61,0.6186633554738151
1,62,0.09723613489536699
1,63,0.886359380481721
1,64,0.8349625987559296
1,65,0.8230427593359543
1,66,0.8195497448923992
1,67,1.009870525926646
1,68,0.7315171713053795
1,69,0.810610220157712
2,0,0.4949918862905077
2,1,0.7576577886454526
2,3,1.0821567207264935
2,4,0.9645224947062764
2,5,0.3524798078218792
2,6,0.6343625304034536
2,7,0.8320328212222053
2,8,0.420486627063851
2,9,0.09367061065030353
2,10,0.5756305375712416
2,11,0.542185955882095
2,12,0.30901882487293647
2,13,0.8581794176330003
2,14,0.6836428828030814
2,15,0.5467056706766786
2,16,0.9662481437472911
2,17,0.8601396199442695
2,18,0.6558117533795481
2,19,0.8272548883351177
2,20,0.7679664395265127
2,21,0.9284794310021072
2,22,0.8368492902958361
2,23,0.5868097030259275
2,24,0.8554168370176687
2,25,0.7596709792595492
2,26,0.7844495858139763
2,27,0.10053755586445647
2,28,0.541452015909439
2,29,0.704306321185
2,30,0.45365397222176834
2,31,0.5142328423569178
2,32,0.15001152057168565
2,33,0.6535238655385458
2,34,0.9413738312322846
2,35,0.3859155681511392
2,36,0.9707396458680753
2,37,0.21415493606589936
2,38,0.3820162141353883
2,39,0.43745921615685135
2,40,0.1468324590745429
2,41,0.532277379694145
2,42,0.5836512917337019
2,43,0.7040071342668065
2,44,0.5067791903508376
2,45,0.3228199640301148
2,46,0.7794002358743213
2,47,0.06663411224823428
2,48,0.8100619357080691
2,49,0.47190461955461654
2,50,0.19660244573394373
2,51,0.9588949697429686
2,52,0.4374162911958888
2,53,0.3115295960052262
2,54,0.983499183288825
2,55,0.7269667173465787
2,56,0.8399122350375442
2,57,0.4711668521421046
2,58,0.3395868419821172
2,59,0.7024970370164662
2,60,0.7314639919186732
2,61,0.4811628814154233
2,62,0.8545769272077005
2,63,0.48482739361955923
2,64,0.6246939716850471
2,65,0.0811808294310026
2,66,0.7148055838516393
2,67,0.633171686316266
2,68,0.4530538117484374
2,69,0.6288889731382682
3,0,0.8233648329888325
3,1,0.6618921451311923
3,2,1.0821567207264935
3,4,0.21279920208222636
3,5,0.740938713198813
3,6,0.910842694814575
3,7,0.6039959255859602
3,8,0.921609244261511
3,9,1.0580962943462033
3,10,0.7233027177005281
3,11,0.907639494843802
3,12,0.7762942080000594
3,13,0.4881396445016778
3,14,0.6486303038835195
3,15,0.7610274922715319
3,16,0.1499257775602705
3,17,0.22667837839282545
3,18,0.6284838387650161
3,19,0.25588978162519654
3,20,0.7594906995683373
3,21,0.26863783695984716
3,22,0.5529152386681896
3,23,0.6870176513579572
3,24,0.9582393492669424
3,25,0.7325624471096052
3,26,0.5742395056534421
3,27,1.0325219006380009
3,28,0.8536840781029049
3,29,0.7788646154498603
3,30,0.8782855140887278
3,31,0.8192103789669551
3,32,0.9965997899956103
3,33,0.4492769017105377
3,34,0.4013581879055469
3,35,0.8302697903619352
3,36,0.12286598543989154
3,37,0.9068280748860629
3,38,0.7181361028200536
3,39,0.9068127954079902
3,40,1.0048982957639332
3,41,0.7854024834484171
3,42,0.5535565808614882
3,43,0.9092323739324005
3,44,0.8550054281359459
3,45,1.085000927345378
3,46,0.5897625980566286
3,47,1.1335767634150173
3,48,0.8618707046038862
3,49,0.7334263018957653
3,50,0.8897878187779231
3,51,0.15995615614767955
3,52,0.7810663856189969
3,53,0.7814582505427018
3,54,0.25560470131189555
3,55,0.3552473746575047
3,56,0.8593183163918363
3,57,0.6943595518659718
3,58,0.7749956715407741
3,59,0.7239481142869469
3,60,0.7951683337741161
3,61,0.6394332882135495
3,62,0.6619110002001853
3,63,0.8637280452458488
3,64,0.6883868444434968
3,65,1.1055738856482764
3,66,0.5898065270997688
3,67,0.892401829984951
3,68,0.7381671863159729
3,69,0.6590147438363598
4,0,0.6384789714341401
4,1,0.7138572642542756
4,2,0.9645224947062764
4,3,0.21279920208222636
4,5,0.6123820345748733
4,6,0.9260534190173503
4,7,0.6789491694149321
4,8,0.743062484889
4,9,0.957079672739717
4,10,0.5322585874826035
4,11,0.7140701814997406
4,12,0.6748335887281289
4,13,0.5717666597844603
4,14,0.676918965078
4,15,0.5719815675078258
4,16,0.0779630660813699
4,17,0.15533714801119347
4,18,0.43153849528901467
4,19,0.2233274432765124
4,20,0.8126828134414844
4,21,0.056857466269378695
4,22,0.629689232673626
4,23,0.6857554000594259
4,24,1.0194859446413855
4,25,0.7843216238287952
4,26,0.633488212604656
4,27,0.9315890697028181
4,28,0.8476143374918875
4,29,0.5715131056078411
4,30,0.850704001784843
4,31,0.8052175994465011
4,32,0.8588052459249303
4,33,0.31118423924624106
4,34,0.5165217696123842
4,35,0.6642332071087831
4,36,0.11935065105479112
4,37,0.8168511030380998
4,38,0.6357961604356306
4,39,0.8759921300509914
4,40,0.8667888236761734
4,41,0.7747865673813974
4,42,0.5207122603228957
4,43,0.9404550146898555
4,44,0.666962999910938
4,45,1.027160107785112
4,46,0.37955782053195547
4,47,1.0224139426924603
4,48,0.9202287002498735
4,49,0.6982721954704012
4,50,0.7679458004921876
4,51,0.2626564061848482
4,52,0.7414553032314095
4,53,0.6879460510761969
4,54,0.39017996560577894
4,55,0.27540436402732144
4,56,0.924730472588163
4,57,0.6505934839983588
4,58,0.6959609407896807
4,59,0.5173567016756148
4,60,0.8378307573759028
4,61,0.4913928772506557
4,62,0.7419086522248228
4,63,0.6783582450185826
4,64,0.4920367005854157
4,65,0.9746238906655962
4,66,0.38643943745266235
4,67,0.6900879593713944
4,68,0.5705787910288541
4,69,0.4641161211423197
5,0,0.2857227889690995
5,1,0.5904734311401112
5,2,0.3524798078218792
5,3,0.740938713198813
5,4,0.6123820345748733
5,6,0.6062424234071213
5,7,0.6375137594392528
5,8,0.30134224458473013
5,9,0.35619866525203087
5,10,0.30260079091958
5,11,0.38411581809494905
5,12,0.11673109320624311
5,13,0.6195067378065693
5,14,0.5102196035664134
5,15,0.29446442166144426
5,16,0.617468561497388
5,17,0.5153580114508012
5,18,0.3456648268260572
5,19,0.49102147208601377
5,20,0.6445725107282851
5,21,0.5760372599084771
5,22,0.6221959796311217
5,23,0.43009451798780973
5,24,0.8050343703982269
5,25,0.6247600781882275
5,26,0.5781926559078825
5,27,0.33188746972057354
5,28,0.4946165075058117
5,29,0.4565692029894965
5,30,0.43506668500081486
5,31,0.44688898762431933
5,32,0.2562366120208991
5,33,0.30194237526749507
5,34,0.6756755392098553
5,35,0.1877535433903211
5,36,0.6251340153300496
5,37,0.24654344582671964
5,38,0.16914986868921175
5,39,0.44271163587218487
5,40,0.2645844018654262
5,41,0.44054440121296146
5,42,0.32611521368300816
5,43,0.6618301633113135
5,44,0.3191251793240037
5,45,0.49386973295618564
5,46,0.4642106002135181
5,47,0.41219858749675625
5,48,0.7265515747822014
5,49,0.3344368160828904
5,50,0.15597092059924206
5,51,0.6322406946548157
5,52,0.3385812067053307
5,53,0.14799052915285607
5,54,0.6808672367671982
5,55,0.3880911948468242
5,56,0.7501517767142754
5,57,0.29481557432179767
5,58,0.1972095697800408
5,59,0.43181456066555274
5,60,0.6289962894230445
5,61,0.134497663809576
5,62,0.6816524398411506
5,63,0.3064329576486319
5,64,0.3372598677807502
5,65,0.3654940588659497
5,66,0.39648088980686913
5,67,0.4491613392845694
5,68,0.1716905977813224
5,69,0.3285715777426983
6,0,0.8919431141448736
6,1,0.2709729753681577
6,2,0.6343625304034536
6,3,0.910842694814575
6,4,0.9260534190173503
6,5,0.6062424234071213
6,7,0.35601037226188165
6,8,0.8922145292109853
6,9,0.5446794741443473
6,10,0.8956847231115851
6,11,0.9884135393238981
6,12,0.497265138975158
6,13,0.45544232008043717
6,14,0.26252066171320776
6,15,0.8956170720909497
6,16,0.8777643646024966
6,17,0.7714604210751026
6,18,0.9044839271542142
6,19,0.7052312931002895
6,20,0.20345617628128654
6,21,0.9262960625125062
6,22,0.39602031147423206
6,23,0.2421092101909315
6,24,0.22122587248003342
6,25,0.21697162001240455
6,26,0.35416975429438163
6,27,0.5338390318848839
6,28,0.11171752318590264
6,29,1.0493692682416633
6,30,0.18731570238176912
6,31,0.1597128693888999
6,32,0.6979726091418265
6,33,0.7051643709381357
6,34,0.5648890590145872
6,35,0.7879656449104382
6,36,0.8547722495774938
6,37,0.450718270386305
6,38,0.43981017361316943
6,39,0.19774152294542147
6,40,0.7028516237889116
6,41,0.17321263757571057
6,42,0.4170998607172961
6,43,0.07005610430871356
6,44,0.9248021066885117
6,45,0.3669390223646526
6,46,0.9979007103109897
6,47,0.6287954083036851
6,48,0.1882530938275415
6,49,0.2804706862343367
6,50,0.589531559522794
6,51,0.7509149658363731
6,52,0.2677002752914379
6,53,0.4657766323554409
6,54,0.6878733109139201
6,55,0.6609028527756144
6,56,0.21909420828091727
6,57,0.33054649588468016
6,58,0.41190142947834835
6,59,1.0144640852623545
6,60,0.15251749383556615
6,61,0.6868931115591878
6,62,0.33255442236946026
6,63,0.9108960750293906
6,64,0.9182356162633702
6,65,0.7119782951269187
6,66,0.9357172808556844
6,67,1.0553009239919813
6,68,0.7744253492590626
6,69,0.9002810373988869
7,0,0.8922232577380736
7,1,0.0885745995418926
7,2,0.8320328212222053
7,3,0.6039959255859602
7,4,0.6789491694149321
7,5,0.6375137594392528
7,6,0.35601037226188165
7,8,0.9352878282338887
7,9,0.7615515998642416
7,10,0.8517500817315325
7,11,0.9974992305035022
7,12,0.5732021497169075
7,13,0.11600979478407636
7,14,0.14890025630922424
7,15,0.8679220163976593
7,16,0.6136001971194519
7,17,0.5291326405143533
7,18,0.818327703852071
7,19,0.4618190065726157
7,20,0.16473413766409434
7,21,0.6977738325164792
7,22,0.05115024269240404
7,23,0.2455762616905557
7,24,0.3543644247810905
7,25,0.14250854621602482
7,26,0.061554267004948066
7,27,0.7416345524055564
7,28,0.3548160243901456
7,29,0.9882707310104544
7,30,0.425596352191869
7,31,0.3503383637771572
7,32,0.8339779720647521
7,33,0.5676472357384831
7,34,0.21779585175445182
7,35,0.8192738809574522
7,36,0.5808066567633127
7,37,0.6180597877764581
7,38,0.4884974138778037
7,39,0.454441304797091
7,40,0.8412569122908937
7,41,0.3201195463893538
7,42,0.3170974370605862
7,43,0.32931940156541323
7,44,0.9297220325119353
7,45,0.662427501706492
7,46,0.8748553688811426
7,47,0.8524992407120919
7,48,0.2593642225942271
7,49,0.360188715120899
7,50,0.705294715007527
7,51,0.4495806300380496
7,52,0.39652964382821076
7,53,0.5521744003012868
7,54,0.35655653289440065
7,55,0.467907292938095
7,56,0.25532981916312697
7,57,0.3688015491247374
7,58,0.5060627895375895
7,59,0.94064074622245
7,60,0.21047000149171843
7,61,0.6487086791018831
7,62,0.06344352488682956
7,63,0.9234602366489749
7,64,0.8540025634638333
7,65,0.8943630552225157
7,66,0.8267852770698336
7,67,1.0385822725131681
7,68,0.7662923803393841
7,69,0.8278950578266174
8,0,0.11094242813891406
8,1,0.8914014102127618
8,2,0.420486627063851
8,3,0.921609244261511
8,4,0.743062484889
8,5,0.30134224458473013
8,6,0.8922145292109853
8,7,0.9352878282338887
8,9,0.4854692115219152
8,10,0.22215777770004425
8,11,0.1217017219322095
8,12,0.39652748600056276
8,13,0.9070661781255317
8,14,0.8113126408936354
8,15,0.18142755474953065
8,16,0.7772397989630068
8,17,0.7015567620069498
8,18,0.32702023517644674
8,19,0.7028514565626489
8,20,0.9454029115615155
8,21,0.6919345214341944
8,22,0.9164586445971848
8,23,0.7310636698021562
8,24,1.0993980683707198
8,25,0.925951403296371
8,26,0.8750083991022406
8,27,0.4716577405973613
8,28,0.7810451033804277
8,29,0.3019571749087638
8,30,0.7106367697872803
8,31,0.7358807719980032
8,32,0.27132277142158834
8,33,0.48304754896462543
8,34,0.9495993642795959
8,35,0.11610466586548594
8,36,0.7987685577260251
8,37,0.46662108509207734
8,38,0.4674014996031471
8,39,0.7113425617436194
8,40,0.27377834010659635
8,41,0.7341716446058617
8,42,0.6195455404378375
8,43,0.9523173927355971
8,44,0.0998186579677928
8,45,0.6964445408496823
8,46,0.435026856168992
8,47,0.4848367054106497
8,48,1.024708369711797
8,49,0.6313007469091821
8,50,0.31719084519359647
8,51,0.8510033478453374
8,52,0.62835412216454
8,53,0.42727910919420753
8,54,0.9273491309532893
8,55,0.6055829476963044
8,56,1.0492031152364871
8,57,0.59492185909293
8,58,0.48179029891181835
8,59,0.31733092351897707
8,60,0.9281446805057078
8,61,0.309122450423418
8,62,0.9815478778584512
8,63,0.07876219801221056
8,64,0.2727975147509434
8,65,0.3710224681339889
8,66,0.38622680676193777
8,67,0.2129851347440746
8,68,0.19005248672927563
8,69,0.292833697322121
9,0,0.5467775326798927
9,1,0.6836241421908591
9,2,0.09367061065030353
9,3,1.0580962943462033
9,4,0.957079672739717
9,5,0.35619866525203087
9,6,0.5446794741443473
9,7,0.7615515998642416
9,8,0.4854692115219152
9,10,0.6152881113378036
9,11,0.6061860665253929
9,12,0.28374282171998566
9,13,0.7968541536106262
9,14,0.6126519114653867
9,15,0.5908509984562126
9,16,0.9512537570889159
9,17,0.8414597912898971
9,18,0.6853188473937076
9,19,0.8022167800945179
9,20,0.6867830578938143
9,21,0.9255660660096922
9,22,0.7704196419790369
9,23,0.5161666252192779
9,24,0.7652434229818837
9,25,0.6803195858183644
9,26,0.7173375845746434
9,27,0.025650574435505905
9,28,0.45565014693295597
9,29,0.7536764717096343
9,30,0.36758120666312594
9,31,0.43206952509005464
9,32,0.21733884262227984
9,33,0.6469852004472408
9,34,0.8857523522635461
9,35,0.4321310094107741
9,36,0.9517802126891738
9,37,0.15615960409636076
9,38,0.3424096472464364
9,39,0.3492546353137524
9,40,0.2170571250374846
9,41,0.45295501321896303
9,42,0.5358714973790782
9,43,0.6145910215510239
9,44,0.563621464260826
9,45,0.23085069440341943
9,46,0.808256307592475
9,47,0.09096515816498038
9,48,0.7233364783230077
9,49,0.404201292979317
9,50,0.20796877470002975
9,51,0.9262683900828957
9,52,0.36503872293639483
9,53,0.27666141189619226
9,54,0.9395505411301914
9,55,0.705481507494208
9,56,0.7535191681748667
9,57,0.4116415837661479
9,58,0.29085132607684744
9,59,0.7456735920032077
9,60,0.6481068166977241
9,61,0.4903729692670779
9,62,0.7796955331404071
9,63,0.5424561300089452
9,64,0.6613877462517808
9,65,0.1748074789163528
9,66,0.7417022481351893
9,67,0.6950497637224528
9,68,0.4853833513884788
9,69,0.6614895795719175
10,0,0.11143353510075019
10,1,0.8274005580878984
10,2,0.5756305375712416
10,3,0.7233027177005281
10,4,0.5322585874826035
10,5,0.30260079091958
10,6,0.8956847231115851
10,7,0.8517500817315325
10,8,0.22215777770004425
10,9,0.6152881113378036
10,11,0.1844991196638541
10,12,0.4192902878701701
10,13,0.7985917776105594
10,14,0.752322243222639
10,15,0.04106550335996582
10,16,0.5749098938687903
10,17,0.5145012446213586
10,18,0.10533407298024516
10,19,0.530381692038381
10,20,0.8998283794288456
10,21,0.4787059861962435
10,22,0.822496428625925
10,23,0.6910511006557822
10,24,1.0802895308339595
10,25,0.8760352565324704
10,26,0.7902342700698546
10,27,0.5950450502072933
10,28,0.7855241294002221
10,29,0.154687285119872
10,30,0.7336044446443123
10,31,0.7363482708390514
10,32,0.43136044048631295
10,33,0.31689925407611
10,34,0.8184650740105195
10,35,0.19109282064929287
10,36,0.6012334503128373
10,37,0.5405549472421981
10,38,0.4574977636631691
10,39,0.7433783739854228
10,40,0.4370313951668966
10,41,0.724305070156945
10,42,0.5407467996752517
10,43,0.945420694501285
10,44,0.1352176462488812
10,45,0.7887041785438798
10,46,0.21625020888833466
10,47,0.6422114549247402
10,48,0.9935606846911921
10,49,0.6160451164059492
10,50,0.4111639564975916
10,51,0.6750418531447576
10,52,0.630167723835813
10,53,0.4502535986043141
10,54,0.768660159122879
10,55,0.44529721781868936
10,56,1.0134602853825945
10,57,0.568528070443983
10,58,0.49689064285642187
10,59,0.13178915426302784
10,60,0.8944070622880405
10,61,0.21203951910488497
10,62,0.9065839031015788
10,63,0.14895144653200987
10,64,0.05228917419766878
10,65,0.5483816672082088
10,66,0.16408505482173188
10,67,0.19093944975125296
10,68,0.13434464199360985
10,69,0.07103063610700029
11,0,0.10533186767359021
11,1,0.9621451136075108
11,2,0.542185955882095
11,3,0.907639494843802
11,4,0.7140701814997406
11,5,0.38411581809494905
11,6,0.9884135393238981
11,7,0.9974992305035022
11,8,0.1217017219322095
11,9,0.6061860665253929
11,10,0.1844991196638541
11,12,0.4914953333215702
11,13,0.9566635470289228
11,14,0.883536228671564
11,15,0.14891893904494558
11,16,0.7589603386249798
11,17,0.6983516080497456
11,18,0.2826302875763139
11,19,0.7114142143740885
11,20,1.0242384777021922
11,21,0.6595016730249629
11,22,0.9735124547564423
11,23,0.8102324424898044
11,24,1.189136062930959
11,25,1.002891124698151
11,26,0.9362031563009359
11,27,0.5916612811221542
11,28,0.8767071472230152
11,29,0.2005334670119458
11,30,0.811375106980705
11,31,0.8297989988375772
11,32,0.39295718120932366
11,33,0.4940416918614507
11,34,0.9868242712527537
11,35,0.2011069529447889
11,36,0.7856855289626963
11,37,0.5777839334146083
11,38,0.553231995059032
11,39,0.8147138748863971
11,40,0.39547526345740636
11,41,0.8245619534963975
11,42,0.6806567658050421
11,43,1.0454891480078359
11,44,0.06779094499978816
11,45,0.8133922573205706
11,46,0.3670930699329917
11,47,0.6064380411429242
11,48,1.109650761609028
11,49,0.7184961105354576
11,50,0.4298500557925776
11,51,0.8574081165068935
11,52,0.7214329410487965
11,53,0.52326672343247
11,54,0.9468410008591721
11,55,0.6220527805827767
11,56,1.1325308518106016
11,57,0.6774305230035789
11,58,0.5766166218467194
11,59,0.2309101638797823
11,60,1.011502746287156
11,61,0.3503134276006631
11,62,1.0480321710113254
11,63,0.07769277120933817
11,64,0.22219750532518653
11,65,0.49139710936379843
11,66,0.3331651532954555
11,67,0.09202184235048949
11,68,0.23125854719724648
11,69,0.25002796325562365
12,0,0.3975292630905305
12,1,0.5146889446242932
12,2,0.30901882487293647
12,3,0.7762942080000594
12,4,0.6748335887281289
12,5,0.11673109320624311
12,6,0.497265138975158
12,7,0.5732021497169075
12,8,0.39652748600056276
12,9,0.28374282171998566
12,10,0.4192902878701701
12,11,0.4914953333215702
12,13,0.5750694912355518
12,14,0.4344004785087927
12,15,0.4107477713695981
12,16,0.6675154481480975
12,17,0.5579023838380985
12,18,0.4576700483050225
12,19,0.5205622174124654
12,20,0.5562589743398045
12,21,0.6456189032347265
12,22,0.5662178048093967
12,23,0.3451120069641191
12,24,0.7029135383844489
12,25,0.5393048273558302
12,26,0.5175598256717264
12,27,0.258100375032856
12,28,0.38566074480026613
12,29,0.5732968175080189
12,30,0.32096161463295575
12,31,0.3396489463805787
12,32,0.2645894434887784
12,33,0.3668166791062174
12,34,0.6468981056490881
12,35,0.29074259835823685
12,36,0.6683412752059644
12,37,0.1453236723102839
12,38,0.08522587679532478
12,39,0.3270315787591136
12,40,0.2723854563940761
12,41,0.3378351299142057
12,42,0.2853857754720976
12,43,0.5560470022663941
12,44,0.4289250222966117
12,45,0.38479383971583314
12,46,0.5728854953012115
12,47,0.35740087857553504
12,48,0.6299207630990514
12,49,0.23741813712479287
12,50,0.13565050371134274
12,51,0.649975596816204
12,52,0.23184739859841902
12,53,0.031970469485513395
12,54,0.677103459176346
12,55,0.42233597972825904
12,56,0.6553401490703844
12,57,0.20849520048387615
12,58,0.0854636977449887
12,59,0.5480568690353214
12,60,0.5348284385553949
12,61,0.2367737795567069
12,62,0.6099294602714929
12,63,0.4141854154160229
12,64,0.4529627225653003
12,65,0.3472675265179331
12,66,0.5052222513188805
12,67,0.561681480459513
12,68,0.2880667256312182
12,69,0.4427964944421912
13,0,0.85171397085935
13,1,0.18604288036043612
13,2,0.8581794176330003
13,3,0.4881396445016778
13,4,0.5717666597844603
13,5,0.6195067378065693
13,6,0.45544232008043717
13,7,0.11600979478407636
13,8,0.9070661781255317
13,9,0.7968541536106262
13,10,0.7985917776105594
13,11,0.9566635470289228
13,12,0.5750694912355518
13,14,0.20897787714408456
13,15,0.8193470423861217
13,16,0.5036355905638858
13,17,0.42625628614909006
13,18,0.7530728113579311
13,19,0.3610237028577231
13,20,0.27698546404345187
13,21,0.5946669026195746
13,22,0.06528074877744418
13,23,0.29216554652345217
13,24,0.47036645421078926
13,25,0.2521217175846707
13,26,0.10176654024751425
13,27,0.7748189458831615
13,28,0.43381463882924426
13,29,0.9260118315071946
13,30,0.4918820651731736
13,31,0.41809050490269895
13,32,0.8396581130444447
13,33,0.4968847593894607
13,34,0.1095862319594278
13,35,0.7914448370556854
13,36,0.46929312137076423
13,37,0.645401577642343
13,38,0.49034592863922105
13,39,0.521981958102915
13,40,0.8474359121907775
13,41,0.3844457903944438
13,42,0.2942947872340103
13,43,0.4374287092476086
13,44,0.8894942626192226
13,45,0.7281717515599118
13,46,0.7968882745704544
13,47,0.8867398614562723
13,48,0.3751051515589977
13,49,0.39415639506316363
13,50,0.7105676475691824
13,51,0.3348151550639208
13,52,0.4379071377445098
13,53,0.5594003476370977
13,54,0.2412723178428947
13,55,0.3841288625457922
13,56,0.3712845710730431
13,57,0.38709092865249833
13,58,0.5206629208158287
13,59,0.8756870417922242
13,60,0.31883928481116147
13,61,0.6067090294988658
13,62,0.17460494358775594
13,63,0.8858541884798032
13,64,0.7944138762126869
13,65,0.9132220286334856
13,66,0.7542874628893077
13,67,0.9886876381164228
13,68,0.7279639517520968
13,69,0.7666103471165104
14,0,0.7792587747386486
14,1,0.08057779931033789
14,2,0.6836428828030814
14,3,0.6486303038835195
14,4,0.676918965078
14,5,0.5102196035664134
14,6,0.26252066171320776
14,7,0.14890025630922424
14,8,0.8113126408936354
14,9,0.6126519114653867
14,10,0.752322243222639
14,11,0.883536228671564
14,12,0.4344004785087927
14,13,0.20897787714408456
14,15,0.7632895208440089
14,16,0.6230080695009974
14,17,0.5216051877000476
14,18,0.7340720393584181
14,19,0.45370515728628535
14,20,0.15143308973426092
14,21,0.6837111545478198
14,22,0.16399694618945082
14,23,0.09684622724489689
14,24,0.3529163421935481
14,25,0.12525922113005952
14,26,0.11137348139003606
14,27,0.5927680317752291
14,28,0.2252792578368932
14,29,0.897221044585612
14,30,0.2845927461609383
14,31,0.2099576733524522
14,32,0.6909308395274072
14,33,0.49949413189551906
14,34,0.31653319991389506
14,35,0.6963805266086991
14,36,0.5973675601728212
14,37,0.46990691692988734
14,38,0.35150015742136065
14,39,0.3144170936179547
14,40,0.6979776834037115
14,41,0.17714310415875434
14,42,0.21372236846500542
14,43,0.26470110306733746
14,44,0.8159960766009304
14,45,0.5218729353735152
14,46,0.8072670352190943
14,47,0.7035989905823802
14,48,0.2556856304636161
14,49,0.21228747310967827
14,50,0.5632693334285983
14,51,0.4886741823590514
14,52,0.24763119109954557
14,53,0.4109892229298926
14,54,0.4282530010932594
14,55,0.42650411402632804
14,56,0.2691153223006157
14,57,0.22641829319577852
14,58,0.36229814366505875
14,59,0.8536756698169472
14,60,0.1632787391105797
14,61,0.5422453137663532
14,62,0.17584750044519895
14,63,0.8074356984594078
14,64,0.7619442883507802
14,65,0.7470949400360963
14,66,0.7521668710748093
14,67,0.9329909956276669
14,68,0.6533705541416699
14,69,0.7384223010086269
15,0,0.07053299908020184
15,1,0.8397249144028299
15,2,0.5467056706766786
15,3,0.7610274922715319
15,4,0.5719815675078258
15,5,0.29446442166144426
15,6,0.8956170720909497
15,7,0.8679220163976593
15,8,0.18142755474953065
15,9,0.5908509984562126
15,10,0.04106550335996582
15,11,0.14891893904494558
15,12,0.4107477713695981
15,13,0.8193470423861217
15,14,0.7632895208440089
15,16,0.6131769200783806
15,17,0.5496865626596261
15,18,0.14639957146619387
15,19,0.5626735889533682
15,20,0.9089777471053075
15,21,0.5187903348893813
15,22,0.8405488270998823
15,23,0.6979701080659776
15,24,1.0851359866305348
15,25,0.8859027439067813
15,26,0.8063709679622864
15,27,0.5715252128185792
15,28,0.7846786856854818
15,29,0.16579213678006693
15,30,0.7289894606902327
15,31,0.7359303376521358
15,32,0.40029381458099833
15,33,0.3462192801883151
15,34,0.8436714804567139
15,35,0.16079752566838576
15,36,0.6386533116672891
15,37,0.5249138265468591
15,38,0.4559107475864802
15,39,0.7371637704615421
15,40,0.40556173844111343
15,41,0.7257400525788822
15,42,0.5539475569473777
15,43,0.9475029549721277
15,44,0.09498298628091381
15,45,0.77190710604943
15,46,0.2550436982161551
15,47,0.6133369546118488
15,48,1.0003643214717866
15,49,0.617595534114781
15,50,0.38998256506982015
15,51,0.7085003476265187
15,52,0.6286319403465025
15,53,0.4423192350423394
15,54,0.7990301033401954
15,55,0.47456071892939405
15,56,1.0211956907484812
15,57,0.571710377053313
15,58,0.49123390793232136
15,59,0.15581261669337362
15,60,0.9012987038203385
15,61,0.22109221145239602
15,62,0.921336175592108
15,63,0.10794184389621517
15,64,0.09156497453573091
15,65,0.5157009385538783
15,66,0.2048562629189718
15,67,0.17067105362604637
15,68,0.12277503894796563
15,69,0.11209613393377635
16,0,0.6767660216610266
16,1,0.6541051458746764
16,2,0.9662481437472911
16,3,0.1499257775602705
16,4,0.0779630660813699
16,5,0.617468561497388
16,6,0.8777643646024966
16,7,0.6136001971194519
16,8,0.7772397989630068
16,9,0.9512537570889159
16,10,0.5749098938687903
16,11,0.7589603386249798
16,12,0.6675154481480975
16,13,0.5036355905638858
16,14,0.6230080695009974
16,15,0.6131769200783806
16,17,0.11396773712454226
16,18,0.4789056224600294
16,19,0.17379975499214675
16,20,0.7533561437649303
16,21,0.1262136133990562
16,22,0.5635226764462566
16,23,0.6406342396021404
16,24,0.9592197329853204
16,25,0.7251612913288253
16,26,0.5712351162302244
16,27,0.9256140647093714
16,28,0.805380704851812
16,29,0.6293325377310903
16,30,0.8156341522824134
16,31,0.7652455333898676
16,32,0.8699574559353305
16,33,0.31725247538509055
16,34,0.44261602221252366
16,35,0.6902739496947812
16,36,0.04139599751739056
16,37,0.8055225903417128
16,38,0.6197724156632769
16,39,0.8422111169987136
16,40,0.8781324457994042
16,41,0.7334711789199113
16,42,0.48384961527302217
16,43,0.8876559928634388
16,44,0.7075877467344668
16,45,1.0040214696560972
16,46,0.44162661061226777
16,47,1.0213733476628655
16,48,0.8602326349772088
16,49,0.6645996019076073
16,50,0.7707625954534559
16,51,0.18577369539358563
16,52,0.709781528893537
16,53,0.6772115467783311
16,54,0.31310861428546516
16,55,0.24985456200407674
16,56,0.8630575453326311
16,57,0.6195266124158871
16,58,0.6791327666056102
16,59,0.5743069492847899
16,60,0.781353717581629
16,61,0.5058463843860364
16,62,0.6759517332421257
16,63,0.7170713808091588
16,64,0.5389619109955892
16,65,0.982759792002319
16,66,0.43991593397341516
16,67,0.7425022848904356
16,68,0.5971689219092907
16,69,0.509768566999488
17,0,0.6079147175694709
17,1,0.5599058380495108
17,2,0.8601396199442695
17,3,0.22667837839282545
17,4,0.15533714801119347
17,5,0.5153580114508012
17,6,0.7714604210751026
17,7,0.5291326405143533
17,8,0.7015567620069498
17,9,0.8414597912898971
17,10,0.5145012446213586
17,11,0.6983516080497456
17,12,0.5579023838380985
17,13,0.42625628614909006
17,14,0.5216051877000476
17,15,0.5496865626596261
17,16,0.11396773712454226
17,18,0.4290935894423697
17,19,0.06842489985409646
17,20,0.6584166637911668
17,21,0.1687394430555081
17,22,0.481043805875014
17,23,0.5320191053943344
17,24,0.8654093124374781
17,25,0.6300244927231692
17,26,0.48117818782717897
17,27,0.8158096062114629
17,28,0.6953150289090758
17,29,0.5938684740316564
17,30,0.7028783594511189
17,31,0.6541096122119406
17,32,0.7704864145276316
17,33,0.22325085448572748
17,34,0.3855597828412279
17,35,0.6061720943043534
17,36,0.11063698849414023
17,37,0.6939598215123645
17,38,0.5072298653847358
17,39,0.7291583137963555
17,40,0.7787640195623831
17,41,0.622900077286928
17,42,0.3712129761128254
17,43,0.7851412866704568
17,44,0.6414805822087855
17,45,0.8900921288720864
17,46,0.42159301164792434
17,47,0.9136449755175113
17,48,0.7661214622831524
17,49,0.5513952033487106
17,50,0.6660553540909099
17,51,0.1663437012886388
17,52,0.596245811428444
17,53,0.5661781295650415
17,54,0.2818999792680496
17,55,0.13691538461630717
17,56,0.7714305857795796
17,57,0.5058440892336162
17,58,0.5662680883882313
17,59,0.5385185382186798
17,60,0.682751438887428
17,61,0.4131299339280418
17,62,0.5924716611617987
17,63,0.6481470899238833
17,64,0.48627265467549924
17,65,0.8806085594742568
17,66,0.4025567362125582
17,67,0.6945622186575942
17,68,0.5151780267991594
17,69,0.45599673075036273
18,0,0.21663224787877275
18,1,0.8046161110036291
18,2,0.6558117533795481
18,3,0.6284838387650161
18,4,0.43153849528901467
18,5,0.3456648268260572
18,6,0.9044839271542142
18,7,0.818327703852071
18,8,0.32702023517644674
18,9,0.6853188473937076
18,10,0.10533407298024516
18,11,0.2826302875763139
18,12,0.4576700483050225
18,13,0.7530728113579311
18,14,0.7340720393584181
18,15,0.14639957146619387
18,16,0.4789056224600294
18,17,0.4290935894423697
18,19,0.4541246198727441
18,20,0.8847422911997418
18,21,0.37687324029605485
18,22,0.784222232112656
18,23,0.6844002724775834
18,24,1.075015066645916
18,25,0.8592827288532008
18,26,0.7575583902021135
18,27,0.6632761780970331
18,28,0.7974767000533597
18,29,0.1737869310784044
18,30,0.7556439433629794
18,31,0.7478615998931528
18,32,0.5174913784850111
18,33,0.2569107641038537
18,34,0.7602103328722764
18,35,0.2815961091428841
18,36,0.5078636542086952
18,37,0.5919683635983585
18,38,0.47801514461646616
18,39,0.769234381469673
18,40,0.5238936212036094
18,41,0.7312927343226407
18,42,0.5204075163783343
18,43,0.9482854547847576
18,44,0.23970671623339715
18,45,0.8395237232167099
18,46,0.12360822696246104
18,47,0.7217347978339463
18,48,0.9838219650952952
18,49,0.6245806396037699
18,50,0.47754064659019146
18,51,0.5936435621307771
18,52,0.6461943276952524
18,53,0.4861765089273211
18,54,0.6958452138714479
18,55,0.380399070826634
18,56,1.0011357743375595
18,57,0.5739393210252132
18,58,0.5260396338769536
18,59,0.12269078262822296
18,60,0.8852958936430977
18,61,0.22438712273780295
18,62,0.8764987238806498
18,63,0.25422307748294165
18,64,0.06049979982176471
18,65,0.6366953849135669
18,66,0.061306903082602095
18,67,0.26581870083002884
18,68,0.20276697849218525
18,69,0.034303437532417914
19,0,0.61590473755239
19,1,0.4914905792388642
19,2,0.8272548883351177
19,3,0.25588978162519654
19,4,0.2233274432765124
19,5,0.49102147208601377
19,6,0.7052312931002895
19,7,0.4618190065726157
19,8,0.7028514565626489
19,9,0.8022167800945179
19,10,0.530381692038381
19,11,0.7114142143740885
19,12,0.5205622174124654
19,13,0.3610237028577231
19,14,0.45370515728628535
19,15,0.5626735889533682
19,16,0.17379975499214675
19,17,0.06842489985409646
19,18,0.4541246198727441
19,20,0.5899926120917557
19,21,0.23611609511694293
19,22,0.4142540131221326
19,23,0.4670556111838667
19,24,0.7969847728122489
19,25,0.5616010050557768
19,26,0.4130902720428918
19,27,0.776638060608013
19,28,0.6315863327991793
19,29,0.6243512646799926
19,30,0.642959094488549
19,31,0.5915482279809631
19,32,0.7472429850092623
19,33,0.22007739752232702
19,34,0.32847471222799784
19,35,0.6010481265866545
19,36,0.1581662772453817
19,37,0.6513384017419801
19,38,0.4628406458286912
19,39,0.6699453455527995
19,40,0.7555953080102048
19,41,0.5596858939173892
19,42,0.3114723865764594
19,43,0.7176065569599026
19,44,0.6511434758286025
19,45,0.8373030346658928
19,46,0.46328932927586075
19,47,0.8779326102167869
19,48,0.6976968487870333
19,49,0.49281212024663085
19,50,0.6363986182120346
19,51,0.1481687557463402
19,52,0.5387915336515785
19,53,0.5255947528607339
19,54,0.242055549091297
19,55,0.1031183901264319
19,56,0.7030729793696413
19,57,0.4492978454277274
19,58,0.5203715008170051
19,59,0.569665408350616
19,60,0.6145206442687393
19,61,0.4026129434578595
19,62,0.5252265862430839
19,63,0.6555490706495242
19,64,0.5080581190589055
19,65,0.8533115462967144
19,66,0.4357954083461338
19,67,0.7162606611224209
19,68,0.5134534812337583
19,69,0.4777506238722986
20,0,0.9210570238645744
20,1,0.09928955387275802
20,2,0.7679664395265127
20,3,0.7594906995683373
20,4,0.8126828134414844
20,5,0.6445725107282851
20,6,0.20345617628128654
20,7,0.16473413766409434
20,8,0.9454029115615155
20,9,0.6867830578938143
20,10,0.8998283794288456
20,11,1.0242384777021922
20,12,0.5562589743398045
20,13,0.27698546404345187
20,14,0.15143308973426092
20,15,0.9089777471053075
20,16,0.7533561437649303
20,17,0.6584166637911668
20,18,0.8847422911997418
20,19,0.5899926120917557
20,21,0.8241328987339649
20,22,0.21232012342132822
20,23,0.21449910051967538
20,24,0.20707695441469795
20,25,0.02840553273932392
20,26,0.18539864656780775
20,27,0.6706176978410364
20,28,0.2382083973966937
20,29,1.046463293817926
20,30,0.3232986430728865
20,31,0.25472604756014333
20,32,0.7988957707289653
20,33,0.6506969318121507
20,34,0.38225504049742376
20,35,0.8322584405599281
20,36,0.7240285682689476
20,37,0.5612906819288093
20,38,0.4786567562727222
20,39,0.34755427044040804
20,40,0.8052278116126675
20,41,0.23607540357498924
20,42,0.36440837081643157
20,43,0.16615465470848362
20,44,0.9571732912173907
20,45,0.5476096870429918
20,46,0.9586765995114498
20,47,0.7764122738611801
20,48,0.10783553188590743
20,49,0.3196858248431018
20,50,0.6758510148386377
20,51,0.6017023671506722
20,52,0.3384665605711754
20,53,0.529103053780485
20,54,0.5180306284918315
20,55,0.573171228910015
20,56,0.11788368735499868
20,57,0.35067577079433365
20,58,0.47615934878498173
20,59,1.003761385362398
20,60,0.05093871987118023
20,61,0.688544028446472
20,62,0.1300370099674313
20,63,0.9473089908283941
20,64,0.9112865120505965
20,65,0.838789301829853
20,66,0.9035377273957459
20,67,1.0776346624330218
20,68,0.7959999740439645
20,69,0.8883184291218975
21,0,0.5861030814924548
21,1,0.726260404240142
21,2,0.9284794310021072
21,3,0.26863783695984716
21,4,0.056857466269378695
21,5,0.5760372599084771
21,6,0.9262960625125062
21,7,0.6977738325164792
21,8,0.6919345214341944
21,9,0.9255660660096922
21,10,0.4787059861962435
21,11,0.6595016730249629
