siteNum=70
demandLowerBound=0
demandUpperBound=1000
fixedCostLowerBound=500
fixedCostUpperBound=1500
coordinateLowerBound=0
coordinateUpperBound=1
facilityFailProbility=0.05
Coordinate: index, x, y
0,0.8738346432596971,0.5097948038840618
1,0.28080170444521313,0.18281536069360838
2,0.2782050258914659,0.9272524940754064
3,0.9309017963543736,0.5800936724871192
4,0.16541344224756482,0.6281650666811867
5,0.3367184534029204,0.10917493148718505
6,0.17738393186572365,0.23984991189429272
7,0.4489576434218979,0.19444224600638582
8,0.41066163328065197,0.7808526936149175
9,0.8306417085375011,0.8492646171703307
10,0.8930652337477301,0.24633518587273517
11,0.5925193036377524,0.7595211890192253
12,0.09988890231131309,0.7617611626075405
13,0.3974575468282452,0.7201610867823511
14,0.39695049673920824,0.8611497947257327
15,0.4242147271634187,0.4075759232670999
16,0.8294182492192698,0.8838719310993137
17,0.8461506966141777,0.5616405757502119
18,0.30715928687658356,0.2150231878440464
19,0.42998981548419324,0.005185324813900438
20,0.8873439615841153,0.4504198685188293
21,0.39708039098931214,0.5144683973702354
22,0.08364060417779584,0.22068025869435992
23,0.3468019825497144,0.40791079253436957
24,0.2156769370799395,0.013332884366772157
25,0.9591760620609526,0.9141194502057419
26,0.4949661213701174,0.5896856099795624
27,0.029292845159885506,0.5181111961479007
28,0.1476751110738217,0.6489783573338219
29,0.1696302462051048,0.20306187920769614
30,0.3250673668488595,0.5053720532219113
31,0.8859640149454743,0.8722906443858028
32,0.6568834148816132,0.10349647729780309
33,0.8289061790663814,0.6386432995748068
34,0.15062522654868737,0.5066403799603679
35,0.3222750331648835,0.6308105265756305
36,0.4466394845419942,0.7399068568784006
37,0.2104734512621126,0.4845767420804288
38,0.5847993933173379,0.3205246575247044
39,0.533515812940961,0.7936952874364154
40,0.614357507817501,0.39667454836330684
41,0.5617363426105103,0.782737976120588
42,0.32992621696496427,0.06055784352851501
43,0.647606561044728,0.46008774261818197
44,0.9603104507790332,0.586038732009084
45,0.9449406411293236,0.26799202931822463
46,0.8404653132392126,0.43786875966027505
47,0.193684767674275,0.15595413266422997
48,0.02365432170580395,0.45672314262904623
49,0.001361704995048063,0.6588863064391871
50,0.7836710021365437,0.8738058242545829
51,0.3402169701035678,0.5459933460307911
52,0.48079311645771394,0.5970426025935885
53,0.5102751133401906,0.20570130945434406
54,0.6879088013644578,0.38983331002020327
55,0.12955549373388475,0.40932846108401855
56,0.28145836300179117,0.8209495512302771
57,0.8051733292613039,0.4388094001024945
58,0.8067601480295837,0.682676138320553
59,0.7414970907055762,0.5272297695887566
60,0.9737360569842368,0.8843598993921694
61,0.5557543394366202,0.855845671960211
62,0.06677981368236863,0.058303568754022095
63,0.08484508122931589,0.09356578098875212
64,0.39441843619516315,0.22771354927494125
65,0.5175347523614429,0.11976211878509624
66,0.722385222564877,0.8405158678170612
67,0.36633032658942355,0.49244122584852956
68,0.7669358911787383,0.4338649449984848
69,0.14144402611379336,0.053372496799135805
Demand:index, demand
0,423
1,755
2,621
3,457
4,745
5,835
6,143
7,615
8,803
9,831
10,260
11,213
12,135
13,688
14,110
15,591
16,912
17,586
18,609
19,960
20,214
21,178
22,450
23,620
24,232
25,144
26,752
27,570
28,569
29,892
30,498
31,601
32,149
33,581
34,351
35,9
36,378
37,833
38,366
39,808
40,425
41,617
42,528
43,121
44,460
45,98
46,149
47,680
48,853
49,192
50,770
51,518
52,228
53,52
54,147
55,855
56,636
57,925
58,857
59,971
60,92
61,193
62,551
63,364
64,837
65,900
66,847
67,425
68,914
69,595
Fixcost:index, fixedCost
0,1231
1,594
2,1052
3,850
4,1269
5,1328
6,1193
7,1023
8,879
9,959
10,652
11,1425
12,1449
13,1291
14,943
15,947
16,1236
17,1165
18,1448
19,1354
20,808
21,585
22,559
23,1315
24,697
25,951
26,1051
27,610
28,1187
29,1048
30,728
31,893
32,887
33,548
34,852
35,695
36,1344
37,549
38,728
39,1036
40,1197
41,709
42,869
43,864
44,863
45,1233
46,964
47,754
48,1010
49,932
50,967
51,512
52,568
53,854
54,1017
55,924
56,1327
57,1097
58,780
59,725
60,997
61,1165
62,638
63,1219
64,1358
65,566
66,696
67,516
68,1095
69,731
TransCost:start_index, end_index, transCost
0,1,0.6772027929564987
0,2,0.7273551843398919
0,3,0.09054607053429307
0,4,0.7182423805082322
0,5,0.6700672231691017
0,6,0.7469363012416386
0,7,0.5291197414113011
0,8,0.5366578209235316
0,9,0.34220663895156994
0,10,0.26416053061196065
0,11,0.3761669679002744
0,12,0.813928163820685
0,13,0.5207582077940817
0,14,0.592341809086549
0,15,0.4610930150251781
0,16,0.3767048090550083
0,17,0.058774016046794296
0,18,0.6387575949879352
0,19,0.6720334496961639
0,20,0.060892402081179256
0,21,0.4767771591991041
0,22,0.841423698050404
0,23,0.5367902544045933
0,24,0.8244064554178309
0,25,0.4132330787656804
0,26,0.3872000746092177
0,27,0.8445827437959817
0,28,0.7393779329512827
0,29,0.7681073622297464
0,30,0.5487850985429434
0,31,0.3626987124853842
0,32,0.460593275766759
0,33,0.13645695928217794
0,34,0.723216296006782
0,35,0.5646793856928951
0,36,0.48522908050230534
0,37,0.6638403585875056
0,38,0.3454917712654451
0,39,0.44318888843333254
0,40,0.2830628481916493
0,41,0.41461225806607327
0,42,0.7054432810254159
0,43,0.2316245607062272
0,44,0.1152874748706676
0,45,0.25204095841900864
0,46,0.07928977250376079
0,47,0.7666857725745054
0,48,0.8518351838154188
0,49,0.8851199377136948
0,50,0.37501134000423597
0,51,0.5348440478850917
0,52,0.40260876812420776
0,53,0.4739708695160171
0,54,0.22126721106956201
0,55,0.7510292527288682
0,56,0.6691240051053916
0,57,0.09875881525219964
0,58,0.18543716916227013
0,59,0.1334811066973097
0,60,0.38765874585408155
0,61,0.4700279597815828
0,62,0.9247604194294539
0,63,0.8920488375045824
0,64,0.556246109018301
0,65,0.528275598243584
0,66,0.3637490194595329
0,67,0.5078009236990383
0,68,0.13112088570037164
0,69,0.8629700681298769
1,0,0.6772027929564987
1,2,0.7444416621181411
1,3,0.7618793779344607
1,4,0.46005522676763017
1,5,0.09246402342373763
1,6,0.11810239504754545
1,7,0.1685574212997073
1,8,0.6119740621013099
1,9,0.863989954547264
1,10,0.615549671029691
1,11,0.6555589020607503
1,12,0.6065539411542106
1,13,0.5498627236937715
1,14,0.6882064707230208
1,15,0.26661696415180514
1,16,0.8902024646724104
1,17,0.6805351030690084
1,18,0.04161810040570064
1,19,0.23196879557821
1,20,0.662952247377994
1,21,0.3514462543280963
1,22,0.20076416502769087
1,23,0.23457192957694295
1,24,0.18156416250531823
1,25,0.9974955841545053
1,26,0.45979321137963597
1,27,0.41914198497883576
1,28,0.48479957642231447
1,29,0.11300006477508519
1,30,0.3255798961281727
1,31,0.9173862811664705
1,32,0.38435522396336125
1,33,0.7128798110231686
1,34,0.34901082862951666
1,35,0.44991077520854106
1,36,0.5812513263888855
1,37,0.3098483411158891
1,38,0.3337340936633656
1,39,0.6610890299574619
1,40,0.396226230976794
1,41,0.6624435186654136
1,42,0.1317578014148547
1,43,0.45981058774577743
1,44,0.7901400024800528
1,45,0.6695786675946962
1,46,0.6150411297895227
1,47,0.09116406223725386
1,48,0.37569967987013186
1,49,0.5520237845200132
1,50,0.8546024521921186
1,51,0.36800600922651755
1,52,0.4599791004065495
1,53,0.23061182112060202
1,54,0.45671941025689267
1,55,0.27236666628464573
1,56,0.6381345283969121
1,57,0.5835225352333407
1,58,0.7255984298408502
1,59,0.5752056362520969
1,60,0.9860642761536658
1,61,0.7270273388066902
1,62,0.247605646255714
1,63,0.21532414091241744
1,64,0.12216631725408207
1,65,0.2449862185733746
1,66,0.7921906087207715
1,67,0.3212216082065784
1,68,0.5471310092571222
1,69,0.19019994091252082
2,0,0.7273551843398919
2,1,0.7444416621181411
2,3,0.7392782436804683
2,4,0.31964860482441
2,5,0.8201674948505479
2,6,0.6947569380652563
2,7,0.7524409053663108
2,8,0.1974275928433611
2,9,0.557914327900904
2,10,0.9174428896748942
2,11,0.35626851655881614
2,12,0.24327766177694865
2,13,0.2389728326073805
2,14,0.13590457574403217
2,15,0.5397986394134444
2,16,0.552917616662329
2,17,0.6754512267470537
2,18,0.7128176021143129
2,19,0.9344765845015247
2,20,0.7735758500444236
2,21,0.4295603134832759
2,22,0.7328708194546594
2,23,0.5238524080524142
2,24,0.916056119951395
2,25,0.6810976647611023
2,26,0.401169258233083
2,27,0.4789090470917781
2,28,0.3073671320124771
2,29,0.7322844593779211
2,30,0.4244751881732859
2,31,0.6102391282909125
2,32,0.9066263273617617
2,33,0.6217451465499886
2,34,0.43953515870822646
2,35,0.29969985925291537
2,36,0.25192966208378215
2,37,0.4478274082792283
2,38,0.6797931845662812
2,39,0.2881338672024564
2,40,0.6281014628076463
2,41,0.3182364741197159
2,42,0.8682365454717162
2,43,0.5955672918971264
2,44,0.76268908611865
2,45,0.9376357187194077
2,46,0.7454079891163433
2,47,0.775915482745812
2,48,0.5349709632998306
2,49,0.3855679382305477
2,50,0.5082837786673166
2,51,0.38626936092922354
2,52,0.3874022546032899
2,53,0.7579529256599761
2,54,0.6757784866562297
2,55,0.5388339144492781
2,56,0.10635271439830885
2,57,0.718520875692778
2,58,0.5823985842468759
2,59,0.6120928993424478
2,60,0.6968523443970276
2,61,0.2865877800848765
2,62,0.8943002041679576
2,63,0.8558163376431763
2,64,0.7091264288030477
2,65,0.8422110330307244
2,66,0.4525696514919113
2,67,0.4436517864273405
2,68,0.6944703969706539
2,69,0.8845167158961798
3,0,0.09054607053429307
3,1,0.7618793779344607
3,2,0.7392782436804683
3,4,0.7669962706642794
3,5,0.7581677292432905
3,6,0.8267738437601205
3,7,0.6172496976851638
3,8,0.5576325060818856
3,9,0.2872369799846453
3,10,0.3358963126576569
3,11,0.3830103720083745
3,12,0.850638293890227
3,13,0.5515266520303861
3,14,0.6034041218027356
3,15,0.5352514921803218
3,16,0.3202813462326212
3,17,0.08673676087077666
3,18,0.7227248279166693
3,19,0.7625171609895993
3,20,0.13679393409606871
3,21,0.5378400966459231
3,22,0.9203420721572176
3,23,0.6089495353766686
3,24,0.9125592530213756
3,25,0.3352203070844262
3,26,0.43604118840866174
3,27,0.9037369795726888
3,28,0.7862500495020591
3,29,0.8495218338631259
3,30,0.6104249965064393
3,31,0.29563233007354617
3,32,0.5497553636366582
3,33,0.11760597254419464
3,34,0.7837262988893179
3,35,0.6107362246986427
3,36,0.5099512138892818
3,37,0.7267327462050204
3,38,0.432623331451933
3,39,0.4511554828685921
3,40,0.36584540683143935
3,41,0.4211268764078185
3,42,0.794411181060627
3,43,0.30766477463768216
3,44,0.030003544587077585
3,45,0.31241722876841976
3,46,0.16854282336202342
3,47,0.8505194275365411
3,48,0.9155972192474531
3,49,0.9328735501714087
3,50,0.32854791866923555
3,51,0.5916683160583917
3,52,0.4504276744939943
3,53,0.5631131750907443
3,54,0.30861724051033107
3,55,0.8193391569729069
3,56,0.6926675446777689
3,57,0.1891266587787823
3,58,0.16104133365463483
3,59,0.19664367457804258
3,60,0.30726651415138384
3,61,0.465590785610353
3,62,1.0094412876887853
3,63,0.9759720049335687
3,64,0.6418614702276083
3,65,0.6186901101465676
3,66,0.33361486982054184
3,67,0.5713351869737123
3,68,0.21969901866647182
3,69,0.9490409727252876
4,0,0.7182423805082322
4,1,0.46005522676763017
4,2,0.31964860482441
4,3,0.7669962706642794
4,5,0.5465310304782561
4,6,0.38849961654919024
4,7,0.5181822065583651
4,8,0.28889476738711584
4,9,0.7010090281142005
4,10,0.821748859172677
4,11,0.4468487973683491
4,12,0.14879980571432536
4,13,0.24961517218531326
4,14,0.32846809754473466
4,15,0.340055400289802
4,16,0.7115394466873088
4,17,0.6839800562708097
4,18,0.43678152034933465
4,19,0.6768341126539636
4,20,0.7434897647038036
4,21,0.25806299182896253
4,22,0.4156087893512909
4,23,0.28533094440120893
4,24,0.6168833206711538
4,25,0.8436995946839854
4,26,0.33179155640990066
4,27,0.17504476961869955
4,28,0.027346690121849513
4,29,0.42512410121720684
4,30,0.20141375274545104
4,31,0.760782771561566
4,32,0.7189018449597009
4,33,0.6635754705953923
4,34,0.12242116159451218
4,35,0.15688389708050135
4,36,0.3026124824607643
4,37,0.15049256252068982
4,38,0.5201222907169677
4,39,0.40360823739534
4,40,0.5051124964614752
4,41,0.4253993719843256
4,42,0.5909673534302082
4,43,0.510646835571822
4,44,0.7960124887495066
4,45,0.85871256578654
4,46,0.7013613284143354
4,47,0.47305648082078905
4,48,0.22245894358167165
4,49,0.16690346631462555
4,50,0.6652682106798027
4,51,0.19315399303548206
4,52,0.3169115754840514
4,53,0.5453486942856094
4,54,0.5742851439239928
4,55,0.22175493775990704
4,56,0.22501617967540286
4,57,0.6671943356304016
4,58,0.6436591131559621
4,59,0.5848592174359833
4,60,0.8479512024889986
4,61,0.4518898914985592
4,62,0.5783344356890128
4,63,0.5406363445607668
4,64,0.46130760349890615
4,65,0.6184359097479292
4,66,0.5960792118610445
4,67,0.24246351351081316
4,68,0.6321248245829845
4,69,0.5752921269245793
5,0,0.6700672231691017
5,1,0.09246402342373763
5,2,0.8201674948505479
5,3,0.7581677292432905
5,4,0.5465310304782561
5,6,0.20606659180441012
5,7,0.14095442774681627
5,8,0.6757356065706093
5,9,0.8897712766870581
5,10,0.5730049523199121
5,11,0.6988449968818505
5,12,0.6942312477252246
5,13,0.613997817123562
5,14,0.7543832540473688
5,15,0.31096422594441453
5,16,0.918100501037608
5,17,0.6813562721965724
5,18,0.10989812418562726
5,19,0.13969031920845604
5,20,0.647793607030457
5,21,0.4097637819484279
5,22,0.27655349530243517
5,23,0.29890599230469933
5,24,0.154391536911833
5,25,1.0175407376568888
5,26,0.5058980495734898
5,27,0.5116047040032556
5,28,0.5719485325050869
5,29,0.1916591451949375
5,30,0.39636839819638964
5,31,0.9402213984732324
5,32,0.32021531412572035
5,33,0.7229007608926274
5,34,0.43887295634501045
5,35,0.5218355166634877
5,36,0.6402385452270015
5,37,0.3960610053542487
5,38,0.3259031442698203
5,39,0.7122480736583328
5,40,0.3996742101263719
5,41,0.7101550714873892
5,42,0.04908926275072949
5,43,0.46881895918250027
5,44,0.7850261546214364
5,45,0.6286152242876131
5,46,0.6014985714646427
5,47,0.1504889660934759
5,48,0.4677594570109483
5,49,0.6439306984872841
5,50,0.8856788260954136
5,51,0.4368324242813191
5,52,0.5086967397626392
5,53,0.1985931918572238
5,54,0.4495595466032599
5,55,0.3647034866686521
5,56,0.7139165125570106
5,57,0.5728078679756337
5,58,0.741513876422306
5,59,0.581906859279667
5,60,1.0033459830678224
5,61,0.7781348945067974
5,62,0.27469030700137725
5,63,0.25235657548275975
5,64,0.1318358521846651
5,65,0.1811259851703748
5,66,0.8268001100554364
5,67,0.3844085267356726
5,68,0.5389903975400283
5,69,0.20309114621324723
6,0,0.7469363012416386
6,1,0.11810239504754545
6,2,0.6947569380652563
6,3,0.8267738437601205
6,4,0.38849961654919024
6,5,0.20606659180441012
6,7,0.2753436705823904
6,8,0.5891540509976032
6,9,0.8933823402042567
6,10,0.7157106850132244
6,11,0.6651282682046816
6,12,0.5276332374165842
6,13,0.5283287051874233
6,14,0.6589560082560164
6,15,0.29842495940910113
6,16,0.9164677365993946
6,17,0.7421578113696219
6,18,0.132128759152812
6,19,0.3447857318223578
6,20,0.7405288315998229
6,21,0.3516842997868161
6,22,0.09568326441866366
6,23,0.23863557048160572
6,24,0.22973096876180946
6,25,1.0323944716676512
6,26,0.4724864683196892
6,27,0.3152147082167697
6,28,0.41020567877664876
6,29,0.03759626298282563
6,30,0.30382956489390883
6,31,0.9497720854245529
6,32,0.49850979262073125
6,33,0.7638831092877337
6,34,0.26812904013023187
6,35,0.4169456001299125
6,36,0.5679396982724865
6,37,0.24695371571782004
6,38,0.41532610417882887
6,39,0.6584638309942178
6,40,0.4642627194635836
6,41,0.6651723279908022
6,42,0.23540347177171522
6,43,0.519243702969983
6,44,0.8560494338472423
6,45,0.7680724449611956
6,46,0.6920176171129906
6,47,0.08546472383783135
6,48,0.26583226149068234
6,49,0.4545055822602138
6,50,0.877202434101811
6,51,0.3467540924151519
6,52,0.46866166003181786
6,53,0.3346381116251826
6,54,0.5321002368822014
6,55,0.17609809235078458
6,56,0.5903458969559349
6,57,0.6585623777823748
6,58,0.7695514851416112
6,59,0.6330962316937031
6,60,1.0244851541946742
6,61,0.7229211172351757
6,62,0.21258491401490007
6,63,0.1730967528057552
6,64,0.2173735663947065
6,65,0.3607265706012633
6,66,0.8110647307511012
6,67,0.3154411386680755
6,68,0.6206555774342443
6,69,0.18990919716019308
7,0,0.5291197414113011
7,1,0.1685574212997073
7,2,0.7524409053663108
7,3,0.6172496976851638
7,4,0.5181822065583651
7,5,0.14095442774681627
7,6,0.2753436705823904
7,8,0.5876595931805902
7,9,0.7579413323865795
7,10,0.44712909656271493
7,11,0.5830301554125998
7,12,0.666107903536684
7,13,0.528235325869049
7,14,0.6687329054453917
7,15,0.2145650863669305
7,16,0.7874411490714953
7,17,0.5409223002159005
7,18,0.1432841550412231
7,19,0.1902050491336468
7,20,0.5076486060051263
7,21,0.3242036194688637
7,22,0.3662580681321452
7,23,0.23665290914122
7,24,0.29533115112515884
7,25,0.8821893861086402
7,26,0.3979121722289289
7,27,0.5299812564478162
7,28,0.5453203102752886
7,29,0.2794603601808909
7,30,0.33470307086196227
7,31,0.806506676933144
7,32,0.2269454984861184
7,33,0.5845301238855724
7,34,0.43182161340275643
7,35,0.454385034996191
7,36,0.5454695367977491
7,37,0.37556988127676616
7,38,0.18533687034405724
7,39,0.6051894676013085
7,40,0.26125661572229136
7,41,0.5990082646018148
7,42,0.17914662629039071
7,43,0.3317060782422441
7,44,0.6440725901959226
7,45,0.5014067257626913
7,46,0.4610148837895265
7,47,0.2581580445407424
7,48,0.49967407797076085
7,49,0.6450196968833742
7,50,0.7573426595354531
7,51,0.367984659954859
7,52,0.403857084211181
7,53,0.0623425907939819
7,54,0.3086670111601528
7,55,0.38495950261776185
7,56,0.6485116902879667
7,57,0.4319779170733959
7,58,0.6053056797253555
7,59,0.4430878739811404
7,60,0.8668210610006839
7,61,0.6699701680993849
7,62,0.4057014086596692
7,63,0.3778280285273987
7,64,0.06388665546191087
7,65,0.10139004523272593
7,66,0.701550971658905
7,67,0.30924208231398986
7,68,0.3980369264768933
7,69,0.33832720696289237
8,0,0.5366578209235316
8,1,0.6119740621013099
8,2,0.1974275928433611
8,3,0.5576325060818856
8,4,0.28889476738711584
8,5,0.6757356065706093
8,6,0.5891540509976032
8,7,0.5876595931805902
8,9,0.42551551663517556
8,10,0.7200154163811454
8,11,0.18310446569111263
8,12,0.31135859851680137
8,13,0.06211134388307379
8,14,0.08145931323095351
8,15,0.3735227350980024
8,16,0.4312424685536311
8,17,0.4875496660873036
8,18,0.5752180154620125
8,19,0.7759081425336289
8,20,0.5800102533729837
8,21,0.2667302821727421
8,22,0.6486415884911462
8,23,0.3783698145638081
8,24,0.7919000500952084
8,25,0.564471528947579
8,26,0.2089308511868787
8,27,0.4631147234151733
8,28,0.2941984898534034
8,29,0.6260498021474987
8,30,0.2884717692900598
8,31,0.48401782287166994
8,32,0.720719508212584
8,33,0.441760129292772
8,34,0.377903857860505
8,35,0.17414029680079812
8,36,0.05450658058837261
8,37,0.35756782248624464
8,38,0.4921644646673172
8,39,0.1235236077681973
8,40,0.43483888578679275
8,41,0.15108647222444294
8,42,0.7248054073395566
8,43,0.3987894840402156
8,44,0.5831520403924931
8,45,0.7405944363891792
8,46,0.5498810619187783
8,47,0.6614961615055736
8,48,0.5048114747454677
8,49,0.42708574185437365
8,50,0.3844167969144759
8,51,0.24519658178240242
8,52,0.19673478211512005
8,53,0.5837139368829526
8,54,0.47933511300266785
8,55,0.46588723640872587
8,56,0.13528208691980909
8,57,0.5221427897638308
8,58,0.40808414499435913
8,59,0.4168653109592338
8,60,0.5725089940576816
8,61,0.16332740180618746
8,62,0.8002074379106159
8,63,0.7606048421209447
8,64,0.5533775875952324
8,65,0.6696735112805944
8,66,0.31738193154638716
8,67,0.291798628324593
8,68,0.4973246872323279
8,69,0.7756968201351462
9,0,0.34220663895156994
9,1,0.863989954547264
9,2,0.557914327900904
9,3,0.2872369799846453
9,4,0.7010090281142005
9,5,0.8897712766870581
9,6,0.8933823402042567
9,7,0.7579413323865795
9,8,0.42551551663517556
9,10,0.606152287486003
9,11,0.25447232189680763
9,12,0.7359731777502975
9,13,0.45201353908305747
9,14,0.4338540360957763
9,15,0.600226451858622
9,16,0.034628933423981545
9,17,0.2880418683351515
9,18,0.8223722006864208
9,19,0.9343402973179159
9,20,0.40285515886909234
9,21,0.5477809095492059
9,22,0.9762832302335562
9,23,0.6549000526528665
9,24,1.037768534906417
9,25,0.14396954331990736
9,26,0.42433402031219786
9,27,0.8670770375759326
9,28,0.7117288522537308
9,29,0.9243993357230512
9,30,0.6114470627232754
9,31,0.059922913110306425
9,32,0.7657428178332042
9,33,0.21062846789600803
9,34,0.7614550437814116
9,35,0.5533162444090773
9,36,0.3992703692606837
9,37,0.7194483397503816
9,38,0.5830989529049667
9,39,0.30227760128915054
9,40,0.5016140208006908
9,41,0.2770124361715375
9,42,0.9342239443994195
9,43,0.4300703487848007
9,44,0.2934311662612252
9,45,0.5924036355221957
9,46,0.41151312832735915
9,47,0.941484770158245
9,48,0.8973948137472698
9,49,0.8508520585108875
9,50,0.05299545362535434
9,51,0.5766193614218864
9,52,0.43128874552596386
9,53,0.7188939326191723
9,54,0.4810923079615214
9,55,0.8276869589522735
9,56,0.5499128021541093
9,57,0.4112446030784609
9,58,0.16829156312119803
9,59,0.33414548619618917
9,60,0.14733523472552765
9,61,0.2749661360483347
9,62,1.0995928221498628
9,63,1.0617407123730618
9,64,0.7593526672995602
9,65,0.7938575824139587
9,66,0.10860942578978715
9,67,0.5855834628820428
9,68,0.420256253737913
9,69,1.0528236854892496
10,0,0.26416053061196065
10,1,0.615549671029691
10,2,0.9174428896748942
10,3,0.3358963126576569
10,4,0.821748859172677
10,5,0.5730049523199121
10,6,0.7157106850132244
10,7,0.44712909656271493
10,8,0.7200154163811454
10,9,0.606152287486003
10,11,0.5947165122401941
10,12,0.9459347917504466
10,13,0.6856660730315387
10,14,0.7900169843339441
10,15,0.4958017475966012
10,16,0.6407058920859596
10,17,0.31877650898434007
10,18,0.5867420385480517
10,19,0.5221035323464541
10,20,0.20416486143782703
10,21,0.5638230071166445
10,22,0.8098310973548454
10,23,0.5696579818430543
10,24,0.7163413829799073
10,25,0.6710487801278201
10,26,0.5257113438096815
10,27,0.9055191544345361
10,28,0.8471882662691135
10,29,0.7247280595302799
10,30,0.6242769220848563
10,31,0.6259957374861128
10,32,0.27601584778824134
10,33,0.39751986160955766
10,34,0.7867502515784248
10,35,0.6882025433620641
10,36,0.6655140449105694
10,37,0.7229734300934967
10,38,0.3170676679831205
10,39,0.6548884384277107
10,40,0.3166700497477954
10,41,0.6304813934509896
10,42,0.5929913769622133
10,43,0.3254844320706214
10,44,0.3462952764205679
10,45,0.05621456002699597
10,46,0.19862492674719692
10,47,0.7051962642443604
10,48,0.8945045703212864
10,49,0.9825139237031811
10,50,0.6369352399900051
10,51,0.628837193209559
10,52,0.5412614810217028
10,53,0.3849407593310997
10,54,0.2503614854207299
10,55,0.7807137316969074
10,56,0.8391928462629376
10,57,0.21159232031813993
10,58,0.44479432843043915
10,59,0.3191781150803478
10,60,0.6431044369176844
10,61,0.6966216132675986
10,62,0.8474098680384062
10,63,0.8225316443794093
10,64,0.49899438279304403
10,65,0.3962876275663783
10,66,0.6182089849017104
10,67,0.5813930213991539
10,68,0.22600004782001212
10,69,0.7759955148965824
11,0,0.3761669679002744
11,1,0.6555589020607503
11,2,0.35626851655881614
11,3,0.3830103720083745
11,4,0.4468487973683491
11,5,0.6988449968818505
11,6,0.6651282682046816
11,7,0.5830301554125998
11,8,0.18310446569111263
11,9,0.25447232189680763
11,10,0.5947165122401941
11,12,0.4926354938417704
11,13,0.19899323259274052
11,14,0.22039857469949486
11,15,0.39011780342293917
11,16,0.267552270544474
11,17,0.32169180998415664
11,18,0.614742557864428
11,19,0.7716465710063463
11,20,0.42715946117144404
11,21,0.31344415654493846
11,22,0.7411525342042778
11,23,0.4289602228632853
11,24,0.8359468614888121
11,25,0.39791682655965105
11,26,0.19585899846134203
11,27,0.6127828556574125
11,28,0.45837329033756197
11,29,0.6989149578970223
11,30,0.3689475866822434
11,31,0.3143672194395382
11,32,0.6591746060076853
11,33,0.2654999416788019
11,34,0.5091356194145709
11,35,0.2993299189023411
11,36,0.14719253936508372
11,37,0.4706946804669773
11,38,0.43906440493346205
11,39,0.06818563570895377
11,40,0.36350322116465705
11,41,0.03855658041002483
11,42,0.7466624990636053
11,43,0.304458527146521
11,44,0.40665278900528246
11,45,0.6048154379277365
11,46,0.4061249918310887
11,47,0.7234377503242669
11,48,0.6444331032513344
11,49,0.5996621432314256
11,50,0.22271046156355465
11,51,0.33053079620224246
11,52,0.1971852731536057
11,53,0.5598933522010786
11,54,0.3817961290470984
11,55,0.5804915468630066
11,56,0.3170683719219897
11,57,0.38480876570586564
11,58,0.22760558258225216
11,59,0.275959570554543
11,60,0.4011370297536917
11,61,0.10310222406213544
11,62,0.8764178012049628
11,63,0.8373946032684022
11,64,0.5675062284873114
11,65,0.6441384562941004
11,66,0.1530532420184268
11,67,0.3499902285284971
11,68,0.36942270541906114
11,69,0.837922956791052
12,0,0.813928163820685
12,1,0.6065539411542106
12,2,0.24327766177694865
12,3,0.850638293890227
12,4,0.14879980571432536
12,5,0.6942312477252246
12,6,0.5276332374165842
12,7,0.666107903536684
12,8,0.31135859851680137
12,9,0.7359731777502975
12,10,0.9459347917504466
12,11,0.4926354938417704
12,13,0.30046241779681165
12,14,0.31324701288020074
12,15,0.48024413003455213
12,16,0.7396783813128522
12,17,0.77262857500888
12,18,0.5847079829849445
12,19,0.8254535790768114
12,20,0.8467696686698017
12,21,0.38662189886419795
12,22,0.5413248117089593
12,23,0.43148134790942605
12,24,0.7573319989714032
12,25,0.872689790653276
12,26,0.43092459297592023
12,27,0.2536712625448756
12,28,0.1224887052478863
12,29,0.5630352958026802
12,30,0.3412341077662712
12,31,0.7938078161904054
12,32,0.8622965168428744
12,33,0.7393403803425881
12,34,0.2601168743769343
12,35,0.25807684954908894
12,36,0.34743859451163317
12,37,0.298429464781215
12,38,0.6556125667689872
12,39,0.43480120279364315
12,40,0.6308456086490573
12,41,0.4623235715557684
12,42,0.7379723984137242
12,43,0.6253011162763821
12,44,0.878181993485985
12,45,0.9787340794458039
12,46,0.8083066924811416
12,47,0.6130251396867196
12,48,0.31441994992763755
12,49,0.14244593585868853
12,50,0.6929011229930299
12,51,0.3229757434220972
12,52,0.41499424618608516
12,53,0.6911001392644865
12,54,0.6957713196249888
12,55,0.35367911409892683
12,56,0.1909731248191409
12,57,0.7757086848832444
12,58,0.7112815188726425
12,59,0.6831295936540149
12,60,0.8824054056901235
12,61,0.46547308371760887
12,62,0.7042363226219029
12,63,0.6683647092489439
12,64,0.609880725745685
12,65,0.7658921780074713
12,66,0.6274583430968674
12,67,0.37884595933865484
12,68,0.743281652457145
12,69,0.7096064614700538
13,0,0.5207582077940817
13,1,0.5498627236937715
13,2,0.2389728326073805
13,3,0.5515266520303861
13,4,0.24961517218531326
13,5,0.613997817123562
13,6,0.5283287051874233
13,7,0.528235325869049
13,8,0.06211134388307379
13,9,0.45201353908305747
13,10,0.6856660730315387
13,11,0.19899323259274052
13,12,0.30046241779681165
13,14,0.14098961971484616
13,15,0.3137282759799399
13,16,0.4619429498943783
13,17,0.47587214152828056
13,18,0.5131452744536413
13,19,0.71571550821976
13,20,0.5592396840288154
13,21,0.20569303518621126
13,22,0.5898831843017233
13,23,0.3163324713814999
13,24,0.7298289510635382
13,25,0.5942621787537193
13,26,0.162885764129659
13,27,0.4199635768253548
13,28,0.2597272534470636
13,29,0.5650635976450464
13,30,0.226659804763164
13,31,0.5116463345798457
13,32,0.6690119741872889
13,33,0.43908207876361
13,34,0.3263698616238171
13,35,0.1167729976064517
13,36,0.05299772102614536
13,37,0.30077073571629065
13,38,0.4413686022314511
13,39,0.15465810823694554
13,40,0.3894728920162179
13,41,0.17579360006246278
13,42,0.6630512190050498
13,43,0.36084993232396834
13,44,0.578612303304865
13,45,0.7100666131240646
13,46,0.5253045203045863
13,47,0.5998773479632152
13,48,0.45730558878244454
13,49,0.40080732855531986
13,50,0.4156531467631228
13,51,0.18333271814456992
13,52,0.1486707042910829
13,53,0.5266845980300353
13,54,0.43986176392394366
13,55,0.41035159467302335
13,56,0.15366888173659077
13,57,0.4953694892124479
13,58,0.41101549935661263
13,59,0.3944435332279861
13,60,0.5992146287684269
13,61,0.2084902424694902
13,62,0.739866972751937
13,63,0.700248692173299
13,64,0.4924569152632055
13,65,0.6122887031955028
13,66,0.34650146865132153
13,67,0.22983741841465924
13,68,0.4674181508502951
13,69,0.7142478187018939
14,0,0.592341809086549
14,1,0.6882064707230208
14,2,0.13590457574403217
14,3,0.6034041218027356
14,4,0.32846809754473466
14,5,0.7543832540473688
14,6,0.6589560082560164
14,7,0.6687329054453917
14,8,0.08145931323095351
14,9,0.4338540360957763
14,10,0.7900169843339441
14,11,0.22039857469949486
14,12,0.31324701288020074
14,13,0.14098961971484616
14,15,0.4543925562006896
14,16,0.43306425899228324
14,17,0.539894982213244
14,18,0.6523358440933896
14,19,0.856601873879912
14,20,0.6396755604558623
14,21,0.34668142168982236
14,22,0.7129967148319029
14,23,0.45600489754259915
14,24,0.8669795942939812
14,25,0.5647153005745692
14,26,0.2886171621225775
14,27,0.502839565745443
14,28,0.3273452867288251
14,29,0.6962429179918185
14,30,0.36296692096166666
14,31,0.48914040879855586
14,32,0.8010016675036159
14,33,0.48589592700400647
14,34,0.4316863026454679
14,35,0.2421417008942594
14,36,0.13102994118413333
14,37,0.42021536438886864
14,38,0.5723309767252264
14,39,0.15231610598662662
14,40,0.5128382424794714
14,41,0.1824905156343382
14,42,0.8033926352668564
14,43,0.472947388420586
14,44,0.6269454000507839
14,45,0.8075452513710473
14,46,0.6130841925063129
14,47,0.7339059056872754
14,48,0.550373465222211
14,49,0.44429833540926766
14,50,0.386927544093472
14,51,0.32022223564038194
14,52,0.27709600108479965
14,53,0.6651730493430393
14,54,0.5538916534716668
14,55,0.5250167665570254
14,56,0.12228856255723734
14,57,0.5873817241989026
14,58,0.446986349144326
14,59,0.4798071889846004
14,60,0.5772523637593859
14,61,0.15889239809939334
14,62,0.8680868288986069
14,63,0.8286102874905523
14,64,0.6334413061850277
14,65,0.7511299812553262
14,66,0.3260882084849138
14,67,0.369977842016893
14,68,0.5652092841638497
14,69,0.8472235357785158
15,0,0.4610930150251781
15,1,0.26661696415180514
15,2,0.5397986394134444
15,3,0.5352514921803218
15,4,0.340055400289802
15,5,0.31096422594441453
15,6,0.29842495940910113
15,7,0.2145650863669305
15,8,0.3735227350980024
15,9,0.600226451858622
15,10,0.4958017475966012
15,11,0.39011780342293917
15,12,0.48024413003455213
15,13,0.3137282759799399
15,14,0.4543925562006896
15,16,0.625338133623219
15,17,0.4491835698921922
15,18,0.22534092397885758
15,19,0.40243203819854695
15,20,0.4651067527136472
15,21,0.11028269682728531
15,22,0.38848516404556854
15,23,0.07741346889303413
15,24,0.4459995331996061
15,25,0.7367292409825947
15,26,0.19537066764666322
15,27,0.4100991824376704
15,28,0.36708213582292415
15,29,0.32655665995711347
15,30,0.1392633551638168
15,31,0.6551123390622935
15,32,0.3828825246802225
15,33,0.4660121282081137
15,34,0.29097247537619503
15,35,0.24540861705904302
15,36,0.3330866541584138
15,37,0.22718815797008732
15,38,0.18266186758904784
15,39,0.401291528366431
15,40,0.19045502621264554
15,41,0.3995732230973707
15,42,0.3595995979153743
15,43,0.22948072384497828
15,44,0.5650199987460863
15,45,0.5391095815560673
15,46,0.4173514182858201
15,47,0.3412588280590859
15,48,0.40356422982144985
15,49,0.4918959107850215
15,50,0.5887097198045511
15,51,0.16191048797291713
15,52,0.1977340049413436
15,53,0.2194532974711121
15,54,0.264290304577319
15,55,0.2946644451474937
15,56,0.43732955057266193
15,57,0.3822368200312497
15,58,0.47119117919176656
15,59,0.3390945902760238
15,60,0.7275277670423798
15,61,0.46717067244249094
15,62,0.49975083291808015
15,63,0.4623571412178107
15,64,0.1823137200913856
15,65,0.30256472556027564
15,66,0.5256830222813693
15,67,0.10272644942782914
15,68,0.34372795773345066
15,69,0.4532321002463782
16,0,0.3767048090550083
16,1,0.8902024646724104
16,2,0.552917616662329
16,3,0.3202813462326212
16,4,0.7115394466873088
16,5,0.918100501037608
16,6,0.9164677365993946
16,7,0.7874411490714953
16,8,0.4312424685536311
16,9,0.034628933423981545
16,10,0.6407058920859596
16,11,0.267552270544474
16,12,0.7396783813128522
16,13,0.4619429498943783
16,14,0.43306425899228324
16,15,0.625338133623219
16,17,0.32266549422884144
16,18,0.8485947590584152
16,19,0.9652114927524605
16,20,0.43730547527815267
16,21,0.5686607023440228
16,22,0.9980017485910965
16,23,0.6778329191460808
16,24,1.0651369067460337
16,25,0.13323664062693466
16,26,0.44542543411529517
16,27,0.8797622277941869
16,28,0.7210746822658025
16,29,0.948062516756193
16,30,0.6305806610585357
16,31,0.0577195792041431
16,32,0.799220944392623
16,33,0.2452291661593781
16,34,0.7765717035798825
16,35,0.5667753664808353
16,36,0.40895663007621497
16,37,0.7365658903939641
16,38,0.6141649088858104
16,39,0.3093381303003947
16,40,0.5325527318839831
16,41,0.28614975096151934
16,42,0.9629841001169609
16,43,0.4611382963531528
16,44,0.32532657885497485
16,45,0.6266206798777902
16,46,0.4461399629680592
16,47,0.9664478158886279
16,48,0.9119822335843737
16,49,0.858077019699437
16,50,0.04684161742145038
16,51,0.5945416972226135
16,52,0.4514538147851424
16,53,0.749511663178804
16,54,0.5139057140662309
16,55,0.8455763605078805
16,56,0.5515607516782312
16,57,0.44572241657904405
16,58,0.2024676185996074
16,59,0.36731969928294395
16,60,0.14431863272336257
16,61,0.27509526844142246
16,62,1.1239130323399844
16,63,1.0858052373207516
16,64,0.787253872247947
16,65,0.8253091062669398
16,66,0.11548080800780114
16,67,0.6063566781183767
16,68,0.4543240392119448
16,69,1.0784423220694277
17,0,0.058774016046794296
17,1,0.6805351030690084
17,2,0.6754512267470537
17,3,0.08673676087077666
17,4,0.6839800562708097
17,5,0.6813562721965724
17,6,0.7421578113696219
17,7,0.5409223002159005
17,8,0.4875496660873036
17,9,0.2880418683351515
17,10,0.31877650898434007
17,11,0.32169180998415664
17,12,0.77262857500888
17,13,0.47587214152828056
17,14,0.539894982213244
17,15,0.4491835698921922
17,16,0.32266549422884144
17,18,0.6408239644159793
17,19,0.6948613712658651
17,20,0.11860409266097185
17,21,0.4515410876178629
17,22,0.8352697641326224
17,23,0.5224767788958884
17,24,0.8355468184916234
17,25,0.3701568453666828
17,26,0.3523026111658506
17,27,0.8180168435741924
17,28,0.7039147900761068
17,29,0.7656752584717783
17,30,0.5241125672857209
17,31,0.3131909408968378
17,32,0.49569962566175535
17,33,0.07891003017274228
17,34,0.697696711362998
17,35,0.5284223621797521
17,36,0.4374792287168154
17,37,0.6403314725345566
17,38,0.3555859808213569
17,39,0.3893455530825193
17,40,0.2845028515926491
17,41,0.36024378580880734
17,42,0.7194245046701301
17,43,0.22300841169373395
17,44,0.11673782377538384
17,45,0.30982079006891156
17,46,0.1239023246041876
17,47,0.7683054591314354
17,48,0.829160994325077
17,49,0.8503676690103515
17,50,0.3183564897969165
17,51,0.5061756329761489
17,52,0.3670687468069245
17,53,0.4893926529187803
17,54,0.23357704075924315
17,55,0.7326033477026541
17,56,0.6213844030912942
17,57,0.129486070085445
17,58,0.12728402383847792
17,59,0.11016569706743622
17,60,0.3470241865240525
17,61,0.4133844250790424
17,62,0.9277753584644238
17,63,0.8936891257632633
17,64,0.5617555465804397
17,65,0.5506768649098925
17,66,0.30510542619235514
17,67,0.4847846300343148
17,68,0.15033827594520374
17,69,0.8688773972939765
18,0,0.6387575949879352
18,1,0.04161810040570064
18,2,0.7128176021143129
18,3,0.7227248279166693
18,4,0.43678152034933465
18,5,0.10989812418562726
18,6,0.132128759152812
18,7,0.1432841550412231
18,8,0.5752180154620125
18,9,0.8223722006864208
18,10,0.5867420385480517
18,11,0.614742557864428
18,12,0.5847079829849445
18,13,0.5131452744536413
18,14,0.6523358440933896
18,15,0.22534092397885758
18,16,0.8485947590584152
18,17,0.6408239644159793
18,19,0.24314454038510327
18,20,0.6261196802834025
18,21,0.31265514304587316
18,22,0.22359025910358174
18,23,0.19691920008826677
18,24,0.22146782800458967
18,25,0.9559610134152526
18,26,0.41909824342620816
18,27,0.4111837791181656
18,28,0.462333528373604
18,29,0.13804821596931732
18,30,0.2909006066588843
18,31,0.8757941668358908
18,32,0.36707652182364353
18,33,0.6720668259723095
18,34,0.33097356205676765
18,35,0.41606201080529487
18,36,0.5430999830231515
18,37,0.28636911392455516
18,38,0.2970094086206903
18,39,0.6213683897162566
18,40,0.3568864857735062
18,41,0.6221812904082165
18,42,0.15613415929951036
18,43,0.41947703452652213
18,44,0.7511717359693478
18,45,0.6399771511543015
18,46,0.5779926181473247
18,47,0.12792818214932664
18,48,0.37255057833743316
18,49,0.5390052218055019
18,50,0.8130547194475944
18,51,0.33261698097134856
18,52,0.41962785896624133
18,53,0.20332962493622644
18,54,0.41896153952122483
18,55,0.2632444615704854
18,56,0.6064711826084406
18,57,0.5459837499498984
18,58,0.6843247054974716
18,59,0.5349039890669249
18,60,0.9446354978896392
18,61,0.6873521341395104
18,62,0.28695527550621996
18,63,0.25332885290189133
18,64,0.0881771195551823
18,65,0.23093832024206226
18,66,0.7507687196254538
18,67,0.283658209384032
18,68,0.5092015716178244
18,69,0.23150052605766727
19,0,0.6720334496961639
19,1,0.23196879557821
19,2,0.9344765845015247
19,3,0.7625171609895993
19,4,0.6768341126539636
19,5,0.13969031920845604
19,6,0.3447857318223578
19,7,0.1902050491336468
19,8,0.7759081425336289
19,9,0.9343402973179159
19,10,0.5221035323464541
19,11,0.7716465710063463
19,12,0.8254535790768114
19,13,0.71571550821976
19,14,0.856601873879912
19,15,0.40243203819854695
19,16,0.9652114927524605
19,17,0.6948613712658651
19,18,0.24314454038510327
19,20,0.6382841168812875
19,21,0.5103452539340455
19,22,0.4079164653464078
19,23,0.41122745275456185
19,24,0.214467695881184
19,25,1.0517601094678533
19,26,0.588100759806788
19,27,0.6508847912732503
19,28,0.7029730158743734
19,29,0.3270202380495024
19,30,0.5110728749436262
19,31,0.979685717872955
19,32,0.24727674405457145
19,33,0.748600875581792
19,34,0.5740224262892966
19,35,0.6348301878530209
19,36,0.7349101585628959
19,37,0.5272604338560706
19,38,0.3512903359663792
19,39,0.7952770544309565
19,40,0.4327300060449082
19,41,0.7886350695752153
19,42,0.11436275432769964
19,43,0.5042749821997317
19,44,0.7865307729960579
19,45,0.5781364170894484
19,46,0.5964101684643613
19,47,0.2803057420765
19,48,0.6074495324069245
19,49,0.7816949727862897
19,50,0.9378656374131613
19,51,0.5482084271335698
19,52,0.5940336797274958
19,53,0.21599164138492222
19,54,0.4631158341071619
19,55,0.5035796424398182
19,56,0.8291760159804682
19,57,0.5734043143193358
19,58,0.7752094464544855
19,59,0.6079203770528985
19,60,1.033734931077742
19,61,0.8599068215173445
19,62,0.3670736346404679
19,63,0.3562807777828391
19,64,0.22535335299548442
19,65,0.14419416662805562
19,66,0.8850266607034131
19,67,0.4913968290693496
19,68,0.5452512032884967
19,69,0.2925417510498661
20,0,0.060892402081179256
20,1,0.662952247377994
20,2,0.7735758500444236
20,3,0.13679393409606871
20,4,0.7434897647038036
20,5,0.647793607030457
20,6,0.7405288315998229
20,7,0.5076486060051263
20,8,0.5800102533729837
20,9,0.40285515886909234
20,10,0.20416486143782703
20,11,0.42715946117144404
20,12,0.8467696686698017
20,13,0.5592396840288154
20,14,0.6396755604558623
20,15,0.4651067527136472
20,16,0.43730547527815267
20,17,0.11860409266097185
20,18,0.6261196802834025
20,19,0.6382841168812875
20,21,0.49442955281859413
20,22,0.835894356380332
20,23,0.5422108931398181
20,24,0.8013623546944502
20,25,0.4692303834104652
20,26,0.41635959966789454
20,27,0.8607170465565634
20,28,0.7658560451519023
20,29,0.7591435648934858
20,30,0.5649554952301259
20,31,0.42187303277565363
20,32,0.41649478143515
20,33,0.19708636285667835
20,34,0.738860772039597
20,35,0.5931641285335997
20,36,0.5272790082247387
20,37,0.6777317904267672
20,38,0.32925063648676367
20,39,0.49298313561955276
20,40,0.2782268200204493
20,41,0.46524794053673624
20,42,0.6802256541368089
20,43,0.23993225920451705
20,44,0.15400189829940536
20,45,0.1913041923482993
20,46,0.04852976410641547
20,47,0.7535735842557382
20,48,0.8637126404641973
20,49,0.9101773534481389
20,50,0.43589419591788015
20,51,0.5554117701402128
20,52,0.4321826186006892
20,53,0.44951984324009314
20,54,0.20843491598709638
20,55,0.758901749748789
20,56,0.7102039174347797
20,57,0.0829868410844597
20,58,0.24583882091566125
20,59,0.16483649670941586
20,60,0.4424562628576739
20,61,0.5237573480267446
20,62,0.9094397799541011
20,63,0.8782649331253245
20,64,0.5409008025610011
20,65,0.4960780167321209
20,66,0.42354016839882297
20,67,0.522705464216907
20,68,0.1215408117115839
20,69,0.8449930941280803
21,0,0.4767771591991041
21,1,0.3514462543280963
21,2,0.4295603134832759
21,3,0.5378400966459231
21,4,0.25806299182896253
21,5,0.4097637819484279
21,6,0.3516842997868161
21,7,0.3242036194688637
21,8,0.2667302821727421
