siteNum=70
demandLowerBound=0
demandUpperBound=1000
fixedCostLowerBound=500
fixedCostUpperBound=1500
coordinateLowerBound=0
coordinateUpperBound=1
facilityFailProbility=0.05
Coordinate: index, x, y
0,0.2923875040960284,0.01280139347064857
1,0.9650714570250128,0.5201527030645595
2,0.7180535202231548,0.4462040626977706
3,0.10231780061947005,0.7488851723178671
4,0.49754595839957994,0.12239499662757491
5,0.2520935264385671,0.5705880755423152
6,0.8185525053734608,0.39017054864515555
7,0.8877733375579243,0.5106357247203742
8,0.3854464648315966,0.6879033960258294
9,0.5579258000304782,0.06969950031998606
10,0.9362199424863078,0.5649807194793537
11,0.5104704099746006,0.11535182980143921
12,0.8052175564634155,0.8272572354108839
13,0.45320692512678573,0.5704257239793831
14,0.40234427897505853,0.6295750304839527
15,0.5682028461831828,0.64344295776376
16,0.4071685592866342,0.43182591844995455
17,0.604213004932525,0.8395936825563367
18,0.06663090885214551,0.6389680797269084
19,0.617287138184621,0.40853532561849526
20,0.9038998058555047,0.738370526387263
21,0.5251106180346683,0.5320263586023176
22,0.12397904803596238,0.311419315668083
23,0.07345641948261816,0.3537422629470046
24,0.602200197606292,0.5672622546505802
25,0.7589719742920763,0.06837750932757902
26,0.6653949565727993,0.16665138435426952
27,0.4018400266938712,0.8548304036570509
28,0.7520405145492476,0.08441160815415127
29,0.1424292792184787,0.8887232533626774
30,0.7493159373136707,0.9491525821915726
31,0.169803348616972,0.12416562665649211
32,0.08014154875711166,0.92663343640915
33,0.8873965912747068,0.3999030509942457
34,0.08295386989656262,0.7404659179352413
35,0.45060833197123784,0.9742598427614363
36,0.693246786488027,0.14148745635751003
37,0.7009645779908658,0.9160632215440725
38,0.2373772687760184,0.3255808191461792
39,0.6041039142244073,0.7432855856451012
40,0.151078304017786,0.5646309981508509
41,0.6943185530432531,0.6880199184319332
42,0.3589814707721194,0.11470589188872649
43,0.10186210319042799,0.6519354560695626
44,0.8427690126898835,0.7204149512558157
45,0.8334924812799165,0.8264054310826771
46,0.3830634959561685,0.4818885351128277
47,0.9717089554525797,0.8485929112853795
48,0.2978813581038028,0.4759377475911787
49,0.19759388383201837,0.9765708963816594
50,0.8318021905238511,0.6167876851556419
51,0.20242404541471726,0.5816481805938698
52,0.8273408879996268,0.7562505549457024
53,0.05194367098207786,0.4726454198884291
54,0.2857222332635888,0.5850090723114769
55,0.5035354781783297,0.13368682281399846
56,0.8762439819163171,0.8422888772906083
57,0.19592012033465345,0.5949943375540244
58,0.207767744123472,0.4355569407062123
59,0.6208085565828535,0.14580762012455906
60,0.050247042040830636,0.7409301230110782
61,0.028571329772029253,0.7100611883889794
62,0.5078227000038591,0.5623447118798734
63,0.9117381863006924,0.037026457502562726
64,0.2537923079047416,0.7120777378350085
65,0.9950375028691084,0.8113428081943737
66,0.11334766259859885,0.7192775317574912
67,0.27703887667411464,0.44405217835889765
68,0.11399484676098104,0.9968536740131375
69,0.18331198472227495,0.27367471510364283
Demand:index, demand
0,696
1,261
2,958
3,170
4,111
5,148
6,195
7,537
8,638
9,402
10,644
11,867
12,106
13,109
14,166
15,623
16,761
17,253
18,695
19,22
20,242
21,638
22,565
23,114
24,252
25,857
26,38
27,605
28,340
29,151
30,403
31,4
32,416
33,609
34,768
35,393
36,666
37,34
38,196
39,294
40,979
41,548
42,794
43,129
44,98
45,7
46,61
47,967
48,965
49,472
50,823
51,620
52,405
53,704
54,570
55,350
56,675
57,775
58,905
59,713
60,804
61,518
62,966
63,424
64,676
65,920
66,881
67,756
68,125
69,995
Fixcost:index, fixedCost
0,944
1,526
2,1277
3,1032
4,748
5,918
6,849
7,1083
8,1059
9,1147
10,1356
11,914
12,600
13,1265
14,1217
15,1421
16,1456
17,634
18,726
19,1048
20,1188
21,541
22,1258
23,1192
24,580
25,904
26,1354
27,615
28,1319
29,1020
30,505
31,514
32,1119
33,1439
34,1335
35,1382
36,1244
37,728
38,634
39,1185
40,650
41,1412
42,1207
43,904
44,1305
45,1098
46,1113
47,937
48,1155
49,1453
50,1018
51,967
52,877
53,1216
54,660
55,1230
56,1396
57,562
58,1423
59,508
60,573
61,877
62,529
63,1130
64,1165
65,522
66,855
67,1101
68,546
69,554
TransCost:start_index, end_index, transCost
0,1,0.8425610078058565
0,2,0.6074779263304414
0,3,0.7602274802068574
0,4,0.2325956775719194
0,5,0.5592401875151486
0,6,0.6475006469853151
0,7,0.7760949117588505
0,8,0.6814856447697188
0,9,0.27156579528874775
0,10,0.8481876070746381
0,11,0.24099117375555001
0,12,0.9624619374716669
0,13,0.5803514281502049
0,14,0.6264983732272709
0,15,0.6883188836176999
0,16,0.43446086494044767
0,17,0.8836405560314012
0,18,0.6656205820685352
0,19,0.5120206219324549
0,20,0.9488929664849142
0,21,0.5689943867713284
0,22,0.34283242485221294
0,23,0.4051808192514767
0,24,0.6351462442937658
0,25,0.4698827220508003
0,26,0.40349024684383733
0,27,0.8491128951432334
0,28,0.46519771373656227
0,29,0.8886656141908141
0,30,1.0418911371644433
0,31,0.1656166284150973
0,32,0.9381563559763823
0,33,0.7098475238265752
0,34,0.7572041384582348
0,35,0.9743901580404858
0,36,0.4210086306254888
0,37,0.9913713508907805
0,38,0.3175800609545216
0,39,0.7942129911806318
0,40,0.5696351486945492
0,41,0.7857917183062629
0,42,0.12173447825286128
0,43,0.6669274910846248
0,44,0.8964578920191566
0,45,0.9771111125925092
0,46,0.4777707420446024
0,47,1.077044611668534
0,48,0.46316893779690776
0,49,0.9684200974701497
0,50,0.8097948162821346
0,51,0.5759167397448309
0,52,0.9159103551373744
0,53,0.5189120980615558
0,54,0.5722464972017551
0,55,0.24330383060401287
0,56,1.014365748882858
0,57,0.5901309856889682
0,58,0.4311412256978612
0,59,0.35433182759281634
0,60,0.7673352918682059
0,61,0.7454999634101288
0,62,0.5902628079458065
0,63,0.6198242664455248
0,64,0.7003406278066601
0,65,1.0636660245607066
0,66,0.728809850929661
0,67,0.43152383460298877
0,68,1.0000914113379502
0,69,0.2827584815111401
1,0,0.8425610078058565
1,2,0.2578493019458137
1,3,0.892559473722535
1,4,0.6138332712512169
1,5,0.7147595793693853
1,6,0.19586516704248264
1,7,0.07788178317136803
1,8,0.6034114902487391
1,9,0.6071866878253797
1,10,0.053310045459201816
1,11,0.6087083529687398
1,12,0.3462173642560576
1,13,0.5143274012215308
1,14,0.5732670604996783
1,15,0.41557812884621065
1,16,0.56485154172157
1,17,0.48193501825998525
1,18,0.9062629377463133
1,19,0.3652565829375461
1,20,0.2266296302836472
1,21,0.440121032831785
1,22,0.866606062448799
1,23,0.9070114716759894
1,24,0.3659164669193839
1,25,0.4965660303110456
1,26,0.4634319661538245
1,27,0.6551631914162616
1,28,0.48502833344644336
1,29,0.90143463615136
1,30,0.48019927173716453
1,31,0.8884014458189001
1,32,0.9738210970847736
1,33,0.1431550334160821
1,34,0.9092135888601611
1,35,0.6862110472469639
1,36,0.46612875965365147
1,37,0.47591762122858444
1,38,0.7532576250015067
1,39,0.4243652321340766
1,40,0.8152074410089923
1,41,0.3185695167616517
1,42,0.7291996901594817
1,43,0.8732107892926537
1,44,0.23465475904179678
1,45,0.33332230689929493
1,46,0.5832644454246734
1,47,0.32850727048501005
1,48,0.6686535652982096
1,49,0.89293862753554
1,50,0.16461779113298017
1,51,0.765122714466406
1,52,0.2733347861267327
1,53,0.9143627811752013
1,54,0.6824380678546164
1,55,0.6019728701260606
1,56,0.3341586974465594
1,57,0.7727839600985655
1,58,0.7620140133773455
1,59,0.5085776103430075
1,60,0.9410878701850283
1,61,0.9555614690552722
1,62,0.4591912362025887
1,63,0.4860611143847906
1,64,0.7367178883025001
1,65,0.2927279303876599
1,66,0.8746908707618467
1,67,0.6922283737934991
1,68,0.9754871666207771
1,69,0.8196946206266801
2,0,0.6074779263304414
2,1,0.2578493019458137
2,3,0.6861095615983794
2,4,0.3917599980736038
2,5,0.48227595674991397
2,6,0.1150643329330424
2,7,0.1815385784541196
2,8,0.41115206557607265
2,9,0.4091412619932035
2,10,0.24840386872855738
2,11,0.39058155060493027
2,12,0.39089524127114067
2,13,0.29253160524241434
2,14,0.36509894116018704
2,15,0.24770629026548022
2,16,0.3112172713210386
2,17,0.4095302869558041
2,18,0.6793448202986718
2,19,0.10757693759483639
2,20,0.3462659157182012
2,21,0.21116919751527094
2,22,0.609172723073143
2,23,0.6511947532775861
2,24,0.16756216219734757
2,25,0.380035819778858
2,26,0.2844690216785362
2,27,0.5166879716190075
2,28,0.36338532709510807
2,29,0.7260623257950612
2,30,0.5039191919180581
2,31,0.635835674489975
2,32,0.7985887968563058
2,33,0.17555870641452373
2,34,0.6999582882520629
2,35,0.5919204638950657
2,36,0.3057246869621929
2,37,0.4701698215521418
2,38,0.49558008998564224
2,39,0.3181853924742226
2,40,0.5792113904542389
2,41,0.2429778935448169
2,42,0.48869599338106817
2,43,0.649628562059504
2,44,0.3012400462505131
2,45,0.397340199642095
2,46,0.3368852889782174
2,47,0.4756657074974931
2,48,0.42122290754111597
2,49,0.7430795457986095
2,50,0.20503056417526158
2,51,0.5331218100620885
2,52,0.32874390657585834
2,53,0.6666344400239567
2,54,0.4540673654624121
2,55,0.37905806360941136
2,56,0.4265060404281966
2,57,0.5429197299517907
2,58,0.5103968402100064
2,59,0.31574452594470154
2,60,0.7299513291515282
2,61,0.7382454021037371
2,62,0.24017836739081672
2,63,0.4527030621354936
2,64,0.5350021349437255
2,65,0.4583082260938014
2,66,0.6635045544303069
2,67,0.4410198934638832
2,68,0.817374990702949
2,69,0.5618851177697218
3,0,0.7602274802068574
3,1,0.892559473722535
3,2,0.6861095615983794
3,4,0.7407396553032061
3,5,0.23285751601189056
3,6,0.8010420298153471
3,7,0.8207942493632531
3,8,0.28962150738209214
3,9,0.8178458449943452
3,10,0.8539400622900489
3,11,0.7536265975955462
3,12,0.7072554326683775
3,13,0.39366350148164175
3,14,0.32287892105073257
3,15,0.4776682282609731
3,16,0.4398415118235465
3,17,0.5100263031865374
3,18,0.1155652261178168
3,19,0.6172774390665645
3,20,0.8016509645084127
3,21,0.4751647204328164
3,22,0.4380018097838957
3,23,0.3961955301958823
3,24,0.5318545807260371
3,25,0.945666634279838
3,26,0.8099704114366953
3,27,0.3177073432517383
3,28,0.9293356349934653
3,29,0.14547721342428052
3,30,0.6772840056750863
3,31,0.6283540482243095
3,32,0.17912630050924178
3,33,0.859149130558964
3,34,0.021115057598806643
3,35,0.41484941401289716
3,36,0.8474249534286206
3,37,0.6215516585129807
3,38,0.4443282968176017
3,39,0.5018173563933922
3,40,0.19059692387241278
3,41,0.5951213909791215
3,42,0.6841488137107676
3,43,0.09695078721069568
3,44,0.7409983474636542
3,45,0.7352726053361902
3,46,0.38743431666398076
3,47,0.8750900601149928
3,48,0.33577582057208816
3,49,0.2468163709618505
3,50,0.7413482455828309
3,51,0.19490888037208132
3,52,0.7250604982313605
3,53,0.2807952167666002
3,54,0.24595235731095463
3,55,0.7344689469392216
3,56,0.7795421644781988
3,57,0.18012157916356314
3,58,0.33059684104643833
3,59,0.7953208145012635
3,60,0.052674915362327754
3,61,0.0833417283871829
3,62,0.44635363424661634
3,63,1.0779165972443487
3,64,0.15588237100623573
3,65,0.8949019069506811
3,66,0.031595414775423464
3,67,0.35135538792465104
3,68,0.2482432904220944
3,69,0.4820633117176945
4,0,0.2325956775719194
4,1,0.6138332712512169
4,2,0.3917599980736038
4,3,0.7407396553032061
4,5,0.5110028692117591
4,6,0.4180298427844768
4,7,0.5504618700644188
4,8,0.5765119653989621
4,9,0.08014075496571932
4,10,0.6231508536355818
4,11,0.014718955379232323
4,12,0.7690855530549074
4,13,0.4502193715545303
4,14,0.516037737484194
4,15,0.5258168631714278
4,16,0.32235937965300204
4,17,0.725087452597274
4,18,0.6727076111574914
4,19,0.31018420013170506
4,20,0.73793583908424
4,21,0.41055774645484516
4,22,0.41866744524424976
4,23,0.48308746066553454
4,24,0.45701136424036864
4,25,0.26694840460214214
4,26,0.17358546610349881
4,27,0.7386617973295302
4,28,0.25731346041305214
4,29,0.8446104740667584
4,30,0.8642431530362348
4,31,0.32774739266363984
4,32,0.9061048003466705
4,33,0.47853342223037265
4,34,0.7442434169110274
4,35,0.8531569942592008
4,36,0.19662994719279941
4,37,0.8193219062362048
4,38,0.33010941448708014
4,39,0.6299680321096433
4,40,0.561794016144812
4,41,0.5988747833804574
4,42,0.13877766233492206
4,43,0.6610437288555187
4,44,0.6905120008711572
4,45,0.7800581760721762
4,46,0.37728217347199833
4,47,0.8672911616219937
4,48,0.40602762143748944
4,49,0.90531083874992
4,50,0.5967841814122797
4,51,0.5459033160798937
4,52,0.7145191140905084
4,53,0.5667775203253193
4,54,0.5088035706943879
4,55,0.012782006329384867
4,56,0.8134244847750558
4,57,0.5606498757981524
4,58,0.42666358725366
4,59,0.12546640606115522
4,60,0.763323013635753
4,61,0.751856871509266
4,62,0.4400697255760497
4,63,0.42289832007945577
4,64,0.6380764667400552
4,65,0.8497922827852451
4,66,0.7098430046422194
4,67,0.38998296841069635
4,68,0.9548766588906195
4,69,0.3487528400389416
5,0,0.5592401875151486
5,1,0.7147595793693853
5,2,0.48227595674991397
5,3,0.23285751601189056
5,4,0.5110028692117591
5,6,0.5944966432433826
5,7,0.6385006708170469
5,8,0.1776116285556911
5,9,0.5868754078666548
5,10,0.6841493956559073
5,11,0.5234488068398286
5,12,0.6097747536743108
5,13,0.20111346421847637
5,14,0.16141483665099923
5,15,0.3243962636851792
5,16,0.2080942143687663
5,17,0.4431163997640339
5,18,0.19766691046882942
5,19,0.39953406340135716
5,20,0.6730545124274023
5,21,0.2757269270799543
5,22,0.28910511180385395
5,23,0.2809507473236398
5,24,0.35012246754635634
5,25,0.713541318856945
5,26,0.5779125562219152
5,27,0.32127513976465233
5,28,0.6973625659317937
5,29,0.3365059263744729
5,30,0.6249329656619549
5,31,0.45394347251075773
5,32,0.39539319875708323
5,33,0.657832320424565
5,34,0.23972214071967382
5,35,0.4498433323563687
5,36,0.6154214330335347
5,37,0.5664258975599561
5,38,0.24544882139939567
5,39,0.3920914983837822
5,40,0.10119072058132489
5,41,0.45755132158039624
5,42,0.46824523277511
5,43,0.1708416718772276
5,44,0.6093813442699881
5,45,0.6351907304788675
5,46,0.1581794594371966
5,47,0.7714486725450694
5,48,0.10514375925304197
5,49,0.40962453766945234
5,50,0.5815466783878732
5,51,0.050885983030005445
5,52,0.6044667759614036
5,53,0.22282892190150996
5,54,0.03659036854883312
5,55,0.5040890394863526
5,56,0.6807239651604372
5,57,0.06124636461619093
5,58,0.14212030943173107
5,59,0.5624848520264508
5,60,0.26411818642338125
5,61,0.26346711675230505
5,62,0.2558620004159635
5,63,0.8484215211378231
5,64,0.14149986005000226
5,65,0.7809792528670585
5,66,0.20336904661787583
5,67,0.12897132927277496
5,68,0.44807767827507416
5,69,0.30477605563405896
6,0,0.6475006469853151
6,1,0.19586516704248264
6,2,0.1150643329330424
6,3,0.8010420298153471
6,4,0.4180298427844768
6,5,0.5944966432433826
6,7,0.13893661236385135
6,8,0.5255717750823902
6,9,0.4130713889300141
6,10,0.21072309219396754
6,11,0.4128436819575347
6,12,0.43729005546693545
6,13,0.4073933249828141
6,14,0.4801497616850462
6,15,0.3561205765993171
6,16,0.41348751000670336
6,17,0.4979182410233806
6,18,0.7920140773922768
6,19,0.20210149198593022
6,20,0.35850716338613986
6,21,0.32593129960707223
6,22,0.699023636462441
6,23,0.7459860569801289
6,24,0.27958861459668116
6,25,0.3272622798875287
6,26,0.2709576563965726
6,27,0.6241458729711853
6,28,0.3129095310366588
6,29,0.8400579839078834
6,30,0.5632535984655452
6,31,0.7011662334385835
6,32,0.9127119867730213
6,33,0.06952862551175011
6,34,0.8147467080397147
6,35,0.690321097926103
6,36,0.2784686761112298
6,37,0.5388784873001535
6,38,0.5847533572292203
6,39,0.4131324576952129
6,40,0.6898972806999062
6,41,0.32272019148786607
6,42,0.5358043607199223
6,43,0.7629980336411004
6,44,0.33113109893556986
6,45,0.43649063625164247
6,46,0.4450425444437179
6,47,0.4833300743482477
6,48,0.527687839554929
6,49,0.854081364679116
6,50,0.22700414251021248
6,51,0.6451960653226431
6,52,0.3661854812553227
6,53,0.7710325605015066
6,54,0.5673360108270512
6,55,0.4062260811901301
6,56,0.4557842576952966
6,57,0.6554569943193058
6,58,0.6124687332097254
6,59,0.31434998030613026
6,60,0.8445860311395936
6,61,0.8522911939004959
6,62,0.3552421067815664
6,63,0.3652318718825066
6,64,0.6500602426675688
6,65,0.4566541651565577
6,66,0.778219298531218
6,67,0.5441876882912201
6,68,0.929766588405801
6,69,0.6458341879381437
7,0,0.7760949117588505
7,1,0.07788178317136803
7,2,0.1815385784541196
7,3,0.8207942493632531
7,4,0.5504618700644188
7,5,0.6385006708170469
7,6,0.13893661236385135
7,8,0.5326876330018101
7,9,0.5506579264855718
7,10,0.07280420306850682
7,11,0.5464493176363481
7,12,0.32720733186171885
7,13,0.43866024532052444
7,14,0.49978788437913274
7,15,0.3460679992517856
7,16,0.4870235502124892
7,17,0.43430381101509336
7,18,0.831110150077803
7,19,0.28911464084023375
7,20,0.22830506536213782
7,21,0.36329300481825305
7,22,0.7893471317120551
7,23,0.8292934350463029
7,24,0.2911332721517263
7,25,0.46063230483929474
7,26,0.4096063607253549
7,27,0.5954839709140981
7,28,0.4473146507600237
7,29,0.8357559121039823
7,30,0.4598559404518036
7,31,0.8153772389007299
7,32,0.9084730058795903
7,33,0.11073331462707665
7,34,0.8369924093084122
7,35,0.6372288167832338
7,36,0.4172661298337676
7,37,0.44639552846294617
7,38,0.6762102959612727
7,39,0.36687095758953836
7,40,0.7386711460423626
7,41,0.26246886640193684
7,42,0.6605916067472497
7,43,0.798512418428414
7,44,0.21455235524840138
7,45,0.3204011841651162
7,46,0.5055278677976137
7,47,0.3482244217488075
7,48,0.5909115814072017
7,49,0.8327324075214205
7,50,0.12000419994550388
7,51,0.6890184475980161
7,52,0.25294016246186163
7,53,0.8366925927660139
7,54,0.6066275026850793
7,55,0.5382649972170174
7,56,0.3318534912446841
7,57,0.6969772232587003
7,58,0.6841377280279073
7,59,0.4520727155934569
7,60,0.8686114238062169
7,61,0.8820422924909844
7,62,0.38345313446469814
7,63,0.47421519584451965
7,64,0.6652148755160142
7,65,0.3192653304249365
7,66,0.8020389826435622
7,67,0.6143532781365365
7,68,0.9138605183694366
7,69,0.7432471444395962
8,0,0.6814856447697188
8,1,0.6034114902487391
8,2,0.41115206557607265
8,3,0.28962150738209214
8,4,0.5765119653989621
8,5,0.1776116285556911
8,6,0.5255717750823902
8,7,0.5326876330018101
8,9,0.641813974401095
8,10,0.5643238503707017
8,11,0.5860429018810168
8,12,0.4422977073432831
8,13,0.13561889030982482
8,14,0.06072671858098189
8,15,0.18808674991923727
8,16,0.2569971282118465
8,17,0.2662118368807791
8,18,0.32254925812309965
8,19,0.3630380373788688
8,20,0.5209038280390831
8,21,0.20929339809430678
8,22,0.4583726353182528
8,23,0.45716676525900446
8,24,0.24806544633238806
8,25,0.7234180192025661
8,26,0.591671207428435
8,27,0.1677300651262203
8,28,0.706111560107142
8,29,0.3152554005946807
8,30,0.4479421059429958
8,31,0.6035745407025301
8,32,0.38756047781045755
8,33,0.5787038345946617
8,34,0.30702538771249516
8,35,0.2936768351711907
8,36,0.6271454513391725
8,37,0.3893694719827179
8,38,0.39141044510495027
8,39,0.22556211362282133
8,40,0.26481034511720875
8,41,0.308872110190772
8,42,0.5738081340130795
8,43,0.285856227625229
8,44,0.4584767322373814
8,45,0.4689648670957094
8,46,0.20602864232350002
8,47,0.6078855387517189
8,48,0.2293405416243972
8,49,0.3444089399970422
8,50,0.4519854844912956
8,51,0.2116302833143221
8,52,0.44714876200144454
8,53,0.3969384206601878
8,54,0.14329048891836332
8,55,0.5666577671715703
8,56,0.5145066370824423
8,57,0.21107422487004718
8,58,0.3086234944148797
8,59,0.5909848936170259
8,60,0.3393677751555542
8,61,0.3575623439152855
8,62,0.1753309045758928
8,63,0.8370327145269321
8,64,0.13385520474762266
8,65,0.6219634411540335
8,66,0.27390161476256536
8,67,0.26686255175233475
8,68,0.4112617842951012
8,69,0.4609162051258346
9,0,0.27156579528874775
9,1,0.6071866878253797
9,2,0.4091412619932035
9,3,0.8178458449943452
9,4,0.08014075496571932
9,5,0.5868754078666548
9,6,0.4130713889300141
9,7,0.5506579264855718
9,8,0.641813974401095
9,10,0.6232254361532278
9,11,0.06584944367599961
9,12,0.7968983214913544
9,13,0.5115591791975741
9,14,0.5810905428333012
9,15,0.5738354926607107
9,16,0.3922541119533842
9,17,0.77128435559074
9,18,0.7519557072048229
9,19,0.3439963444183271
9,20,0.7528737967338751
9,21,0.46348997837993133
9,22,0.4967275437284588
9,23,0.5615967162379211
9,24,0.49952869464901456
9,25,0.20105052062953946
9,26,0.14473868669334772
9,27,0.8004956614579257
9,28,0.1946714373235772
9,29,0.9183884074045207
9,30,0.9000377257997082
9,31,0.3919254982893225
9,32,0.9811287181538
9,33,0.4664604883170561
9,34,0.8219038395186752
9,35,0.9109041947803511
9,36,0.1531838111808476
9,37,0.8583656800016437
9,38,0.4101543736370774
9,39,0.67516711455322
9,40,0.6406887485799178
9,41,0.6331849039013303
9,42,0.20397161916819964
9,43,0.7395896184662384
9,44,0.7103282719171125
9,45,0.8053203471080685
9,46,0.44774616222769653
9,47,0.8819815447935271
9,48,0.48234077717203916
9,49,0.9758354465923557
9,50,0.6118118659003363
9,51,0.623275981222649
9,52,0.7375207388494965
9,53,0.6468255785087741
9,54,0.5827853264682201
9,55,0.08398026286653937
9,56,0.8355960808470563
9,57,0.6379520186948004
9,58,0.5064211002738089
9,59,0.0987253106949405
9,60,0.8415986395855107
9,61,0.830830456067406
9,62,0.49518645488862434
9,63,0.3553177907242647
9,64,0.7107369281706855
9,65,0.8608724858382631
9,66,0.7871475968384984
9,67,0.46801430669105476
9,68,1.0279540617495486
9,69,0.4265458930359165
10,0,0.8481876070746381
10,1,0.053310045459201816
10,2,0.24840386872855738
10,3,0.8539400622900489
10,4,0.6231508536355818
10,5,0.6841493956559073
10,6,0.21072309219396754
10,7,0.07280420306850682
10,8,0.5643238503707017
10,9,0.6232254361532278
10,11,0.6192162811707485
10,12,0.29317332067033847
10,13,0.4830437071453838
10,14,0.5377691410854062
10,15,0.37628832829092973
10,16,0.5455507007626942
10,17,0.43086063416580755
10,18,0.8727308960345095
10,19,0.3552369560167089
10,20,0.17637634867349944
10,21,0.41242801378167476
10,22,0.8508987343510621
10,23,0.8882469150770563
10,24,0.33402753684756054
10,25,0.5272870096655435
10,26,0.4816766884708494
10,27,0.6079265858804355
10,28,0.5146539929264297
10,29,0.8572705788351628
10,30,0.4272249141252756
10,31,0.8841449776019217
10,32,0.9293346565541737
10,33,0.1721463222262112
10,34,0.8711245866750809
10,35,0.6350811263307942
10,36,0.4882443020101228
10,37,0.42261567621174034
10,38,0.7387106300020867
10,39,0.37695315561332626
10,40,0.7851417163557434
10,41,0.27139441168412604
10,42,0.7320872035411498
10,43,0.8388767073950509
10,44,0.18136393436335443
10,45,0.280883981605914
10,46,0.5593624633818859
10,47,0.2858239762202223
10,48,0.6445190448343158
10,49,0.845561900895281
10,50,0.11656341028589219
10,51,0.733985165258198
10,52,0.2200881606657608
10,53,0.8890839847258347
10,54,0.6508059654160933
10,55,0.6109257491334508
10,56,0.2837198093806014
10,57,0.7409079861546258
10,58,0.7398602028840092
10,59,0.5245859601440381
10,60,0.9032752476000552
10,61,0.9191704665736337
10,62,0.42840535232724447
10,63,0.5285215786752608
10,64,0.6981010021835776
10,65,0.25328597309249434
10,66,0.8372134108378764
10,67,0.6701816094036158
10,68,0.9287455824380876
10,69,0.8072977028641593
11,0,0.24099117375555001
11,1,0.6087083529687398
11,2,0.39058155060493027
11,3,0.7536265975955462
11,4,0.014718955379232323
11,5,0.5234488068398286
11,6,0.4128436819575347
11,7,0.5464493176363481
11,8,0.5860429018810168
11,9,0.06584944367599961
11,10,0.6192162811707485
11,12,0.7705096929301065
11,13,0.4586625729871518
11,14,0.5254681344526028
11,15,0.5312374926745046
11,16,0.3329070758356861
11,17,0.7302834623564278
11,18,0.6864164041911012
11,19,0.3120358563450731
11,20,0.7368439358770024
11,21,0.4169316474477275
11,22,0.4333797778706916
11,23,0.49780641468452047
11,24,0.46112621485476873
11,25,0.25290238087494044
11,26,0.16319699579335484
11,27,0.7474149592851668
11,28,0.24354345144098866
11,29,0.8564797911856303
11,30,0.867335506373532
11,31,0.34078105831903927
11,32,0.9183467613144444
11,33,0.4722740132929167
11,34,0.7573229266459927
11,35,0.8609915464798543
11,36,0.18463551875751372
11,37,0.8230593908793179
11,38,0.3446390745847307
11,39,0.634876393360177
11,40,0.5753385585347234
11,41,0.6014556338130811
11,42,0.1514903163125621
11,43,0.67444995096158
11,44,0.690306991352864
11,45,0.7809868644512494
11,46,0.3880485511894456
11,47,0.8662467774314547
11,48,0.418588472229699
11,49,0.9162914390369232
11,50,0.5955602658218163
11,51,0.5588603130308127
11,52,0.7149531982831816
11,53,0.5812963786988243
11,54,0.5206627203642071
11,55,0.01960268470872105
11,56,0.8137737873286854
11,57,0.5735841873306511
11,58,0.440636150313292
11,59,0.11446423791363901
11,60,0.7766297376017656
11,61,0.7654449325011484
11,62,0.4470007237095643
11,63,0.4088406685537094
11,64,0.6495886832455386
11,65,0.8480617368568097
11,66,0.7227950815871493
11,67,0.4031553049146328
11,68,0.9665600724084262
11,69,0.363453946496659
12,0,0.9624619374716669
12,1,0.3462173642560576
12,2,0.39089524127114067
12,3,0.7072554326683775
12,4,0.7690855530549074
12,5,0.6097747536743108
12,6,0.43729005546693545
12,7,0.32720733186171885
12,8,0.4422977073432831
12,9,0.7968983214913544
12,10,0.29317332067033847
12,11,0.7705096929301065
12,13,0.4357452350149131
12,14,0.4487595479307197
12,15,0.2999394298123483
12,16,0.5610783640338454
12,17,0.20138276406958702
12,18,0.7622093165120974
12,19,0.4589617411665464
12,20,0.13281202274693482
12,21,0.40696580639788504
12,22,0.854502583266453
12,23,0.8716024269946118
12,24,0.3298688194083715
12,25,0.7602875064938512
12,26,0.6752410309588756
12,27,0.4043188236158577
12,28,0.7447465499894509
12,29,0.6656323097748196
12,30,0.1341024481146689
12,31,0.9476755910299485
12,32,0.7318543887114155
12,33,0.43518386080015126
12,34,0.7274596660449972
12,35,0.3838716825487449
12,36,0.6948508064266707
12,37,0.1369495771935277
12,38,0.7577082677106692
12,39,0.21794020982606
12,40,0.7048905603620254
12,41,0.17800454881570302
12,42,0.8407473231169525
12,43,0.724876968843856
12,44,0.11324921875315823
12,45,0.028287752544031024
12,46,0.5454297296153969
12,47,0.16785290287150414
12,48,0.6171024231745362
12,49,0.6257004849722932
12,50,0.2121418731716375
12,51,0.6509099974424453
12,52,0.07437331825961185
12,53,0.8325689678676974
12,54,0.5732011543529281
12,55,0.7563411886101553
12,56,0.07259960998667192
12,57,0.652065502379898
12,58,0.7144056264733365
12,59,0.7059605211418194
12,60,0.7598900236105164
12,61,0.7854389058809912
12,62,0.3982742092731694
12,63,0.797377781816449
12,64,0.5633259459760631
12,65,0.19048590773883964
12,66,0.7002453615966243
12,67,0.65254795496897
12,68,0.7117245158029503
12,69,0.832598430789052
13,0,0.5803514281502049
13,1,0.5143274012215308
13,2,0.29253160524241434
13,3,0.39366350148164175
13,4,0.4502193715545303
13,5,0.20111346421847637
13,6,0.4073933249828141
13,7,0.43866024532052444
13,8,0.13561889030982482
13,9,0.5115591791975741
13,10,0.4830437071453838
13,11,0.4586625729871518
13,12,0.4357452350149131
13,14,0.07801057129343004
13,15,0.1362188617230796
13,16,0.14604601063372816
13,17,0.30863283374064715
13,18,0.3926054901427019
13,19,0.23050123079617507
13,20,0.48096728516123954
13,21,0.08151473679741875
13,22,0.41889773764016697
13,23,0.43722096109629877
13,24,0.14902685255465425
13,25,0.5878304816238407
13,26,0.45613318014438614
13,27,0.2890061938387726
13,28,0.5705359190695134
13,29,0.44485510271077955
13,30,0.4807437781496176
13,31,0.5286451188095753
13,32,0.5158116995961743
13,33,0.4664747026277409
13,34,0.40743219370572636
13,35,0.4038424794135277
13,36,0.49153552513808957
13,37,0.42526360563243437
13,38,0.3263915868757511
13,39,0.22945682185068922
13,40,0.30218418645033923
13,41,0.26825959756451057
13,42,0.4653590029311559
13,43,0.3606757828395244
13,44,0.4174390834187666
13,45,0.45841325751704015
13,46,0.11295545346819467
13,47,0.5884057609725621
13,48,0.1818076165977351
13,49,0.47988741173908195
13,50,0.38142339522528407
13,51,0.25103385486651364
13,52,0.41774045767509466
13,53,0.41300506897000655
13,54,0.16811839892493982
13,55,0.4396291972144362
13,56,0.502861736012467
13,57,0.2584571854159308
13,58,0.28005353108497477
13,59,0.4564984567202847
13,60,0.43754818873560214
13,61,0.44700497957312746
13,62,0.055210376035448074
13,63,0.7033958309172321
13,64,0.244604747687302
13,65,0.5929767419074985
13,66,0.3710271944278666
13,67,0.21680741299207362
13,68,0.5448904758566064
13,69,0.4011289569760878
14,0,0.6264983732272709
14,1,0.5732670604996783
14,2,0.36509894116018704
14,3,0.32287892105073257
14,4,0.516037737484194
14,5,0.16141483665099923
14,6,0.4801497616850462
14,7,0.49978788437913274
14,8,0.06072671858098189
14,9,0.5810905428333012
14,10,0.5377691410854062
14,11,0.5254681344526028
14,12,0.4487595479307197
14,13,0.07801057129343004
14,15,0.16643732671300002
14,16,0.19780794976633118
14,17,0.29130536681975466
14,18,0.3358447502245116
14,19,0.3083163697441158
14,20,0.5132196473958972
14,21,0.15680343552349219
14,22,0.4227413637979768
14,23,0.42924461530531893
14,24,0.2093448596072861
14,25,0.6649255378004263
14,26,0.532441509586387
14,27,0.2252559375770477
14,28,0.6476809509481501
14,29,0.3670335250623083
14,30,0.47171934796622783
14,31,0.5563397790640479
14,32,0.43824456173547477
14,33,0.5366795727712728
14,34,0.3380932154466625
14,35,0.3480474660536722
14,36,0.5682022077517548
14,37,0.413823110279247
14,38,0.3458707778649204
14,39,0.23159672012143623
14,40,0.25952325041682045
14,41,0.2977663205349141
14,42,0.516691942082548
14,43,0.3013130043603084
14,44,0.44969527157133066
14,45,0.4739525070622214
14,46,0.14893975127153544
14,47,0.6100368570267705
14,48,0.1857872884016248
14,49,0.4029005525701477
14,50,0.4296482444889028
14,51,0.20558473369199362
14,52,0.44347356875020305
14,53,0.3839368291314512
14,54,0.12484721131750999
14,55,0.506107472087022
14,56,0.5194498138137105
14,57,0.20930063925825243
14,58,0.2747781779469651
14,59,0.5308083909628122
14,60,0.3692863670492623
14,61,0.38234047545380695
14,62,0.12508242499382125
14,63,0.7814064014088687
14,64,0.16992464456084713
14,65,0.619939337890174
14,66,0.30259805520156896
14,67,0.22387535037698195
14,68,0.4669464605828155
14,69,0.41789972530912484
15,0,0.6883188836176999
15,1,0.41557812884621065
15,2,0.24770629026548022
15,3,0.4776682282609731
15,4,0.5258168631714278
15,5,0.3243962636851792
15,6,0.3561205765993171
15,7,0.3460679992517856
15,8,0.18808674991923727
15,9,0.5738354926607107
15,10,0.37628832829092973
15,11,0.5312374926745046
15,12,0.2999394298123483
15,13,0.1362188617230796
15,14,0.16643732671300002
15,16,0.2659206890864655
15,17,0.19942878019434904
15,18,0.501591898709952
15,19,0.23998096458131316
15,20,0.34886056242861607
15,21,0.11945961114747176
15,22,0.5545939791873157
15,23,0.5733240962233213
15,24,0.08342253550812768
15,25,0.6058821091801055
15,26,0.48659686681716824
15,27,0.2690004460771808
15,28,0.5884830823028065
15,29,0.49137109574632054
15,30,0.3553312908352354
15,31,0.6545006541348117
15,32,0.5642700392902542
15,33,0.4014926314328278
15,34,0.49485353771358426
15,35,0.35109582904430675
15,36,0.5172961554070948
15,37,0.3032284380730512
15,38,0.4587830662015828
15,39,0.10610106987562656
15,40,0.42450466270079856
15,41,0.133762016055482
15,42,0.5686268273296967
15,43,0.46641806472574443
15,44,0.2851513064538304
15,45,0.3222636453786457
15,46,0.24571611766540094
15,47,0.4526628807928137
15,48,0.31801211038639876
15,49,0.4983224121618631
15,50,0.2649436126700232
15,51,0.37096189235161775
15,52,0.28262710184698214
15,53,0.5437787554912387
15,54,0.28846111634755917
15,55,0.5138415958285146
15,56,0.3666456613901726
15,57,0.3754220248805849
15,58,0.416089003561552
15,59,0.5004081234691695
15,60,0.5270502465920196
15,61,0.5437280222278745
15,62,0.10110730704592934
15,63,0.6969630561935773
15,64,0.3218147287119839
15,65,0.4586700163764952
15,66,0.4611335171580746
15,67,0.35289253329017334
15,68,0.5755032937342903
15,69,0.5337317008723307
16,0,0.43446086494044767
16,1,0.56485154172157
16,2,0.3112172713210386
16,3,0.4398415118235465
16,4,0.32235937965300204
16,5,0.2080942143687663
16,6,0.41348751000670336
16,7,0.4870235502124892
16,8,0.2569971282118465
16,9,0.3922541119533842
16,10,0.5455507007626942
16,11,0.3329070758356861
16,12,0.5610783640338454
16,13,0.14604601063372816
16,14,0.19780794976633118
16,15,0.2659206890864655
16,17,0.45288084857301547
16,18,0.39858972182173685
16,19,0.2114054609336058
16,20,0.5837050008123128
16,21,0.15475935328261106
16,22,0.3077239822891056
16,23,0.3427256184023577
16,24,0.2374454487015885
16,25,0.5058264414827254
16,26,0.37013295690637443
16,27,0.4230380452925159
16,28,0.48952361385837834
16,29,0.5280549792032588
16,30,0.6202352016040439
16,31,0.38858345098922004
16,32,0.5931114106513344
16,33,0.48128788907859715
16,34,0.4476313372615666
16,35,0.5441705395322722
16,36,0.40759928195336353
16,37,0.5663937378840993
16,38,0.20029254469233104
16,39,0.3684978403108737
16,40,0.28847774270821186
16,41,0.3848252649465629
16,42,0.32076020131197647
16,43,0.3763777898403974
16,44,0.5225240519449212
16,45,0.5809002308944377
16,46,0.05556365417518493
16,47,0.7017126087083557
16,48,0.11785391725590295
16,49,0.5836682581515986
16,50,0.4631679780820278
16,51,0.2537065749927811
16,52,0.530844733026049
16,53,0.35756251616839
16,54,0.195484753194357
16,55,0.31332651244876225
16,56,0.6233069811059715
16,57,0.26692664901161545
16,58,0.19943571800159135
16,59,0.35699932131823936
16,60,0.4721635084908738
16,61,0.46984117277456267
16,62,0.1648223634156626
16,63,0.6406692772948122
16,64,0.3194766920396454
16,65,0.6997306370526103
16,66,0.41104640774937656
16,67,0.13070277628342905
16,68,0.636558866306049
16,69,0.2740867911731154
17,0,0.8836405560314012
17,1,0.48193501825998525
17,2,0.4095302869558041
17,3,0.5100263031865374
17,4,0.725087452597274
17,5,0.4431163997640339
17,6,0.4979182410233806
17,7,0.43430381101509336
17,8,0.2662118368807791
17,9,0.77128435559074
17,10,0.43086063416580755
17,11,0.7302834623564278
17,12,0.20138276406958702
17,13,0.30863283374064715
17,14,0.29130536681975466
17,15,0.19942878019434904
17,16,0.45288084857301547
17,18,0.5737988694105679
17,19,0.43125658261207456
17,20,0.3163199424511175
17,21,0.31757652050675084
17,22,0.7138576995412582
17,23,0.719551356704195
17,24,0.2723388661548711
17,25,0.7865905697672962
17,26,0.6757178167815266
17,27,0.20294575627759162
17,28,0.769514741962667
17,29,0.46438984061019345
17,30,0.18181862796449388
17,31,0.8369880839467359
17,32,0.5312502328739034
17,33,0.5229921558274946
17,34,0.5306009796233089
17,35,0.2042776792993536
17,36,0.7037608381514562
17,37,0.12332257409841996
17,38,0.6314884647185531
17,39,0.09630815869616932
17,40,0.530033522513964
17,41,0.17633381913624802
17,42,0.7652455909089808
17,43,0.5362574367309599
17,44,0.2666693436290168
17,45,0.22965846000325463
17,46,0.4205473550363456
17,47,0.36760612041471247
17,48,0.47548366626434213
17,49,0.4290709344058354
17,50,0.3184954471822815
17,51,0.47746230214863206
17,52,0.23818507325592153
17,53,0.6630629266495498
17,54,0.40773728724731767
17,55,0.713050109757113
17,56,0.27204432821401014
17,57,0.47595369437458
17,58,0.5660517057502982
17,59,0.693984519106276
17,60,0.5626835576277869
17,61,0.5900355965760017
17,62,0.2935269708653697
17,63,0.8594683751634142
17,64,0.3729007657053153
17,65,0.3918442293687606
17,66,0.5053956474363952
17,67,0.5133186064662214
17,68,0.5148247736017508
17,69,0.7052814661798171
18,0,0.6656205820685352
18,1,0.9062629377463133
18,2,0.6793448202986718
18,3,0.1155652261178168
18,4,0.6727076111574914
18,5,0.19766691046882942
18,6,0.7920140773922768
18,7,0.831110150077803
18,8,0.32254925812309965
18,9,0.7519557072048229
18,10,0.8727308960345095
18,11,0.6864164041911012
18,12,0.7622093165120974
18,13,0.3926054901427019
18,14,0.3358447502245116
18,15,0.501591898709952
18,16,0.39858972182173685
18,17,0.5737988694105679
18,19,0.5969267434691197
18,20,0.843148890938775
18,21,0.47078676218557847
18,22,0.3325312044069105
18,23,0.28530747300610604
18,24,0.5403482103296903
18,25,0.8971676264350662
18,26,0.7626279863541278
18,27,0.3987000069936665
18,28,0.8816570805846698
18,29,0.2610039074573884
18,30,0.7498488338690438
18,31,0.5250391585532882
18,32,0.28798245576035175
18,33,0.8548733200922354
18,34,0.10280199520545544
18,35,0.509763894194146
18,36,0.8000840135469469
18,37,0.6922145053534098
18,38,0.3568835867920331
18,39,0.547502852544974
18,40,0.11250495210215086
18,41,0.6296013512934404
18,42,0.6002663514239338
18,43,0.03754184203943455
18,44,0.7803998648838207
18,45,0.7894361481143737
18,46,0.35327548105906253
18,47,0.9290365119003532
18,48,0.28294108834769766
18,49,0.36211457113571144
18,50,0.7654926911463347
18,51,0.1473952060757845
18,52,0.769697896169665
18,53,0.16696988390724368
18,54,0.22563816812236995
18,55,0.6679781068909284
18,56,0.8347530621676992
18,57,0.13656277020643634
18,58,0.2475796795944742
18,59,0.7418356314976662
18,60,0.10326998287195471
18,61,0.08063970274618237
18,62,0.44779608872775933
18,63,1.037564468822334
18,64,0.2009338483282705
18,65,0.9442731865452975
18,66,0.09290889713078745
18,67,0.2868165293860779
18,68,0.36100615121052915
18,69,0.3834758345763093
19,0,0.5120206219324549
19,1,0.3652565829375461
19,2,0.10757693759483639
19,3,0.6172774390665645
19,4,0.31018420013170506
19,5,0.39953406340135716
19,6,0.20210149198593022
19,7,0.28911464084023375
19,8,0.3630380373788688
19,9,0.3439963444183271
19,10,0.3552369560167089
19,11,0.3120358563450731
19,12,0.4589617411665464
19,13,0.23050123079617507
19,14,0.3083163697441158
19,15,0.23998096458131316
19,16,0.2114054609336058
19,17,0.43125658261207456
19,18,0.5969267434691197
19,20,0.43696462206406794
19,21,0.15409914371717365
19,22,0.5027766812361186
19,23,0.5465840560434039
19,24,0.15944232115712118
19,25,0.36848600077425087
19,26,0.24662157900635004
19,27,0.49557719331214994
19,28,0.35101945339905677
19,29,0.675329869155186
19,30,0.556505724951738
19,31,0.5301960652565844
19,32,0.7462915225609038
19,33,0.2702473548692267
19,34,0.6290389174885319
19,35,0.5897677964566498
19,36,0.2776408338973383
19,37,0.5143797032107422
19,38,0.3888611050466825
19,39,0.33500975206979483
19,40,0.4916467594101764
19,41,0.28990597871588625
19,42,0.39122570716068045
19,43,0.5700057808499503
19,44,0.3848518891964571
19,45,0.47048929363334174
19,46,0.24544125146739604
19,47,0.5650358424546973
19,48,0.3264400999215931
19,49,0.7062625838888197
19,50,0.29897450214506854
19,51,0.44953247524548745
19,52,0.4062369487348699
19,53,0.5689669059759915
19,54,0.3756038730459948
19,55,0.2974577947340772
19,56,0.5051740200204822
19,57,0.4607788264056289
19,58,0.4104099192199908
19,59,0.2627513037487043
19,60,0.6572828705880104
19,61,0.6614409641036577
19,62,0.18878503788259193
19,63,0.47404668422575674
19,64,0.47356782793430763
19,65,0.5522220622524782
19,66,0.5920436755257548
19,67,0.34209695451656
19,68,0.7742232298660754
19,69,0.45444671644881046
20,0,0.9488929664849142
20,1,0.2266296302836472
20,2,0.3462659157182012
20,3,0.8016509645084127
20,4,0.73793583908424
20,5,0.6730545124274023
20,6,0.35850716338613986
20,7,0.22830506536213782
20,8,0.5209038280390831
20,9,0.7528737967338751
20,10,0.17637634867349944
20,11,0.7368439358770024
20,12,0.13281202274693482
20,13,0.48096728516123954
20,14,0.5132196473958972
20,15,0.34886056242861607
20,16,0.5837050008123128
20,17,0.3163199424511175
20,18,0.843148890938775
20,19,0.43696462206406794
20,21,0.4313457596741047
20,22,0.8891365051623866
20,23,0.915191301864007
20,24,0.34684390476760996
20,25,0.6854886718760678
20,26,0.6194734380894051
20,27,0.5153900705926747
20,28,0.6713594499913293
20,29,0.776172213781074
20,30,0.2613909858094768
20,31,0.9571547771303506
20,32,0.84499739018987
20,33,0.33886957371593956
20,34,0.820948610104946
20,35,0.5109960174753281
20,36,0.6329645281188969
20,37,0.26973579781067947
20,38,0.7839946650577763
20,39,0.2998361793486448
20,40,0.7726096280146975
20,41,0.21554462473423974
20,42,0.8281869162418841
20,43,0.806681782289088
20,44,0.06371323686141686
20,45,0.11272681934048731
20,46,0.5805630659606731
20,47,0.12941041264792819
20,48,0.6604008800736237
20,49,0.7453908181289292
20,50,0.1413522317420729
20,51,0.718769877051734
20,52,0.07861910279641751
20,53,0.8924343605959405
20,54,0.6369169858402842
20,55,0.7252130557591169
20,56,0.10753542789344427
20,57,0.72235169179185
20,58,0.7591415645611203
20,59,0.6567126108833699
20,60,0.8536566011595694
20,61,0.8757861380842473
20,62,0.43343068783002153
20,63,0.7013878692761593
20,64,0.6506389702605085
20,65,0.11675201809424887
20,66,0.7907826715678713
20,67,0.692515642076265
20,68,0.831121761241216
20,69,0.8574316328373227
21,0,0.5689943867713284
21,1,0.440121032831785
21,2,0.21116919751527094
21,3,0.4751647204328164
21,4,0.41055774645484516
21,5,0.2757269270799543
21,6,0.32593129960707223
