siteNum=70
demandLowerBound=0
demandUpperBound=1000
fixedCostLowerBound=500
fixedCostUpperBound=1500
coordinateLowerBound=0
coordinateUpperBound=1
facilityFailProbility=0.05
Coordinate: index, x, y
0,0.32194281780876066,0.5751095791222653
1,0.5048592723877189,0.03403681516246104
2,0.4227114091489452,0.7671763430488071
3,0.7732571893258441,0.06161089662277719
4,0.43134222939385136,0.1776771912243208
5,0.37501620783655065,0.17563931298892266
6,0.36578409864726136,0.8839609803655871
7,0.9712865044989115,0.9715965723913383
8,0.8836311436097333,0.980090316378558
9,0.6758522254564957,0.5524851711136111
10,0.2506652953236891,0.9048904036433165
11,0.23350287827780047,0.32370532238829663
12,0.4736854105378856,0.30989166409425006
13,0.7366210492294403,0.4765940544781594
14,0.5197586992204385,0.5406447106790037
15,0.8731406601167746,0.14635103159659568
16,0.27758072907442777,0.5326986213782164
17,0.5196766729198936,0.4150234819076324
18,0.6555399053318758,0.29316946913496056
19,0.8510348907219502,0.5179235348789476
20,0.9314597161175947,0.8156804570455747
21,0.38828530938098105,0.5400850378712703
22,0.032388883512629585,0.927869311060893
23,0.48951609809625674,0.16001059891622993
24,0.5065975389578495,0.26155651360007137
25,0.06337516681993527,0.7100113354194344
26,0.2826918715365109,0.7579578648877288
27,0.7190468585744496,0.09723336473410282
28,0.6579696953209342,0.0529763097926057
29,0.45879831056343423,0.9936746660720928
30,0.4456655008710718,0.8011781424857948
31,0.3307091192221423,0.2947767046936073
32,0.7629821815110756,0.4716524839772016
33,0.5216645876802303,0.7620634886733352
34,0.8756905226805685,0.23489389529088123
35,0.02409545095812038,0.8231771944949694
36,0.13791509663221857,0.6314112131844144
37,0.06128264585478227,0.1925062970284971
38,0.5178861881266776,0.4596796395331204
39,0.23324091981506656,0.054121931356989395
40,0.19927084793510308,0.21135533719701582
41,0.10293852027162198,0.4388455630352721
42,0.2710730522925192,0.5775601027516637
43,0.1906279541399899,0.05072446286915111
44,0.7031658210408995,0.8237076289831071
45,0.24405135479287698,0.016702942162601486
46,0.8863153848556795,0.4544215991966727
47,0.7733301521461936,0.8374113454118517
48,0.11526225648555055,0.08330402792422043
49,0.5664647630986298,0.4168490411338287
50,0.72182606298865,0.3555981780930445
51,0.22456697349035015,0.37398378557396483
52,0.3426721831269315,0.049807851903287514
53,0.8385493878999906,0.796005496738545
54,0.23224936668408291,0.46564999338235324
55,0.4611532923601849,0.27817771250651646
56,0.7813930167067952,0.5687510681025714
57,0.6338120765207895,0.8136195514834142
58,0.7835386117852929,0.19883750969604586
59,0.008369043557393097,0.7026947197326426
60,0.6037958477529989,0.0958456334346256
61,0.896396351600906,0.6754249200049114
62,0.17162859111687112,0.012458875911642298
63,0.583646291965911,0.1872520691941968
64,0.8054639082133862,0.05520023360953663
65,0.8390338178339541,0.655204106610256
66,0.9530987095645296,0.30559265387458845
67,0.7962408615360942,0.7371783101605738
68,0.3974123686704585,0.6012986407180696
69,0.9256547465125573,0.10782279383899918
Demand:index, demand
0,893
1,804
2,779
3,606
4,76
5,873
6,686
7,642
8,645
9,292
10,376
11,697
12,614
13,626
14,784
15,722
16,394
17,433
18,406
19,487
20,767
21,235
22,240
23,814
24,706
25,923
26,128
27,893
28,917
29,597
30,794
31,545
32,592
33,518
34,952
35,53
36,221
37,164
38,580
39,529
40,242
41,645
42,735
43,809
44,711
45,392
46,866
47,315
48,886
49,36
50,366
51,148
52,309
53,503
54,655
55,830
56,944
57,606
58,451
59,99
60,68
61,903
62,631
63,374
64,813
65,755
66,209
67,343
68,640
69,128
Fixcost:index, fixedCost
0,945
1,1223
2,1405
3,859
4,1033
5,1418
6,624
7,1372
8,720
9,1291
10,1483
11,1146
12,1296
13,781
14,806
15,1275
16,898
17,1273
18,1426
19,993
20,1256
21,1006
22,866
23,874
24,522
25,977
26,1391
27,571
28,1447
29,1260
30,508
31,1159
32,1305
33,1495
34,1154
35,675
36,562
37,736
38,1089
39,723
40,1137
41,818
42,957
43,766
44,750
45,573
46,623
47,920
48,1450
49,1267
50,961
51,1196
52,588
53,934
54,554
55,956
56,721
57,741
58,520
59,593
60,965
61,602
62,892
63,697
64,1480
65,1304
66,1341
67,678
68,708
69,1498
TransCost:start_index, end_index, transCost
0,1,0.5711551148810962
0,2,0.2168961751758178
0,3,0.6836413963962175
0,4,0.41221442745909115
0,5,0.4029804936391904
0,6,0.31194750512790387
0,7,0.7608213714637009
0,8,0.6924616761162671
0,9,0.3546318269125217
0,10,0.33739572823821323
0,11,0.26650651625841937
0,12,0.305559089048198
0,13,0.42621983085033266
0,14,0.20079579202635278
0,15,0.6983215258327156
0,16,0.061373318743899834
0,17,0.2544135137498074
0,18,0.4367805426338935
0,19,0.5321735292888726
0,20,0.6552749015709463
0,21,0.07502029510640963
0,22,0.4563780333712181
0,23,0.44764714634899916
0,24,0.3638858212970286
0,25,0.2916431277948099
0,26,0.18701372246612175
0,27,0.6213350911307031
0,28,0.6209164302476302
0,29,0.44037047801872586
0,30,0.2577097158536853
0,31,0.2804699066315387
0,32,0.4530111376895689
0,33,0.2735700086943411
0,34,0.6499101723897319
0,35,0.3876217173180055
0,36,0.19244759328061045
0,37,0.462956797889394
0,38,0.22741564441589765
0,39,0.5284847735097757
0,40,0.3838822224475842
0,41,0.25793558191899757
0,42,0.050928755234500155
0,43,0.540576861850505
0,44,0.45511753271868677
0,45,0.5638129585344386
0,46,0.577132552308089
0,47,0.5220658408657765
0,48,0.5334693567751478
0,49,0.2912685695586312
0,50,0.45617087254384286
0,51,0.2234583627595014
0,52,0.5257105774147364
0,53,0.5618517194785142
0,54,0.14151436706217543
0,55,0.32794525402381663
0,56,0.4594941957520585
0,57,0.392618697269127
0,58,0.5955261096267023
0,59,0.33853578836338316
0,60,0.5559991547878761
0,61,0.5831466626010003
0,62,0.5823831904935008
0,63,0.46789118007665426
0,64,0.7099988538142523
0,65,0.5232573321422063
0,66,0.6862923084903267
0,67,0.5012234111291523
0,68,0.07988441684418322
0,69,0.7634297823373328
1,0,0.5711551148810962
1,2,0.7377274827360782
1,3,0.2698106220761238
1,4,0.16136081694684945
1,5,0.1921210264461751
1,6,0.8612276067028792
1,7,1.0471736538081828
1,8,1.0190610176001542
1,9,0.5459187556657412
1,10,0.9071937778366933
1,11,0.3969157803650308
1,12,0.27761071186431663
1,13,0.49957024658756866
1,14,0.5068269455343152
1,15,0.3850268351178301
1,16,0.5480138075167186
1,17,0.38127469834245115
1,18,0.2997572109212436
1,19,0.5949654748362034
1,20,0.890480051144788
1,21,0.5193017355621304
1,22,1.0110216610378822
1,23,0.12690471697529415
1,24,0.22752633858041574
1,25,0.8073721369391138
1,26,0.7572450331539421
1,27,0.22331620172808594
1,28,0.15427736732143618
1,29,0.9607426383286186
1,30,0.7694216780633174
1,31,0.3135499415409101
1,32,0.508069788322901
1,33,0.7282206094071971
1,34,0.42173378194243893
1,35,0.924054322152462
1,36,0.7010736049324455
1,37,0.4710337570591202
1,38,0.4258421238814943
1,39,0.27235994813266756
1,40,0.3533074347023439
1,41,0.5704475552896359
1,42,0.5916701453159321
1,43,0.31467411548090213
1,44,0.814190076971525
1,45,0.2613833067227766
1,46,0.5676549413038349
1,47,0.8470461906718656
1,48,0.39269974924003564
1,49,0.38773758760131266
1,50,0.38791274579915874
1,51,0.4405992686252801
1,52,0.16295207124417632
1,53,0.8318325341638116
1,54,0.5104959317181889
1,55,0.2480221571677172
1,56,0.6019885746793111
1,57,0.7901759730993134
1,58,0.32376139844925955
1,59,0.8328300791086831
1,60,0.11665665845210549
1,61,0.7514519182437315
1,62,0.3339285767983108
1,63,0.17228554356655623
1,64,0.3013486972930995
1,65,0.7053519907030729
1,66,0.5240812595191999
1,67,0.7611249519512637
1,68,0.5773480889819484
1,69,0.42721563839962845
2,0,0.2168961751758178
2,1,0.7377274827360782
2,3,0.787848299604812
2,4,0.5895623300889302
2,5,0.5934567298129649
2,6,0.12992063036395327
2,7,0.585424858886841
2,8,0.5077197668541823
2,9,0.3319225394391904
2,10,0.2203747439426787
2,11,0.48214771006413776
2,12,0.4601169703718523
2,13,0.4277584932721046
2,14,0.2464442269040773
2,15,0.7670140660165075
2,16,0.27575843823666196
2,17,0.3652586754453412
2,18,0.5281019079234444
2,19,0.4955683275264684
2,20,0.5110552699249648
2,21,0.22968590995633797
2,22,0.42210650787170473
2,23,0.6108298513607642
2,24,0.5125312621744014
2,25,0.36385487924225945
2,26,0.1403226683497937
2,27,0.7325559997566002
2,28,0.7519495652739887
2,29,0.22935508450012548
2,30,0.04102453767857641
2,31,0.48127522237270753
2,32,0.45068675352676485
2,33,0.09908517962495277
2,34,0.6989382529859589
2,35,0.4025304677749059
2,36,0.31550136308773763
2,37,0.6788787908966765
2,38,0.32188889578001034
2,39,0.7377978451863245
2,40,0.5990514793752317
2,41,0.4583184499507359
2,42,0.2427931421077227
2,43,0.7531042601803936
2,44,0.2860951999580691
2,45,0.7714465246925549
2,46,0.5592353494666663
2,47,0.35758419777432476
2,48,0.7498041910174291
2,49,0.37867432608880647
2,50,0.5087889169488653
2,51,0.44029717763809284
2,52,0.7218198042382894
2,53,0.41683611248813524
2,54,0.3566425790102236
2,55,0.4905073282399176
2,56,0.4099086304748568
2,57,0.21614916926636202
2,58,0.6732052433390204
2,59,0.4193297934436464
2,60,0.6953247410926967
2,61,0.4824891173242121
2,62,0.7953873501086531
2,63,0.6018406765192159
2,64,0.8083374641524139
2,65,0.4311173038818303
2,66,0.703114635428543
2,67,0.3747320826641441
2,68,0.16779586878006525
2,69,0.8292762527975939
3,0,0.6836413963962175
3,1,0.2698106220761238
3,2,0.787848299604812
3,4,0.3610778649652018
3,5,0.41424432292612867
3,6,0.9177657543507293
3,7,0.9312838126864865
3,8,0.9250874846733027
3,9,0.5004450822450868
3,10,0.9920799436726676
3,11,0.6000235031332569
3,12,0.3890842969619889
3,13,0.41659720122054156
3,14,0.5419731353996947
3,15,0.13098701543520885
3,16,0.6838265844953897
3,17,0.4349753254363212
3,18,0.25976283693938335
3,19,0.4628937185432186
3,20,0.7704861721273949
3,21,0.6141179464824041
3,22,1.1398638020146885
3,23,0.30031901082614987
3,24,0.3332950927973767
3,25,0.9614341448631712
3,26,0.8517942423082813
3,27,0.06486694223191036
3,28,0.11561039037932493
3,29,0.9836804647610823
3,30,0.8088733062093579
3,31,0.5002150421627024
3,32,0.41017030505112095
3,33,0.7442665321732221
3,34,0.20129477243478092
3,35,1.0682820490342924
3,36,0.853423678779806
3,37,0.7239070081151312
3,38,0.4729408761522793
3,39,0.5400681956355965
3,40,0.5931978738886544
3,41,0.7691769052864043
3,42,0.719994785253986
3,43,0.5827309328782243
3,44,0.7653131577219537
3,45,0.531107841852793
3,46,0.40875714505444416
3,47,0.7758004522200942
3,48,0.6583524311409232
3,49,0.4110440935722013
3,50,0.2984521442754107
3,51,0.6313776799232864
3,52,0.4307467462767048
3,53,0.7372913263248417
3,54,0.6752311129308789
3,55,0.37988159766323537
3,56,0.5072054270369429
3,57,0.7648280568013436
3,58,0.1376112313125286
3,59,0.9980192101308774
3,60,0.17288482724705787
3,61,0.6260438551622141
3,62,0.6036330767302945
3,63,0.22745987919358507
3,64,0.03283853440350974
3,65,0.5972264761387701
3,66,0.3031007592755968
3,67,0.6759582675153967
3,68,0.6576641926851003
3,69,0.1592499760778638
4,0,0.41221442745909115
4,1,0.16136081694684945
4,2,0.5895623300889302
4,3,0.3610778649652018
4,5,0.056362874768555
4,6,0.7093198568422653
4,7,0.9601290559145416
4,8,0.9211037321292163
4,9,0.44751107244764904
4,10,0.7493218339416977
4,11,0.24589555494409288
4,12,0.13882943429139857
4,13,0.42725454822356657
4,14,0.3735811723249465
4,15,0.44290764462386434
4,16,0.3868886336518527
4,17,0.25325132894850244
4,18,0.2521964792636881
4,19,0.5402865020921813
4,20,0.8106575526851392
4,21,0.36495663533120415
4,22,0.8496775793527281
4,23,0.060797265428512444
4,24,0.11269029390230681
4,25,0.6471316714666501
4,26,0.5990180206958502
4,27,0.2987392891340773
4,28,0.2586702884800992
4,29,0.8164592551690079
4,30,0.6236654490428126
4,31,0.15439986696100144
4,32,0.44317776409636883
4,33,0.5913251838477547
4,34,0.44801691594297943
4,35,0.7632301047316522
4,36,0.5403462268997495
4,37,0.37035658188840215
4,38,0.2949834531720488
4,39,0.23347383386091325
4,40,0.2345023317758909
4,41,0.41959255784584787
4,42,0.43080454043605776
4,43,0.2721403269414757
4,44,0.7008875740706995
4,45,0.2469627108892805
4,46,0.5325298484919511
4,47,0.7431049007441674
4,48,0.3298679178474008
4,49,0.27470215307480783
4,50,0.3406416521041889
4,51,0.285118020193593
4,52,0.15560509324368293
4,53,0.7403698827874725
4,54,0.35009470542229
4,55,0.1048286900289027
4,56,0.5248564859797361
4,57,0.667395478384078
4,58,0.35283147655423736
4,59,0.6742030266749249
4,60,0.19088387657277586
4,61,0.6811961083917102
4,62,0.30781206217727364
4,63,0.15260473703031593
4,64,0.39365928886452156
4,65,0.627888832678859
4,66,0.5372077718956859
4,67,0.6679764320918807
4,68,0.42497807934044507
4,69,0.4992238990816619
5,0,0.4029804936391904
5,1,0.1921210264461751
5,2,0.5934567298129649
5,3,0.41424432292612867
5,4,0.056362874768555
5,6,0.7083818294644075
5,7,0.9945281421243063
5,8,0.9517513171759469
5,9,0.4821982064288094
5,10,0.7397771979882891
5,11,0.2048159309776926
5,12,0.1666112401341075
5,13,0.4704591562969416
5,14,0.39265675742932155
5,15,0.49898474263887993
5,16,0.37011487707068047
5,17,0.2796988210326072
5,18,0.30414944099925734
5,19,0.5863039101104566
5,20,0.8481049722725745
5,21,0.364687202189515
5,22,0.8265854180740947
5,23,0.11556159211888144
5,24,0.15714773959719966
5,25,0.6186061726190543
5,26,0.5895919597134661
5,27,0.35285206725890056
5,28,0.3083972899244007
5,29,0.8223145867800503
5,30,0.6295158058496979
5,31,0.1271095441093252
5,32,0.48799733004162865
5,33,0.6044824738054189
5,34,0.5041684986870028
5,35,0.7365125155715071
5,36,0.5137557415174436
5,37,0.31418663731030855
5,38,0.3179476975407052
5,39,0.18672628720203183
5,40,0.17933785409701555
5,41,0.37855488127105213
5,42,0.4151439519346948
5,43,0.22271674360431962
5,44,0.7264122182629515
5,45,0.20594310550293474
5,46,0.5823627834294173
5,47,0.7723964144975555
5,48,0.2756772027397941
5,49,0.3079524025944218
5,50,0.3907201924141926
5,51,0.24894879377172427
5,52,0.12992187088155005
5,53,0.7744141081874708
5,54,0.32324691131535116
5,55,0.13391684250258212
5,56,0.5654015942638441
5,57,0.688472284378622
5,58,0.4091805357767177
5,59,0.6420417002436335
5,60,0.24229559413475424
5,61,0.7222346622061836
5,62,0.26075731567809085
5,63,0.20895302847890745
5,64,0.4469796355556481
5,65,0.6673040788641821
5,66,0.5925092822998006
5,67,0.7019659922167484
5,68,0.4262481100285696
5,69,0.5547989550682841
6,0,0.31194750512790387
6,1,0.8612276067028792
6,2,0.12992063036395327
6,3,0.9177657543507293
6,4,0.7093198568422653
6,5,0.7083818294644075
6,7,0.6118113765547682
6,8,0.5266938496115738
6,9,0.45389255929376043
6,10,0.11700589573773483
6,11,0.5756602501111229
6,12,0.5841217963678107
6,13,0.5508791666273671
6,14,0.3762635228841355
6,15,0.8952536606957618
6,16,0.36216719791468466
6,17,0.49354361699475147
6,18,0.658022064409408
6,19,0.6078254212415745
6,20,0.5697816547286317
6,21,0.3446113293419675
6,22,0.33627416043924
6,23,0.7344479304132567
6,24,0.638134582374102
6,25,0.3488690886648414
6,26,0.15093410256251252
6,27,0.8624006718159343
6,28,0.8808563706024023
6,29,0.1438357968299012
6,30,0.11503928315438242
6,31,0.5902273840485446
6,32,0.5725073040798175
6,33,0.19788311030004602
6,34,0.8254045324553351
6,35,0.3470530227276504
6,36,0.3401553571275868
6,37,0.7555333969200342
6,38,0.45072131278940003
6,39,0.8403573891591821
6,40,0.6929105381540517
6,41,0.5169289436825577
6,42,0.3207049736193572
6,43,0.8514474552479682
6,44,0.3427198461690226
6,45,0.8757598790501929
6,46,0.6748754699177947
6,47,0.41019587301297966
6,48,0.8389354855367569
6,49,0.5083958033437105
6,50,0.6371288183698558
6,51,0.5291682300035736
6,52,0.8344732484402724
6,53,0.48087751644497123
6,54,0.43910773902467853
6,55,0.6132443646112598
6,56,0.5216206107502601
6,57,0.2771045173579065
6,58,0.8024419002703382
6,59,0.4007530147718718
6,60,0.8232711538615224
6,61,0.5701198570961145
6,62,0.8928674477054463
6,63,0.7299775627943896
6,64,0.9381698728395356
6,65,0.5256377117374629
6,66,0.8242865844382647
6,67,0.45479465365068505
6,68,0.2844263449817348
6,69,0.9569982376817038
7,0,0.7608213714637009
7,1,1.0471736538081828
7,2,0.585424858886841
7,3,0.9312838126864865
7,4,0.9601290559145416
7,5,0.9945281421243063
7,6,0.6118113765547682
7,8,0.08806591837670524
7,9,0.5127726395921415
7,10,0.7237020381774527
7,11,0.9818797028915894
7,12,0.8279252589308215
7,13,0.547809609843799
7,14,0.6241769509144998
7,15,0.8310612548850355
7,16,0.8208892216741557
7,17,0.7167461510391335
7,18,0.7483042491649962
7,19,0.4693396164630497
7,20,0.16092236667810872
7,21,0.7253224096447035
7,22,0.9399153238867644
7,23,0.94380851703453
7,24,0.8485827713216478
7,25,0.9448438142294605
7,26,0.7209743864302227
7,27,0.9100197019190013
7,28,0.9705826135731226
7,29,0.5129635378307347
7,30,0.552557581348956
7,31,0.931892976601067
7,32,0.541603898172514
7,33,0.4960483658435746
7,34,0.7428791464207306
7,35,0.9587487698259951
7,36,0.9001299806519377
7,37,1.19795186877944
7,38,0.6838353552086986
7,39,1.1774850326065407
7,40,1.083501227350222
7,41,1.0187501458559427
7,42,0.803469736864365
7,43,1.207241986655673
7,44,0.3062022868634303
7,45,1.2002886352954334
7,46,0.5241088093824865
7,47,0.23914931021504068
7,48,1.2336292626809346
7,49,0.6867499295570828
7,50,0.6645935100921245
7,51,0.9564157573760866
7,52,1.1157286454389135
7,53,0.2201167144310048
7,54,0.8956326433758593
7,55,0.8608516767544461
7,56,0.44535832430923034
7,57,0.3726200862461702
7,58,0.7952394860644882
7,59,0.9997590924564475
7,60,0.9497310618691515
7,61,0.3054933430999654
7,62,1.2487585432111752
7,63,0.8749064144628274
7,64,0.9312783596602914
7,65,0.34292122350932547
7,66,0.6662522160295159
7,67,0.2925626407926303
7,68,0.6829729730921675
7,69,0.8649782643809674
8,0,0.6924616761162671
8,1,1.0190610176001542
8,2,0.5077197668541823
8,3,0.9250874846733027
8,4,0.9211037321292163
8,5,0.9517513171759469
8,6,0.5266938496115738
8,7,0.08806591837670524
8,9,0.47541375567602817
8,10,0.6374172824546409
8,11,0.923854978727237
8,12,0.785634608191058
8,13,0.5245192595104373
8,14,0.5705397410825022
8,15,0.8338052801659716
8,16,0.7532970421511652
8,17,0.6721334571006816
8,18,0.7237996016557263
8,19,0.4633148493454888
8,20,0.17122550684413562
8,21,0.6625497268900308
8,22,0.8528425521581418
8,23,0.9098667001782084
8,24,0.8114463412771704
8,25,0.8635754300669423
8,26,0.6406799784020256
8,27,0.8980670264225913
8,28,0.9541820950173272
8,29,0.4250499624641094
8,30,0.47309985223684353
8,31,0.8805552290535462
8,32,0.5225564098472749
8,33,0.422558262504319
8,34,0.7452387264914665
8,35,0.8737409998170751
8,36,0.8232068632634467
8,37,1.1386595800744934
8,38,0.6360791185348162
8,39,1.1315586123869716
8,40,1.0292242139170227
8,41,0.9499615019337239
8,42,0.7329788456160938
8,43,1.1592990598997763
8,44,0.2387954722495729
8,45,1.156363930197466
8,46,0.5256755704564512
8,47,0.18034299951469723
8,48,1.1809387765079786
8,49,0.6464017690769596
8,50,0.6451134124285498
8,51,0.8953941629355925
8,52,1.076132919595352
8,53,0.18952463037760828
8,54,0.830028352067119
8,55,0.8192489476776063
8,56,0.42385447003054605
8,57,0.3002034007901383
8,58,0.7876385356725059
8,59,0.9181677737900499
8,60,0.9274677633868693
8,61,0.30493270451456844
8,62,1.2013568326423374
8,63,0.8476929853514988
8,64,0.9281873635715987
8,65,0.3279328753936759
8,66,0.6780655126483007
8,67,0.2581536444944294
8,68,0.6163536571264341
8,69,0.8732792303027904
9,0,0.3546318269125217
9,1,0.5459187556657412
9,2,0.3319225394391904
9,3,0.5004450822450868
9,4,0.44751107244764904
9,5,0.4821982064288094
9,6,0.45389255929376043
9,7,0.5127726395921415
9,8,0.47541375567602817
9,10,0.5522439438057025
9,11,0.4980092008509437
9,12,0.3157895354540557
9,13,0.09722299896075477
9,14,0.15654196062433287
9,15,0.451517071362678
9,16,0.39876270184264073
9,17,0.20805412567280185
9,18,0.2601100221858537
9,19,0.17855943802758079
9,20,0.36688819525690913
9,21,0.287834144127499
9,22,0.7449552502999958
9,23,0.4344622448281652
9,24,0.33658079663638785
9,25,0.6324101831857216
9,26,0.44361480112962876
9,27,0.4572963847899958
9,28,0.49982885813271793
9,29,0.49169154195707343
9,30,0.3388718374035995
9,31,0.4307405453932197
9,32,0.11885096782006309
9,33,0.2601862771826935
9,34,0.3752326791687074
9,35,0.7057344150789444
9,36,0.5436963074039304
9,37,0.7122363076672047
9,38,0.18321063190116157
9,39,0.6665363355604303
9,40,0.5860881955714106
9,41,0.5840754010509763
9,42,0.4055550902454135
9,43,0.6980017204940229
9,44,0.2725943032356306
9,45,0.6881239632257921
9,46,0.23218786704174446
9,47,0.3011392883566565
9,48,0.731021243491151
9,49,0.17424917984594918
9,50,0.20218328753414203
9,51,0.4853051857148457
9,52,0.6030700024501366
9,53,0.2928694515644109
9,54,0.45202195123984446
9,55,0.34833922219609015
9,56,0.10678688132254241
9,57,0.2644967650721978
9,58,0.3696796264695524
9,59,0.6841759325016363
9,60,0.4622897240253417
9,61,0.25249533349006187
9,62,0.7388300704060599
9,63,0.37669238498879615
9,64,0.5138983336959793
9,65,0.19281963541197483
9,66,0.37124321949213746
9,67,0.22046536986140636
9,68,0.2826862371284713
9,69,0.5100254202385146
10,0,0.33739572823821323
10,1,0.9071937778366933
10,2,0.2203747439426787
10,3,0.9920799436726676
10,4,0.7493218339416977
10,5,0.7397771979882891
10,6,0.11700589573773483
10,7,0.7237020381774527
10,8,0.6374172824546409
10,9,0.5522439438057025
10,11,0.5814384294422421
10,12,0.6354222783748862
10,13,0.6477582554181067
10,14,0.4528644221660514
10,15,0.981253055393622
10,16,0.3731637219233162
10,17,0.5588709352677079
10,18,0.73357068612715
10,19,0.7142737630628554
10,20,0.6866144900568888
10,21,0.3899002733587214
10,22,0.21948262377513347
10,23,0.7822375786647958
10,24,0.6923725929077418
10,25,0.27028770498629995
10,26,0.15038242094433107
10,27,0.9336440335014332
10,28,0.9442745880084847
10,29,0.2262785833608868
10,30,0.22086492088588336
10,31,0.6153419694693212
10,32,0.6709423871759501
10,33,0.3063333871741511
10,34,0.9162706237989809
10,35,0.24085460951611357
10,36,0.2958098627818595
10,37,0.7371274674554309
10,38,0.5192491020984158
10,39,0.850946885709253
10,40,0.6954367531365112
10,41,0.4888977331964851
10,42,0.327965855579996
10,43,0.8562732838965741
10,44,0.4597253187239987
10,45,0.8882120866892669
10,46,0.7790848349837237
10,47,0.5270028233862647
10,48,0.8326692955152377
10,49,0.5813034279677466
10,50,0.723681157718374
10,51,0.5315477020102269
10,52,0.8600182775345404
10,53,0.5978826216373262
10,54,0.439626300889606
10,55,0.6611157191659914
10,56,0.6282209540776855
10,57,0.3938677752694342
10,58,0.884570325326429
10,59,0.3155797335256202
10,60,0.8827540015548291
10,61,0.6852904531819318
10,62,0.8959245684215642
10,63,0.7911264900101336
10,64,1.0147782446999767
10,65,0.6391562916900638
10,66,0.9233474396563328
10,67,0.5707714470331804
10,68,0.3371982533345946
10,69,1.0444747645661032
11,0,0.26650651625841937
11,1,0.3969157803650308
11,2,0.48214771006413776
11,3,0.6000235031332569
11,4,0.24589555494409288
11,5,0.2048159309776926
11,6,0.5756602501111229
11,7,0.9818797028915894
11,8,0.923854978727237
11,9,0.4980092008509437
11,10,0.5814384294422421
11,12,0.24057943793751682
11,13,0.5258353909178891
11,14,0.35917279019364734
11,15,0.6637703190246685
11,16,0.2135908611189621
11,17,0.3003904908579061
11,18,0.4231402728866062
11,19,0.6473534586733781
11,20,0.8539222919027069
11,21,0.2660409409295935
11,22,0.6367581676737145
11,23,0.30387288660624134
11,24,0.280077075330607
11,25,0.42210872285455586
11,26,0.4370295501737
11,27,0.5357634780442166
11,28,0.5034543445355963
11,29,0.7068358743618401
11,30,0.5224875810557728
11,31,0.10141951587468229
11,32,0.5497605798660068
11,33,0.5245903665856931
11,34,0.6482996530977443
11,35,0.541593594535969
11,36,0.3222110166188546
11,37,0.21650171526156495
11,38,0.315218784090675
11,39,0.26958351830587657
11,40,0.11744935535738105
11,41,0.1740813792391621
11,42,0.2566198891138985
11,43,0.2763273580079151
11,44,0.6859924098742091
11,45,0.30718354744522275
11,46,0.6657709168829301
11,47,0.7451894817446488
11,48,0.26790600407945575
11,49,0.34574465879487715
11,50,0.48936355296563555
11,51,0.05106637107415182
11,52,0.2948521009918853
11,53,0.7675602474706921
11,54,0.1419502057586623
11,55,0.2321582957669802
11,56,0.6001924868576813
11,57,0.6326637385434762
11,58,0.5640312746485537
11,59,0.4408153886099557
11,60,0.4347837636030397
11,61,0.7504228356879635
11,62,0.31733700990590114
11,63,0.375792363488691
11,64,0.6318499841458143
11,65,0.6903326464106962
11,66,0.719823748681527
11,67,0.6983079187714725
11,68,0.3223730314745877
11,69,0.7250375678774876
12,0,0.305559089048198
12,1,0.27761071186431663
12,2,0.4601169703718523
12,3,0.3890842969619889
12,4,0.13882943429139857
12,5,0.1666112401341075
12,6,0.5841217963678107
12,7,0.8279252589308215
12,8,0.785634608191058
12,9,0.3157895354540557
12,10,0.6354222783748862
12,11,0.24057943793751682
12,13,0.31132753982557515
12,14,0.23530770586228433
12,15,0.4316364614972481
12,16,0.2968164185250261
12,17,0.11475145024023407
12,18,0.18262171032227764
12,19,0.4308942903513167
12,20,0.6821873774295028
12,21,0.2455242688787739
12,22,0.7593674979316545
12,23,0.1507147781986514
12,24,0.05847644799769477
12,25,0.5731057908285846
12,26,0.4870747912115465
12,27,0.3246933822383042
12,28,0.31617431409578356
12,29,0.683945041315075
12,30,0.4920848699036601
12,31,0.14377302207329223
12,32,0.33145012376633537
12,33,0.4547101938404674
12,34,0.40894104161154404
12,35,0.6823438777285854
12,36,0.464883344665576
12,37,0.42878358727851124
12,38,0.15617344948975637
12,39,0.3510437427208261
12,40,0.29156947694653335
12,41,0.3925332657166731
12,42,0.3357054672879879
12,43,0.38378270129501346
12,44,0.5627327114885885
12,45,0.37241297805771384
12,46,0.43720978699728774
12,47,0.6066827715956121
12,48,0.4240390479966976
12,49,0.14159056735806047
12,50,0.25231501901514514
12,51,0.25723101623400196
12,52,0.2912182259413347
12,53,0.6078094933979069
12,54,0.28731867397438077
12,55,0.03410027435855858
12,56,0.4021096392002361
12,57,0.5285663001860325
12,58,0.32915350754984596
12,59,0.6089446295836614
12,60,0.2504883811945154
12,61,0.5588372758424704
12,62,0.42391577659344004
12,63,0.16471753301235856
12,64,0.4182639074581523
12,65,0.5027127824813528
12,66,0.4794325737499269
12,67,0.5353651995369755
12,68,0.301223509940286
12,69,0.4950839413550182
13,0,0.42621983085033266
13,1,0.49957024658756866
13,2,0.4277584932721046
13,3,0.41659720122054156
13,4,0.42725454822356657
13,5,0.4704591562969416
13,6,0.5508791666273671
13,7,0.547809609843799
13,8,0.5245192595104373
13,9,0.09722299896075477
13,10,0.6477582554181067
13,11,0.5258353909178891
13,12,0.31132753982557515
13,14,0.22612334114634328
13,15,0.3573486509262098
13,16,0.46245620112077573
13,17,0.22551230081527865
13,18,0.20054608050037276
13,19,0.12164971465347674
13,20,0.3910776067750037
13,21,0.3540746992203732
13,22,0.8364163439543739
13,23,0.4016042096518227
13,24,0.314884040981057
13,25,0.7125613273419847
13,26,0.5340573865879689
13,27,0.3797675408723925
13,28,0.4308573187078479
13,29,0.5869904880032011
13,30,0.4359013206085378
13,31,0.4447719006467559
13,32,0.026820298547663667
13,33,0.357350077964831
13,34,0.2788535196068532
13,35,0.7923462634074916
13,36,0.6183988763777182
13,37,0.7326580464346314
13,38,0.21938786861305212
13,39,0.6571714004000331
13,40,0.5992468739810088
13,41,0.6348058727773318
13,42,0.47637073834981414
13,43,0.6924401554954631
13,44,0.34872207543938083
13,45,0.6738877792809204
13,46,0.15132749879579285
13,47,0.36267985286431553
13,48,0.7353664353959474
13,49,0.1803403125464312
13,50,0.12189706198291728
13,51,0.522233897564688
13,52,0.580811649170135
13,53,0.33528056262031963
13,54,0.5044904029086217
13,55,0.3394871571002166
13,56,0.10245703602956402
13,57,0.3523575889647435
13,58,0.2816912420461108
13,59,0.7625434378406776
13,60,0.4032516512977986
13,61,0.2550722649250809
13,62,0.7311894020751777
13,63,0.3272920115247247
13,64,0.42698020035985323
13,65,0.20588813927925026
13,66,0.2758696366629304
13,67,0.267317557090885
13,68,0.3614052611623585
13,69,0.41439833660612174
14,0,0.20079579202635278
14,1,0.5068269455343152
14,2,0.2464442269040773
14,3,0.5419731353996947
14,4,0.3735811723249465
14,5,0.39265675742932155
14,6,0.3762635228841355
14,7,0.6241769509144998
14,8,0.5705397410825022
14,9,0.15654196062433287
14,10,0.4528644221660514
14,11,0.35917279019364734
14,12,0.23530770586228433
14,13,0.22612334114634328
14,15,0.5294773986217736
14,16,0.24230829444989735
14,17,0.1256212555515315
14,18,0.28227740099122195
14,19,0.33205446373371234
14,20,0.4951185606433769
14,21,0.13147458107759716
14,22,0.6224726728170302
14,23,0.38183365744809883
14,24,0.2793983498308938
14,25,0.48679665387338794
14,26,0.32159864393412196
14,27,0.48613721537378546
14,28,0.5068754764892338
14,29,0.45711301607882193
14,30,0.27086430390633326
14,31,0.3101464493828151
14,32,0.2528192826563209
14,33,0.221426980423173
14,34,0.469223852827363
14,35,0.5705319097904791
14,36,0.39248324144428787
14,37,0.575674080160675
14,38,0.08098672140205575
14,39,0.5646209814686334
14,40,0.4595040307871644
14,41,0.4290712388868702
14,42,0.25141061465227743
14,43,0.5902108916067871
14,44,0.33728739681953873
14,45,0.5920553323528074
14,46,0.3765610557898777
14,47,0.39034461342452015
14,48,0.6105553801972347
14,49,0.1323133560950362
14,50,0.2739953260957587
14,51,0.33898970323060706
14,52,0.5218049981697648
14,53,0.40845640433922686
14,54,0.29712930504732316
14,55,0.2689303233979617
14,56,0.26313966522395105
14,57,0.2958436015630717
14,58,0.43175456560009456
14,59,0.536450916071035
14,60,0.4526681582030415
14,61,0.400027031607372
14,62,0.6325937465839319
14,63,0.35912112658881623
14,64,0.5632795103347469
14,65,0.33920562578148367
14,66,0.49298380700891486
14,67,0.33921651169116573
14,68,0.13655593662755522
14,69,0.5933686989591056
15,0,0.6983215258327156
15,1,0.3850268351178301
15,2,0.7670140660165075
15,3,0.13098701543520885
15,4,0.44290764462386434
15,5,0.49898474263887993
15,6,0.8952536606957618
15,7,0.8310612548850355
15,8,0.8338052801659716
15,9,0.451517071362678
15,10,0.981253055393622
15,11,0.6637703190246685
15,12,0.4316364614972481
15,13,0.3573486509262098
15,14,0.5294773986217736
15,16,0.7098986488177256
15,17,0.4439838688525219
15,18,0.26249903253948276
15,19,0.372229485984185
15,20,0.671865307978234
15,21,0.6245888078041704
15,22,1.14788255975943
15,23,0.38386767038237773
15,24,0.38422150219968115
15,25,0.9866271292843758
15,26,0.8501133397755318
15,27,0.1617326339109713
15,28,0.234557845238963
15,29,0.9432056637733619
15,30,0.7820061105436673
15,31,0.5623719027401939
15,32,0.34344712159174356
15,33,0.7089691525693447
15,34,0.08857957163070426
15,35,1.0858045044937872
15,36,0.8808178069062811
15,37,0.8131689516013967
15,38,0.4736882481341531
15,39,0.6465120915877759
15,40,0.6769978460204685
15,41,0.8238715841340706
15,42,0.7405583484355827
15,43,0.6891792469788521
15,44,0.6983576490179672
15,45,0.6423098793937309
15,46,0.3083521493250526
15,47,0.6982309752737883
15,48,0.760496284910503
15,49,0.40892453946356505
15,50,0.2582256292875534
15,51,0.6873605296112899
15,52,0.5391821497650104
15,53,0.650574730674692
15,54,0.7160261706078146
15,55,0.43256429000869867
15,56,0.432249257849605
15,57,0.7088902937394517
15,58,0.10384294606992446
15,59,1.0282744031315498
15,60,0.2740390906253644
15,61,0.5295847491968589
15,62,0.714175253216246
15,63,0.292369430802244
15,64,0.11352801734316703
15,65,0.5099948319751515
15,66,0.17818861898902677
15,67,0.5958107519314046
15,68,0.6582512699021374
15,69,0.06513182305670259
16,0,0.061373318743899834
16,1,0.5480138075167186
16,2,0.27575843823666196
16,3,0.6838265844953897
16,4,0.3868886336518527
16,5,0.37011487707068047
16,6,0.36216719791468466
16,7,0.8208892216741557
16,8,0.7532970421511652
16,9,0.39876270184264073
16,10,0.3731637219233162
16,11,0.2135908611189621
16,12,0.2968164185250261
16,13,0.46245620112077573
16,14,0.24230829444989735
16,15,0.7098986488177256
16,17,0.2691800224308044
16,18,0.4474677124570906
16,19,0.5736444706365813
16,20,0.7124861044359151
16,21,0.11095072442061368
16,22,0.46505796962774754
16,23,0.42873413991545506
16,24,0.35491793673968436
16,25,0.27807161210994913
16,26,0.22531722207533422
16,27,0.6200986479906675
16,28,0.6122330127289181
16,29,0.4953167931963698
16,30,0.316755021687241
16,31,0.2437815913447237
16,32,0.4892251025031226
16,33,0.33494055051785654
16,34,0.6681489205914599
16,35,0.38552897123516733
16,36,0.17102825692434376
16,37,0.4031323335468855
16,38,0.2511543058759037
16,39,0.480626327739992
16,40,0.33074755293488567
16,41,0.1982632029798947
16,42,0.045331030962442787
16,43,0.4897549127260702
16,44,0.5155665941576253
16,45,0.517083900260776
16,46,0.6137468316421103
16,47,0.5819083558980632
16,48,0.4778104092307622
16,49,0.3112476672312536
16,50,0.47824521295708045
16,51,0.16733456721639695
16,52,0.48725803496172143
16,53,0.6196905250175851
16,54,0.08093485610225314
16,55,0.3138148802147207
16,56,0.5051005841257479
16,57,0.45367096212411473
16,58,0.6061820031730705
16,59,0.31839221892918573
16,60,0.545212652760111
16,61,0.6350618639176103
16,62,0.5309192483804885
16,63,0.46152946731915945
16,64,0.7118042997478606
16,65,0.5746626530318028
16,66,0.7126721984483361
16,67,0.5575125793465858
16,68,0.1380781825695183
16,69,0.7749318685571859
17,0,0.2544135137498074
17,1,0.38127469834245115
17,2,0.3652586754453412
17,3,0.4349753254363212
17,4,0.25325132894850244
17,5,0.2796988210326072
17,6,0.49354361699475147
17,7,0.7167461510391335
17,8,0.6721334571006816
17,9,0.20805412567280185
17,10,0.5588709352677079
17,11,0.3003904908579061
17,12,0.11475145024023407
17,13,0.22551230081527865
17,14,0.1256212555515315
17,15,0.4439838688525219
17,16,0.2691800224308044
17,18,0.18250265299505855
17,19,0.3469678506813774
17,20,0.5745357137653372
17,21,0.1813948268078801
17,22,0.7074321410462727
17,23,0.2567902466319134
17,24,0.15402329079301946
17,25,0.5433497015629903
17,26,0.4168522365499084
17,27,0.3751520085260078
17,28,0.38756046609697237
17,29,0.5818447971221679
17,30,0.39318325940237603
17,31,0.22398219523183516
17,32,0.24980875562359495
17,33,0.3470457003062182
17,34,0.39898938481636076
17,35,0.6420204051741275
17,36,0.4388229157379582
17,37,0.5095478207347229
17,38,0.044692037877760396
17,39,0.4607552168414241
17,40,0.3796585384974884
17,41,0.4174184703890641
17,42,0.29702173877417776
17,43,0.49090409919157924
17,44,0.4479854903330918
17,45,0.48438473177360974
17,46,0.3687494498109159
17,47,0.4926982796390363
17,48,0.5230571826970577
17,49,0.04682369110890235
17,50,0.21070297254340364
17,51,0.2979496456996637
17,52,0.40584855033169376
17,53,0.4968169723181767
17,54,0.2918518460350637
17,55,0.1488346420532528
17,56,0.3035253125564753
17,57,0.4146151432791631
17,58,0.34111507935427976
17,59,0.5866772817453167
17,60,0.3300765585897614
17,61,0.4579591960739038
17,62,0.5321613751931552
17,63,0.23658387225330219
17,64,0.4595074687885837
17,65,0.39959444251666315
17,66,0.4470232297914526
17,67,0.42458389488017506
17,68,0.22281605616169595
17,69,0.509107512209211
18,0,0.4367805426338935
18,1,0.2997572109212436
18,2,0.5281019079234444
18,3,0.25976283693938335
18,4,0.2521964792636881
18,5,0.30414944099925734
18,6,0.658022064409408
18,7,0.7483042491649962
18,8,0.7237996016557263
18,9,0.2601100221858537
18,10,0.73357068612715
18,11,0.4231402728866062
18,12,0.18262171032227764
18,13,0.20054608050037276
18,14,0.28227740099122195
18,15,0.26249903253948276
18,16,0.4474677124570906
18,17,0.18250265299505855
18,19,0.2978803104958732
18,20,0.5908887158097985
18,21,0.36385755061734154
18,22,0.8894723634465402
18,23,0.21282666488703603
18,24,0.15226032792144362
18,25,0.7241658781138739
18,26,0.5958556109759322
18,27,0.20597109049072465
18,28,0.2402054488854339
18,29,0.7276089513247896
18,30,0.5496545077113911
18,31,0.3248347623189495
18,32,0.20832673687681827
18,33,0.48763121540276994
18,34,0.22773303850312815
18,35,0.8243969237573975
18,36,0.6183388391480621
18,37,0.6027227925504072
18,38,0.21604208549824938
18,39,0.48526297868911944
18,40,0.4635461195204841
18,41,0.5714803715829296
18,42,0.47821835344839714
18,43,0.5243307195122892
18,44,0.5326715375371398
18,45,0.49573840658238727
18,46,0.2815307645691335
18,47,0.5568426726984641
18,48,0.5796062812439939
18,49,0.15241724801903558
18,50,0.0910560179179382
18,51,0.4384844600685226
18,52,0.3963724111732873
18,53,0.5351042341133192
18,54,0.45708249950462343
18,55,0.19496386349632192
18,56,0.30295911165088424
18,57,0.5209034332401314
18,58,0.1590037339980829
18,59,0.7658596837587293
18,60,0.20399545002332506
18,61,0.45180865134383563
18,62,0.5594359634248411
18,63,0.12801244960169514
18,64,0.2812588908755949
18,65,0.40588064089974646
18,66,0.29781802748564723
18,67,0.465768837499558
18,68,0.4019619528803496
18,69,0.32759031955986023
19,0,0.5321735292888726
19,1,0.5949654748362034
19,2,0.4955683275264684
19,3,0.4628937185432186
19,4,0.5402865020921813
19,5,0.5863039101104566
19,6,0.6078254212415745
19,7,0.4693396164630497
19,8,0.4633148493454888
19,9,0.17855943802758079
19,10,0.7142737630628554
19,11,0.6473534586733781
19,12,0.4308942903513167
19,13,0.12164971465347674
19,14,0.33205446373371234
19,15,0.372229485984185
19,16,0.5736444706365813
19,17,0.3469678506813774
19,18,0.2978803104958732
19,20,0.3084271992513999
19,21,0.463279944791614
19,22,0.9155527426255576
19,23,0.5087214435729946
19,24,0.4293729601286865
19,25,0.8107438336329671
19,26,0.6169524025721798
19,27,0.4409093556352236
19,28,0.5034382700895136
19,29,0.6165944158407576
19,30,0.49452756744046367
19,31,0.5661567064944434
19,32,0.09947004449042339
19,33,0.4099867236442176
19,34,0.2841015259948978
19,35,0.8814809321510538
19,36,0.7220936877232388
19,37,0.854169179356729
19,38,0.3382017288335011
19,39,0.7725162250195364
19,40,0.7202641371745528
19,41,0.7522642521826115
19,42,0.5830199432798868
19,43,0.8089575358276752
19,44,0.3396603803440149
19,45,0.7871792016128766
19,46,0.07264440172316028
19,47,0.3288015928736287
19,48,0.8545498728083346
19,49,0.30198710373356163
19,50,0.2074715465308059
19,51,0.6427913368663895
19,52,0.6910607318616123
19,53,0.2783621118119342
19,54,0.6209895714900647
19,55,0.4576961001430514
19,56,0.08621733439362003
19,57,0.366908551610917
19,58,0.3261466528071666
19,59,0.8626854123779994
19,60,0.48915938021860084
19,61,0.16390347296402907
19,62,0.8468101566514189
19,63,0.425253196299357
19,64,0.46496189949764477
19,65,0.1378041404506334
19,66,0.2355874065921568
19,67,0.2259978807825791
19,68,0.46122098909962983
19,69,0.41683418847273773
20,0,0.6552749015709463
20,1,0.890480051144788
20,2,0.5110552699249648
20,3,0.7704861721273949
20,4,0.8106575526851392
20,5,0.8481049722725745
20,6,0.5697816547286317
20,7,0.16092236667810872
20,8,0.17122550684413562
20,9,0.36688819525690913
20,10,0.6866144900568888
20,11,0.8539222919027069
20,12,0.6821873774295028
20,13,0.3910776067750037
20,14,0.4951185606433769
20,15,0.671865307978234
20,16,0.7124861044359151
20,17,0.5745357137653372
20,18,0.5908887158097985
20,19,0.3084271992513999
20,21,0.6090905279213696
20,22,0.9060434321853758
20,23,0.7907067246262329
20,24,0.6982558372692018
20,25,0.8744922801229068
20,26,0.6513306486016195
20,27,0.7491898601158808
20,28,0.8102557668491082
20,29,0.5050650876346636
20,30,0.48601063434309316
20,31,0.7951364655734273
20,32,0.38306647715589015
20,33,0.4132878253571302
20,34,0.5834579961329306
20,35,0.9073952340412517
20,36,0.8146583439377235
20,37,1.0703056420126738
20,38,0.5456918957840492
20,39,1.0331896609815272
20,40,0.9493731559141185
20,41,0.9101933362257695
20,42,0.7020055903531474
20,43,1.0648893710528258
20,44,0.22843497547136649
20,45,1.0539901918460652
20,46,0.3640686377860344
20,47,0.15961575896813268
20,48,1.096610015931985
20,49,0.5406364897484117
20,50,0.5055907158268835
20,51,0.8335426198870499
20,52,0.9660391329095654
20,53,0.09497069628357013
20,54,0.7819312234763511
20,55,0.7142109860639952
20,56,0.28895352116874484
20,57,0.2976547743431739
20,58,0.6343310451189831
20,59,0.9299796592419601
20,60,0.7909018800803658
20,61,0.14457197239366645
20,62,1.1056709487542664
20,63,0.7182592962695303
20,64,0.770847010662142
20,65,0.18518964798977586
20,66,0.5105465825771428
20,67,0.15635448730333018
20,68,0.5754703576094969
20,69,0.7078814653827215
21,0,0.07502029510640963
21,1,0.5193017355621304
21,2,0.22968590995633797
21,3,0.6141179464824041
21,4,0.36495663533120415
21,5,0.364687202189515
21,6,0.3446113293419675
21,7,0.7253224096447035
