siteNum=70
demandLowerBound=0
demandUpperBound=1000
fixedCostLowerBound=500
fixedCostUpperBound=1500
coordinateLowerBound=0
coordinateUpperBound=1
facilityFailProbility=0.05
Coordinate: index, x, y
0,0.11100415288175258,0.7866418760170809
1,0.2970882688138934,0.8581331522570241
2,0.3539900751927091,0.6952027866349652
3,0.6453011054445723,0.31813432576430867
4,0.3309737050333379,0.03862166867651551
5,0.1944718098432,0.10575171260379757
6,0.8343690078694773,0.49276182949650604
7,0.429292066656041,0.8872536813330388
8,0.09354065928417554,0.7069285676019245
9,0.597248711722717,0.7091945947262798
10,0.491547839613208,0.5066921874733843
11,0.8275213670110315,0.01621080634589256
12,0.005270322848553333,0.8885064087124561
13,0.5881478276704925,0.17388594917485167
14,0.10193236619743273,0.16665523182217035
15,0.03196870053650602,0.0948045021820707
16,0.7236152623444906,0.24617166632471565
17,0.6718944230388433,0.32600990844348754
18,0.3842339236166131,0.7205521699895496
19,0.6896585255645672,0.6001308628973615
20,0.4848125064285157,0.885193727385375
21,0.6324481048722607,0.11862315012526103
22,0.9153098455036229,0.04579418259139589
23,0.6169055117568446,0.2003650960396286
24,0.2109938539124817,0.4432758922161837
25,0.15683391751072773,0.0985160583568725
26,0.35687201254430756,0.100101953583277
27,0.04803124734816888,0.1752018171478984
28,0.1324520735318705,0.7907320243361278
29,0.85592154701042,0.799578792935983
30,0.9343068410685985,0.437809443264942
31,0.9910526722724977,0.13915401517424641
32,0.6961305001205877,0.646093342508682
33,0.15849072165022848,0.022472631249009556
34,0.41330116805564887,0.5764812857088946
35,0.6391757867056611,0.4239054594273479
36,0.7954185664949319,0.25212091267069836
37,0.33893043103525666,0.7862355004203163
38,0.9856045090840275,0.5687823783276462
39,0.1694667857585569,0.4975547976446866
40,0.9647983305634873,0.4129855406301728
41,0.6395626525446328,0.2736947864148671
42,0.9447976819283274,0.26604555330318913
43,0.9452734445803745,0.29977738221188754
44,0.17625985831348412,0.8845159835391708
45,0.537193014681739,0.22134919364729522
46,0.9837264445209704,0.44832508453643827
47,0.10648425882038026,0.7505683834135441
48,0.06917773639085179,0.35790362854394475
49,0.41267608411318546,0.05050538817764705
50,0.8825484642195015,0.9000789461381952
51,0.40791300180368406,0.09069095350748047
52,0.05879373592542092,0.6404263074583845
53,0.053192367679677166,0.8219675792674346
54,0.4645133545057186,0.6357493356510137
55,0.19722265872980438,0.13859533150068737
56,0.9808146903590215,0.09143538125410788
57,0.47957410298878544,0.9065617838560064
58,0.4707259591227345,0.1460109481427092
59,0.8565081885014522,0.28201614897377225
60,0.3583770911164681,0.5837970027328572
61,0.40572804770835735,0.8988695466833263
62,0.27131332893653204,0.24847975128541788
63,0.7252537625748625,0.973515856568532
64,0.46850094647471663,0.6250162697892329
65,0.24416671745196217,0.7477849975431649
66,0.4869942149902956,0.48380144990364715
67,0.5442676619217893,0.2868715008111802
68,0.18304057893328252,0.4716050847042538
69,0.44982457416411326,0.1349795393729868
Demand:index, demand
0,5
1,518
2,137
3,928
4,706
5,904
6,721
7,975
8,630
9,698
10,480
11,358
12,413
13,918
14,664
15,63
16,946
17,93
18,704
19,117
20,799
21,664
22,929
23,782
24,272
25,74
26,922
27,708
28,727
29,661
30,868
31,414
32,378
33,377
34,330
35,56
36,438
37,608
38,921
39,42
40,88
41,254
42,754
43,596
44,274
45,813
46,355
47,704
48,696
49,432
50,841
51,226
52,540
53,978
54,87
55,224
56,816
57,599
58,997
59,579
60,981
61,175
62,766
63,830
64,246
65,224
66,132
67,192
68,241
69,668
Fixcost:index, fixedCost
0,1080
1,1442
2,1456
3,612
4,901
5,1326
6,1416
7,575
8,1498
9,1304
10,925
11,564
12,1063
13,637
14,735
15,692
16,1098
17,1106
18,1201
19,1143
20,630
21,817
22,965
23,1438
24,932
25,573
26,1177
27,1229
28,1350
29,1011
30,1108
31,673
32,1388
33,954
34,1152
35,1424
36,1203
37,1435
38,1163
39,560
40,971
41,630
42,536
43,995
44,502
45,766
46,711
47,1461
48,619
49,573
50,1242
51,1224
52,911
53,892
54,638
55,940
56,1194
57,642
58,1147
59,1241
60,984
61,964
62,1284
63,1198
64,1221
65,1373
66,1128
67,1390
68,948
69,1137
TransCost:start_index, end_index, transCost
0,1,0.19934467833544564
0,2,0.25962138877283736
0,3,0.7106142119052854
0,4,0.7796927821030483
0,5,0.6859870730499238
0,6,0.7807830653736972
0,7,0.33381122123698165
0,8,0.0816038304684435
0,9,0.49237369180509694
0,10,0.4724249417916891
0,11,1.0521221180349145
0,12,0.14681970519905232
0,13,0.7766182538874438
0,14,0.6200530108738385
0,15,0.6963372419757121
0,16,0.8169457870642801
0,17,0.7257959111951611
0,18,0.28110915470441367
0,19,0.6079697698404797
0,20,0.3865813660660071
0,21,0.847438973147689
0,22,1.093509465911523
0,23,0.7743750045374622
0,24,0.3576284931933872
0,25,0.6896502796754872
0,26,0.729238006079263
0,27,0.6146743303744602
0,28,0.02183443641327974
0,29,0.7450297228264192
0,30,0.8941540038021764
0,31,1.092577652352762
0,32,0.6017696673183383
0,33,0.7656432647537675
0,34,0.368172458369352
0,35,0.6407362817076752
0,36,0.8684098973516003
0,37,0.227926640421944
0,38,0.9013259919710731
0,39,0.2949393468575783
0,40,0.9319783016884048
0,41,0.7365383929553547
0,42,0.9829710984068494
0,43,0.9659411402355257
0,44,0.117633532696415
0,45,0.7079496893587816
0,46,0.9360034453578494
0,47,0.03635555405909048
0,48,0.4307736458545328
0,49,0.7955519359674008
0,50,0.7798388251653696
0,51,0.7566389833402124
0,52,0.1552575928181835
0,53,0.0677503344521852
0,54,0.384366120217351
0,55,0.6537568008138107
0,56,1.1135000859753514
0,57,0.3875881737334062
0,58,0.7347161109125435
0,59,0.9002351867813467
0,60,0.3199053191001506
0,61,0.31536839449275006
0,62,0.56153139219732
0,63,0.6420470914312143
0,64,0.3923350532615837
0,65,0.13871598901226895
0,66,0.48278447623442927
0,67,0.6614285269015336
0,68,0.3231677993844055
0,69,0.7344815034283689
1,0,0.19934467833544564
1,2,0.1725807625748306
1,3,0.6425347556419759
1,4,0.8202117376068867
1,5,0.7593470671480504
1,6,0.6497436387190606
1,7,0.13537300091803556
1,8,0.25356351426414586
1,9,0.3350805655458997
1,10,0.4016531792523361
1,11,0.9950841714184373
1,12,0.29339435627690175
1,13,0.743579115984018
1,14,0.7184897638623361
1,15,0.808058793349122
1,16,0.7459370861371145
1,17,0.6508723375989622
1,18,0.16285850248813516
1,19,0.46976226732265014
1,20,0.1896646095460835
1,21,0.8119983145881616
1,22,1.0208293292819077
1,23,0.7313972140114026
1,24,0.42369658304712576
1,25,0.7724567382091917
1,26,0.7603850302163909
1,27,0.726928200316449
1,28,0.17789881630283383
1,29,0.561892557180974
1,30,0.7633606809151133
1,31,0.999258521518807
1,32,0.4518800540899526
1,33,0.8470760216480989
1,34,0.3046854310271822
1,35,0.5527907010049411
1,36,0.7845915626077729
1,37,0.0831867710576107
1,38,0.7468456892084542
1,39,0.3824970493378795
1,40,0.8024918209544173
1,41,0.6773897747825847
1,42,0.8775506872380432
1,43,0.8555145749933905
1,44,0.123675214050826
1,45,0.6805469116313289
1,46,0.7996340642489057
1,47,0.21886084191092414
1,48,0.549702453317764
1,49,0.8158573088215348
1,50,0.586960893099953
1,51,0.7754028951866201
1,52,0.3227701266795214
1,53,0.2465626882959721
1,54,0.2783625714911592
1,55,0.7264350043715166
1,56,1.0272815055182032
1,57,0.18880257422253582
1,58,0.7329857304807639
1,59,0.8030326568797244
1,60,0.28109899088218493
1,61,0.11602609787928439
1,62,0.6101980144526264
1,63,0.44343980256829824
1,64,0.28935408577442845
1,65,0.12238221213602632
1,66,0.41974812897728536
1,67,0.6224447981868116
1,68,0.4030022612507069
1,69,0.7391072498624754
2,0,0.25962138877283736
2,1,0.1725807625748306
2,3,0.4764900214377713
2,4,0.6569844121095118
2,5,0.6106542767037773
2,6,0.521292873619817
2,7,0.20628605399462732
2,8,0.2607132374590546
2,9,0.2436606963383768
2,10,0.23336320307328595
2,11,0.8278055288701601
2,12,0.3987126233056169
2,13,0.5714902431930585
2,14,0.585572887318506
2,15,0.6813045322830675
2,16,0.5815941247846881
2,17,0.48720278702690434
2,18,0.03946240747782334
2,19,0.3488724398088982
2,20,0.2306752394204309
2,21,0.6402991109869516
2,22,0.8583772012045255
2,23,0.5603470949486898
2,24,0.28968099597991515
2,25,0.6284151511661193
2,26,0.5951078112928041
2,27,0.6033339146803322
2,28,0.2412569614242104
2,29,0.5126690483074278
2,30,0.6348376815910115
2,31,0.8455997805351062
2,32,0.3456469410716981
2,33,0.700561103117451
2,34,0.13271247310910622
2,35,0.3936154593015188
2,36,0.6254443700034744
2,37,0.09226997269575166
2,38,0.6441419973394376
2,39,0.2703952142614606
2,40,0.672854589619201
2,41,0.5091372027115743
2,42,0.7302256905215356
2,43,0.7113207949846433
2,44,0.2596680891330833
2,45,0.5080359678455311
2,46,0.6763996560083315
2,47,0.253622708850728
2,48,0.4414621052623828
2,49,0.6473629455109771
2,50,0.566875834150117
2,51,0.6069120516231693
2,52,0.30023547656429656
2,53,0.3264177897974442
2,54,0.12549943467602812
2,55,0.5782628139310974
2,56,0.8703126897723186
2,57,0.24585356158447205
2,58,0.5614614341728454
2,59,0.650574862521709
2,60,0.11149212795331559
2,61,0.21013559181782293
2,62,0.4543092720641096
2,63,0.46399880437824387
2,64,0.13430892296754063
2,65,0.1217623045504908
2,66,0.24976113864067012
2,67,0.4504886224911216
2,68,0.2814598773893838
2,69,0.5683610982164911
3,0,0.7106142119052854
3,1,0.6425347556419759
3,2,0.4764900214377713
3,4,0.4206293381607645
3,5,0.4983507079811534
3,6,0.2573741183318401
3,7,0.6087337231674551
3,8,0.6749818904483339
3,9,0.3940014803309873
3,10,0.24329844628790598
3,11,0.35265001815305713
3,12,0.8573002482660792
3,13,0.15515827824842263
3,14,0.564088204709651
3,15,0.6527272393669393
3,16,0.10635662426273158
3,17,0.02773498410322862
3,18,0.4796834318365426
3,19,0.2854638815590073
3,20,0.5893326355980792
3,21,0.19992475791803965
3,22,0.3835021164110032
3,23,0.12114413403389777
3,24,0.45197699099333327
3,25,0.5355673412998986
3,26,0.361565287258273
3,27,0.6141343382435785
3,28,0.6973970993839703
3,29,0.5254995198623973
3,30,0.31280417032446184
3,31,0.38933031932137074
3,32,0.33187459081265364
3,33,0.5695613991253747
3,34,0.34722776769877417
3,35,0.10594834706600086
3,36,0.16399092298195617
3,37,0.5594476739180824
3,38,0.42264743319035025
3,39,0.5085371230508453
3,40,0.3332795070510891
3,41,0.044808509228442185
3,42,0.3039924991541667
3,43,0.3005334950104423
3,44,0.7353828076410868
3,45,0.14510245031457175
3,46,0.3626035628598233
3,47,0.6908855248310102
3,48,0.5774943582524316
3,49,0.3545978691182357
3,50,0.628447173935715
3,51,0.3287607022345816
3,52,0.6692256838799366
3,53,0.7774578475217049
3,54,0.36546341184154224
3,55,0.4827095864715261
3,56,0.4049219395194392
3,57,0.6113201393535445
3,58,0.24515900725275994
3,59,0.21427308423614055
3,60,0.39102691458804917
3,61,0.628210670721964
3,62,0.3804190015276093
3,63,0.6602403943273093
3,64,0.3541677904331264
3,65,0.5877997082257087
3,66,0.22914333415114074
3,67,0.10575973210121767
3,68,0.48707090676830367
3,69,0.2678745043103039
4,0,0.7796927821030483
4,1,0.8202117376068867
4,2,0.6569844121095118
4,3,0.4206293381607645
4,5,0.15211577889284927
4,6,0.6779750117718907
4,7,0.8543083712206233
4,8,0.7092309654583763
4,9,0.7215056675718989
4,10,0.49484751516284703
4,11,0.4970531434021075
4,12,0.9101575492806541
4,13,0.2905769346195991
4,14,0.2623976527858363
4,15,0.30423757738790813
4,16,0.4441220485986877
4,17,0.4458911709394434
4,18,0.6840072072022226
4,19,0.6662937607947893
4,20,0.8604363006064201
4,21,0.31190872189189045
4,22,0.5843801588140787
4,23,0.3285086519276706
4,24,0.42206658870784186
4,25,0.1841521205786191
4,26,0.06671242586017476
4,27,0.31418238543462085
4,28,0.777869414017824
4,29,0.9244598324197943
4,30,0.7234374557755512
4,31,0.6676907934694439
4,32,0.7087745195101512
4,33,0.1732373255582439
4,34,0.5441238634740324
4,35,0.4933884094326544
4,36,0.5111662709179537
4,37,0.747656171581107
4,38,0.8423846316676503
4,39,0.4865224576914683
4,40,0.7361263237736907
4,41,0.38792590685510764
4,42,0.6546002581040334
4,43,0.6675076604202579
4,44,0.859926488883681
4,45,0.27552813296251627
4,46,0.7706769932182339
4,47,0.7465009283891403
4,48,0.41288993581128164
4,49,0.08256210714661229
4,50,1.022909260815916
4,51,0.09290245319862957
4,52,0.6604928151334898
4,53,0.8311397517996023
4,54,0.6118776745785169
4,55,0.1669852557735897
4,56,0.6519835844906556
4,57,0.8805692033056263
4,58,0.17624741095214855
4,59,0.5791609157680354
4,60,0.545863618894193
4,61,0.8634897934335964
4,62,0.21817372736490803
4,63,1.0146348635490607
4,64,0.602305877733746
4,65,0.7144564927986732
4,66,0.47172813901723726
4,67,0.3272954188497324
4,68,0.45755748092757087
4,69,0.15300447162844152
5,0,0.6859870730499238
5,1,0.7593470671480504
5,2,0.6106542767037773
5,3,0.4983507079811534
5,4,0.15211577889284927
5,6,0.7478270218567852
5,7,0.8160183087022794
5,8,0.6095906069967018
5,9,0.7255153648765477
5,10,0.4990064447004271
5,11,0.6393506985402256
5,12,0.8052962914115176
5,13,0.3995285737034024
5,14,0.11078261273074777
5,15,0.16287142766722743
5,16,0.5474582693940885
5,17,0.5257813465929654
5,18,0.6434199734430722
5,19,0.6997289672951238
5,20,0.8317617294035662
5,21,0.43816538990574294
5,22,0.7233272973280942
5,23,0.4328994396365529
5,24,0.3379283204516034
5,25,0.0383270874397184
5,26,0.16249844803674518
5,27,0.16207453644865888
5,28,0.6877822876121826
5,29,0.9585988588564401
5,30,0.8109366250947824
5,31,0.7972808690829171
5,32,0.7373130397186063
5,33,0.09071959049096173
5,34,0.519107521628592
5,35,0.546793776167169
5,36,0.6185151146564329
5,37,0.6956482435238567
5,38,0.916672430701801
5,39,0.39260018934920504
5,40,0.8293344160281566
5,41,0.4757212779535744
5,42,0.7672568212055653
5,43,0.7754669916836443
5,44,0.7789771914915251
5,45,0.36169130742883715
5,46,0.8603949055623471
5,47,0.6507920928293139
5,48,0.28156561145596154
5,49,0.22508945260116148
5,50,1.0509068637287007
5,51,0.2139718880836207
5,52,0.5516207593310417
5,53,0.7300171562633174
5,54,0.5948276357731019
5,55,0.03295861756568484
5,56,0.786473192856078
5,57,0.8500471091509217
5,58,0.27917227842380216
5,59,0.6850994951069206
5,60,0.5053634737927207
5,61,0.8207710379709696
5,62,0.16209846415827947
5,63,1.0172237172306224
5,64,0.5871351190927013
5,65,0.6439536651128543
5,66,0.4780072817285599
5,67,0.3939054655773051
5,68,0.36603191516231304
5,69,0.2570200383316087
6,0,0.7807830653736972
6,1,0.6497436387190606
6,2,0.521292873619817
6,3,0.2573741183318401
6,4,0.6779750117718907
6,5,0.7478270218567852
6,7,0.5654300570965879
6,8,0.7711640770798004
6,9,0.3210438859560071
6,10,0.34310407790925085
6,11,0.47660021805620567
6,12,0.9187047411885032
6,13,0.4028730527467567
6,14,0.8017536698453921
6,15,0.8956652765242691
6,16,0.27032036682592697
6,17,0.2328179415138769
6,18,0.5044898743258084
6,19,0.18019221132544472
6,20,0.525540238402641
6,21,0.4251491532025798
6,22,0.4542372690310741
6,23,0.3643984383580441
6,24,0.6253362619898354
6,25,0.7838899965740878
6,26,0.6182112573358379
6,27,0.8480397603087454
6,28,0.7625441755876615
6,29,0.3075730173432696
6,30,0.11404970520382052
6,31,0.38676641146889157
6,32,0.20644717946061383
6,33,0.823397466458904
6,34,0.4293099964757191
6,35,0.2069821086166805
6,36,0.2437728199246938
6,37,0.5758352011999742
6,38,0.16926695091542232
6,39,0.6649194970157735
6,40,0.15289232970853323
6,41,0.29315505357998217
6,42,0.2521800189256875
6,43,0.2225820994058397
6,44,0.7658844364125678
6,45,0.40246538959982014
6,46,0.15582768748123954
6,47,0.7721919626238322
6,48,0.7769841802194154
6,49,0.6110774761306059
6,50,0.41015666948555557
6,51,0.5861106673898456
6,52,0.7895073150407481
6,53,0.8477106634108501
6,54,0.3965332662481399
6,55,0.728964593464344
6,56,0.4272110204321591
6,57,0.5450778171575356
6,58,0.5024663577011508
6,59,0.21190536845027166
6,60,0.48461913662212736
6,61,0.5904714647521396
6,62,0.6137633349376355
6,63,0.4929813092822833
6,64,0.3890381412225578
6,65,0.6429428900412814
6,66,0.34749033818266445
6,67,0.3557381317300855
6,68,0.6516719498265183
6,69,0.5252452652045606
7,0,0.33381122123698165
7,1,0.13537300091803556
7,2,0.20628605399462732
7,3,0.6087337231674551
7,4,0.8543083712206233
7,5,0.8160183087022794
7,6,0.5654300570965879
7,8,0.3811117345271957
7,9,0.24477433065026794
7,10,0.3856200615569504
7,11,0.9577589810213729
7,12,0.4240235943286999
7,13,0.7308410730740271
7,14,0.7914710979699874
7,15,0.8864770492244011
7,16,0.7054163972345647
7,17,0.6114331328361151
7,18,0.1726836128252041
7,19,0.38759541507996736
7,20,0.05555864147723091
7,21,0.7950253262434228
7,22,0.9717342071669979
7,23,0.7120496705911566
7,24,0.49474274821984304
7,25,0.8344701797750371
7,26,0.7904761266078701
7,27,0.807698996922024
7,28,0.3121384497100397
7,29,0.43554517511147295
7,30,0.6760473692779068
7,31,0.9355362571966225
7,32,0.3596679838346637
7,33,0.9061896231150485
7,34,0.31118353221212985
7,35,0.5086676229966212
7,36,0.7331045271398666
7,37,0.13553559704734008
7,38,0.6410206739553291
7,39,0.4683742056746982
7,40,0.7153301531250204
7,41,0.6485894208381291
7,42,0.8072456737001498
7,43,0.7818984489009927
7,44,0.2530470182553465
7,45,0.6745898022538267
7,46,0.7071462313017753
7,47,0.3505534930178359
7,48,0.6402294973290145
7,49,0.8369132553462909
7,50,0.453437811997994
7,51,0.7968495741197681
7,52,0.44518846073099694
7,53,0.3817240609301855
7,54,0.25395860886123445
7,55,0.7838019742696068
7,56,0.9682478872668604
7,57,0.05386173039185481
7,58,0.7423998632491872
7,59,0.740827972839152
7,60,0.31163261951026916
7,61,0.02627149247383567
7,62,0.6580193122393387
7,63,0.3082766425266499
7,64,0.2651524019688127
7,65,0.23178202837151116
7,66,0.4075576535506894
7,67,0.611292197066914
7,68,0.4831185683506176
7,69,0.752554296065275
8,0,0.0816038304684435
8,1,0.25356351426414586
8,2,0.2607132374590546
8,3,0.6749818904483339
8,4,0.7092309654583763
8,5,0.6095906069967018
8,6,0.7711640770798004
8,7,0.3811117345271957
8,9,0.5037131494912127
8,10,0.4455382402448169
8,11,1.007878318563189
8,12,0.20189642066371413
8,13,0.7271662011388595
8,14,0.5403385032546737
8,15,0.6152129530253359
8,16,0.7805708984430493
8,17,0.692525884674538
8,18,0.2910123304436851
8,19,0.605608999461575
8,20,0.4299675866392292
8,21,0.7978248549291167
8,22,1.0547053002915188
8,23,0.7283661987798333
8,24,0.2886312286750233
8,25,0.6116958541160741
8,26,0.6614997665087637
8,27,0.5336707259379694
8,28,0.0923965233077371
8,29,0.767990027425297
8,30,0.8827869932867507
8,31,1.0620243668780864
8,32,0.6056529046338325
8,33,0.6875306825226781
8,34,0.3453451553490668
8,35,0.6146704580806359
8,36,0.8363507635045193
8,37,0.25788704828491993
8,38,0.9026972259460742
8,39,0.22271540635418585
8,40,0.9195066247006408
8,41,0.6970161592716183
8,42,0.9586534049895848
8,43,0.9440449275923966
8,44,0.19590751947620313
8,45,0.657734551973648
8,46,0.9269878605954072
8,47,0.04551890039341604
8,48,0.34987420610318287
8,49,0.7298895874488619
8,50,0.8123055982680202
8,51,0.6917938759240473
8,52,0.0750326548050796
8,53,0.12190963391126645
8,54,0.3777396241606875
8,55,0.5777132716723304
8,56,1.0798551146614044
8,57,0.43459779186092196
8,58,0.6759418068399798
8,59,0.8733098042186072
8,60,0.29206115437141905
8,61,0.3664727888149925
8,62,0.49170971035493277
8,63,0.6856604316334112
8,64,0.38380312857371046
8,65,0.15606875813790833
8,66,0.45231782095129724
8,67,0.6161191201931095
8,68,0.2517684992612994
8,69,0.6738426514359275
9,0,0.49237369180509694
9,1,0.3350805655458997
9,2,0.2436606963383768
9,3,0.3940014803309873
9,4,0.7215056675718989
9,5,0.7255153648765477
9,6,0.3210438859560071
9,7,0.24477433065026794
9,8,0.5037131494912127
9,10,0.22842919977080053
9,11,0.7302410743936308
9,12,0.618539521396219
9,13,0.5353860028919663
9,14,0.7346340874509701
9,15,0.8348752462872309
9,16,0.47995701613957603
9,17,0.3903876099718488
9,18,0.21331735622716957
9,19,0.14294919130493747
9,20,0.2088482582108685
9,21,0.5916194963456075
9,22,0.7357057779049511
9,23,0.5092090420655258
9,24,0.4689409040877731
9,25,0.7529232801176162
9,26,0.6548089820722272
9,27,0.7660209590343352
9,28,0.47189433912783224
9,29,0.2740090126287638
9,30,0.43273327003113393
9,31,0.6928404013051717
9,32,0.11730036704200962
9,33,0.8149206274076802
9,34,0.22682486903223797
9,35,0.2883535509339839
9,36,0.49818434556726837
9,37,0.2695619321927393
9,38,0.4129598235399129
9,39,0.47727222828312993
9,40,0.4720514019029135
9,41,0.437550628644455
9,42,0.5631796867831654
9,43,0.5373487401899244
9,44,0.45603640651827515
9,45,0.49152804813254863
9,46,0.46628096604468633
9,47,0.49250536913100584
9,48,0.6342430905490937
9,49,0.6840603231341181
9,50,0.34326780272649243
9,51,0.646834418728207
9,52,0.5428285533155256
9,53,0.5556213202674984
9,54,0.15169997078495803
9,55,0.6968531855898181
9,56,0.727151501268465
9,57,0.2297849448629156
9,58,0.5772207781296897
9,59,0.4996968088902625
9,60,0.26978548368806765
9,61,0.2695491646145637
9,62,0.5643509907129736
9,63,0.2936852439356476
9,64,0.15382450209755683
9,65,0.3551846194133169
9,66,0.25091457467185074
9,67,0.4256333954144463
9,68,0.4775114161372649
9,69,0.5928379256839793
10,0,0.4724249417916891
10,1,0.4016531792523361
10,2,0.23336320307328595
10,3,0.24329844628790598
10,4,0.49484751516284703
10,5,0.4990064447004271
10,6,0.34310407790925085
10,7,0.3856200615569504
10,8,0.4455382402448169
10,9,0.22842919977080053
10,11,0.5945167754949122
10,12,0.6182620179593745
10,13,0.34654227728097936
10,14,0.5171318481137517
10,15,0.6171421638237974
10,16,0.34889286411836185
10,17,0.25528606720449337
10,18,0.23927467205773947
10,19,0.219040247336204
10,20,0.3785614618907439
10,21,0.41285646718729074
10,22,0.6260999988344238
10,23,0.33098464150400697
10,24,0.2876319964758994
10,25,0.5278647194402791
10,26,0.4283143666648418
10,27,0.5537082564247356
10,28,0.45785193910538
10,29,0.467494130767214
10,30,0.4480852216035027
10,31,0.6201527117952286
10,32,0.24756160244563957
10,33,0.5877036859301943
10,34,0.10484779369334501
10,35,0.16925617596797027
10,36,0.39641386531034944
10,37,0.31849103160747827
10,38,0.49794295300658414
10,39,0.32221064095557783
10,40,0.4824385586240788
10,41,0.276036544224036
10,42,0.5131727020176777
10,43,0.4986789159762265
10,44,0.49209484047855667
10,45,0.2889707703776843
10,46,0.49562737801114587
10,47,0.4557955245493727
10,48,0.4478108298873121
10,49,0.46295480305030273
10,50,0.5546482041216015
10,51,0.4243251262376293
10,52,0.4529469385113254
10,53,0.539957491331457
10,54,0.13185829849034778
10,55,0.4712988515570907
10,56,0.6417322388271917
10,57,0.4000488276197696
10,58,0.3612817558530617
10,59,0.42857365590585245
10,60,0.1538817753711576
10,61,0.40145749184624235
10,62,0.3393772265416752
10,63,0.5220563154055459
10,64,0.12054769902086372
10,65,0.3454318495291083
10,66,0.023339266562875747
10,67,0.22605422789430704
10,68,0.3104961105601213
10,69,0.37404695378728264
11,0,1.0521221180349145
11,1,0.9950841714184373
11,2,0.8278055288701601
11,3,0.35265001815305713
11,4,0.4970531434021075
11,5,0.6393506985402256
11,6,0.47660021805620567
11,7,0.9577589810213729
11,8,1.007878318563189
11,9,0.7302410743936308
11,10,0.5945167754949122
11,12,1.1987478456849596
11,13,0.2866376493110234
11,14,0.7410215403472182
11,15,0.7994254275164866
11,16,0.2523459445070874
11,17,0.34669183629067285
11,18,0.8322262396791908
11,19,0.5999739956821158
11,20,0.9341202707253909
11,21,0.22032218626331113
11,22,0.09263904741590986
11,23,0.2797710508559759
11,24,0.7499938412926347
11,25,0.6757187354408737
11,26,0.47806750511277013
11,27,0.7955394321891702
11,28,1.0406749924230414
11,29,0.7838826268250941
11,30,0.43491211539999636
11,31,0.20459110537247474
11,32,0.6434404162508679
11,33,0.6690599486466141
11,34,0.6967649411876898
11,35,0.44909797123987877
11,36,0.23808437174068706
11,37,0.911953470415072
11,38,0.5747396123202728
11,39,0.8153084507515074
11,40,0.4198513480847042
11,41,0.31878908126851097
11,42,0.27599118614150914
11,43,0.30704324568415714
11,44,1.0854010472869722
11,45,0.355488832610621
11,46,0.4594809850864585
11,47,1.0291625539168285
11,48,0.8317686257871628
11,49,0.4162604077805248
11,50,0.8855793978899328
11,51,0.42616718840520146
11,52,0.9902460111626878
11,53,1.1175103472963612
11,54,0.7180548770369921
11,55,0.6420704273351546
11,56,0.1707559066421806
11,57,0.9559247678001558
11,58,0.3796722796052537
11,59,0.26738121846839213
11,60,0.7363765625912168
11,61,0.9782617523456761
11,62,0.6027572018665593
11,63,0.9627521083326086
11,64,0.7067812636739409
11,65,0.935683410341408
11,66,0.5784459795055269
11,67,0.3917778362480644
11,68,0.7891384130574617
11,69,0.39593039700395455
12,0,0.14681970519905232
12,1,0.29339435627690175
12,2,0.3987126233056169
12,3,0.8573002482660792
12,4,0.9101575492806541
12,5,0.8052962914115176
12,6,0.9187047411885032
12,7,0.4240235943286999
12,8,0.20189642066371413
12,9,0.618539521396219
12,10,0.6182620179593745
12,11,1.1987478456849596
12,13,0.9221868502734066
12,14,0.7282943582112053
12,15,0.794150816785538
12,16,0.9636458755049734
12,17,0.8722327692590731
12,18,0.4145142181060675
12,19,0.7426625528737862
12,20,0.4795536254583142
12,21,0.9930116827696513
12,22,1.2402966696916427
12,23,0.9206715323707817
12,24,0.4904613991467102
12,25,0.8043980835891255
12,26,0.8632527631374528
12,27,0.7145851502873134
12,28,0.16042140738393815
12,29,0.8552868676740982
12,30,1.0325873361851878
12,31,1.2382632394354747
12,32,0.7321556386497766
12,33,0.8794833678453226
12,34,0.5136621925213151
12,35,0.7859326810767692
12,36,1.0145544571435143
12,37,0.3489819572385682
12,38,1.0311540002868032
12,39,0.42403259382816405
12,40,1.0708940627210137
12,41,0.8833572835628137
12,42,1.1270178237171988
12,43,1.109147301087586
12,44,0.17103609189751856
12,45,0.8532528931685867
12,46,1.0729100522371764
12,47,0.17108816340785343
12,48,0.5344375247194193
12,49,0.9317860080131037
12,50,0.877354467105363
12,51,0.893661360628335
12,52,0.25378828260112296
12,53,0.08199962319858493
12,54,0.5242044449527794
12,55,0.7740880589281713
12,56,1.259765468567426
12,57,0.4746473137255577
12,58,0.8763266846936041
12,59,1.045196794426389
12,60,0.4664034861459023
12,61,0.40059179226301406
12,62,0.6931183184028219
12,63,0.7249846617032134
12,64,0.5329255707646835
12,65,0.2772616145736448
12,66,0.6291613560483739
12,67,0.8077640088128497
12,68,0.4532206724193219
12,69,0.8748892645239623
13,0,0.7766182538874438
13,1,0.743579115984018
13,2,0.5714902431930585
13,3,0.15515827824842263
13,4,0.2905769346195991
13,5,0.3995285737034024
13,6,0.4028730527467567
13,7,0.7308410730740271
13,8,0.7271662011388595
13,9,0.5353860028919663
13,10,0.34654227728097936
13,11,0.2866376493110234
13,12,0.9221868502734066
13,14,0.48626922404044326
13,15,0.5617731719457553
13,16,0.1535469008512516
13,17,0.173652501333427
13,18,0.5834593706902982
13,19,0.43816566303311805
13,20,0.7187746127674333
13,21,0.07082719476972768
13,22,0.351343829573135
13,23,0.03909155423741627
13,24,0.4634825361685922
13,25,0.43784964261629783
13,26,0.24276033586180992
13,27,0.5401181832225272
13,28,0.766914402512978
13,29,0.6805837931533705
13,30,0.43529492679041426
13,31,0.40439908635305843
13,32,0.4843966142208214
13,33,0.4555559478253143
13,34,0.43892409295620605
13,35,0.25517368224445275
13,36,0.22154428154665934
13,37,0.6611212322230821
13,38,0.5602811824056635
13,39,0.5292025494328735
13,40,0.446132509422534
13,41,0.11227327468299131
13,42,0.36836464430673416
13,43,0.3786652336370245
13,44,0.8213688240015402
13,45,0.06963585673034965
13,46,0.4814553781269376
13,47,0.7513736909932971
13,48,0.550629151029243
13,49,0.2145066330420256
13,50,0.7835993897643517
13,51,0.19850944501290776
13,52,0.705603047296833
13,53,0.8403494174671892
13,54,0.4781247438921769
13,55,0.3925148601099448
13,56,0.40122981096138066
13,57,0.7406768069927571
13,58,0.12068517264266099
13,59,0.28932580834394533
13,60,0.46991665559502455
13,61,0.7475815626256199
13,62,0.32549705820684505
13,63,0.8112989745984073
13,64,0.46672683912274693
13,65,0.6690912657517121
13,66,0.3260056302431529
13,67,0.12120727628611706
13,68,0.5027410532667947
13,69,0.1436907484296073
14,0,0.6200530108738385
14,1,0.7184897638623361
14,2,0.585572887318506
14,3,0.564088204709651
14,4,0.2623976527858363
14,5,0.11078261273074777
14,6,0.8017536698453921
14,7,0.7914710979699874
14,8,0.5403385032546737
14,9,0.7346340874509701
14,10,0.5171318481137517
14,11,0.7410215403472182
14,12,0.7282943582112053
14,13,0.48626922404044326
14,15,0.1002867980470442
14,16,0.6267475462399443
14,17,0.5918197860835475
14,18,0.6216880145478859
14,19,0.7302897788826553
14,20,0.8141834998264257
14,21,0.5326856764113682
14,22,0.822307921075588
14,23,0.5160752809357514
14,24,0.2973439050315978
14,25,0.0875050129829161
14,26,0.2634835139507084
14,27,0.05457448794017601
14,28,0.6248226112188073
14,29,0.984424663951503
14,30,0.8754266804251515
14,31,0.889545521933607
14,32,0.7635000486813419
14,33,0.1548788877786912
14,34,0.5146920683427959
14,35,0.5956577645614105
14,36,0.6987327762499521
14,37,0.6633609816480196
14,38,0.9708669826863116
14,39,0.3377209210087342
14,40,0.8973384498052043
14,41,0.5481822607903098
14,42,0.8487051174973796
14,43,0.8537831583092311
14,44,0.7216984376732145
14,45,0.4386835551728683
14,46,0.9256882318008232
14,47,0.583930893452146
14,48,0.19403302559723015
14,49,0.33174153252607985
14,50,1.0711077617178928
14,51,0.3152692832260657
14,52,0.47573098861776986
14,53,0.6571224088172107
14,54,0.5928863730341583
14,55,0.09933578336609886
14,56,0.8820953268457766
14,57,0.8307075220012089
14,58,0.3693709526091504
14,59,0.7633431815453949
14,60,0.489664327858691
14,61,0.7927355290336615
14,62,0.18810944294164375
14,63,1.0195850287974995
14,64,0.5869134222121236
14,65,0.5982828890113229
14,66,0.4988530355116237
14,67,0.4583802626348477
14,68,0.3155518260856815
14,69,0.34933127237060724
15,0,0.6963372419757121
15,1,0.808058793349122
15,2,0.6813045322830675
15,3,0.6527272393669393
15,4,0.30423757738790813
15,5,0.16287142766722743
15,6,0.8956652765242691
15,7,0.8864770492244011
15,8,0.6152129530253359
15,9,0.8348752462872309
15,10,0.6171421638237974
15,11,0.7994254275164866
15,12,0.794150816785538
15,13,0.5617731719457553
15,14,0.1002867980470442
15,16,0.7080162320465488
15,17,0.6804122795810237
15,18,0.7180883867311716
15,19,0.8294037839190281
15,20,0.9109240582245262
15,21,0.6009516145425223
15,22,0.8846997173155404
15,23,0.5943854911555112
15,24,0.39176819066075097
15,25,0.12492036687129193
15,26,0.32494649581890706
15,27,0.08198617971214028
15,28,0.7031443837079345
15,29,1.0842532426145404
15,30,0.9653323310995952
15,31,0.9601088189072776
15,32,0.8631513665026697
15,33,0.14573853772896944
15,34,0.6143508562482719
15,35,0.6906575747458313
15,36,0.7794896733382456
15,37,0.7565066617786815
15,38,1.0649301772508635
15,39,0.4255743459549162
15,40,0.9856014873589566
15,41,0.6333815156047298
15,42,0.9287519835014596
15,43,0.9360232032598091
15,44,0.8027852527294247
15,45,0.5208312265422935
15,46,1.0152928668037455
15,47,0.6599839667401955
15,48,0.2657172607144507
15,49,0.3832760407478895
15,50,1.1713039163581183
15,51,0.3759668056331103
15,52,0.5462808223950391
15,53,0.7274727381306182
15,54,0.6926154709029306
15,55,0.17095761881520408
15,56,0.9488519712674345
15,57,0.9269846172699547
15,58,0.44173525110638656
15,59,0.8455256163523116
15,60,0.5879252529326428
15,61,0.8866885842206015
15,62,0.28443265166102566
15,63,1.1192755789229107
15,64,0.6867932150603774
15,65,0.6865941491921352
15,66,0.5986374897553934
15,67,0.5471196923880864
15,68,0.4059573763726765
15,69,0.41978275898181233
16,0,0.8169457870642801
16,1,0.7459370861371145
16,2,0.5815941247846881
16,3,0.10635662426273158
16,4,0.4441220485986877
16,5,0.5474582693940885
16,6,0.27032036682592697
16,7,0.7054163972345647
16,8,0.7805708984430493
16,9,0.47995701613957603
16,10,0.34889286411836185
16,11,0.2523459445070874
16,12,0.9636458755049734
16,13,0.1535469008512516
16,14,0.6267475462399443
16,15,0.7080162320465488
16,17,0.09512723123846416
16,18,0.5832808545923892
16,19,0.3555842696339279
16,20,0.6821846896224496
16,21,0.1567803386469391
16,22,0.27730479476534536
16,23,0.11612584876658699
16,24,0.5492092353985786
16,25,0.585698959719003
16,26,0.3947619184449861
16,27,0.6793014653382771
16,28,0.8037536309868982
16,29,0.569002988345616
16,30,0.2848086706823528
16,31,0.28805476195814655
16,32,0.40086501373442124
16,33,0.6077886185086907
16,34,0.4532099753668549
16,35,0.19677227004029244
16,36,0.07204934433432392
16,37,0.663062111975533
16,38,0.41559118963975616
16,39,0.6085014484902602
16,40,0.2932509864541398
16,41,0.08844412560291406
16,42,0.22207348809930816
16,43,0.22804807065154606
16,44,0.840881326729245
16,45,0.1880675665112238
16,46,0.3294295548185218
16,47,0.7970362123019651
16,48,0.663907001588083
16,49,0.3673805451613971
16,50,0.6729446435267221
16,51,0.35191216143908816
16,52,0.772932328244601
16,53,0.8837464517904933
16,54,0.46787237478120236
16,55,0.5372725946429984
16,56,0.30015806450677657
16,57,0.7040391997557157
16,58,0.2720021491656281
16,59,0.1376421329351524
16,60,0.4973829405063075
16,61,0.7259936668137968
16,62,0.45230782241827655
16,63,0.7273460357796953
16,64,0.4567346579096993
16,65,0.693892528606291
16,66,0.3353467371166238
16,67,0.1839076896288095
16,68,0.5856972037387678
16,69,0.29550808792710564
17,0,0.7257959111951611
17,1,0.6508723375989622
17,2,0.48720278702690434
17,3,0.02773498410322862
17,4,0.4458911709394434
17,5,0.5257813465929654
17,6,0.2328179415138769
17,7,0.6114331328361151
17,8,0.692525884674538
17,9,0.3903876099718488
17,10,0.25528606720449337
17,11,0.34669183629067285
17,12,0.8722327692590731
17,13,0.173652501333427
17,14,0.5918197860835475
17,15,0.6804122795810237
17,16,0.09512723123846416
17,18,0.4882746758472409
17,19,0.2746959428336125
17,20,0.5896492066381733
17,21,0.21110490174944246
17,22,0.3711764013357015
17,23,0.13715100892075285
17,24,0.475584530416184
17,25,0.5630637407808367
17,26,0.3876512907019796
17,27,0.6418320203784414
17,28,0.7120145317627552
17,29,0.5080683720885572
17,30,0.28523571501920414
17,31,0.369833899072729
17,32,0.32099967631647225
17,33,0.5964211928211197
17,34,0.36000886426869166
17,35,0.10321844828293358
17,36,0.1439367837381106
17,37,0.5680427937060614
17,38,0.3966768082710806
17,39,0.5309059989434125
17,40,0.3055445297129025
17,41,0.06149971850471954
17,42,0.27941351542094844
17,43,0.27463472987132675
17,44,0.7467145757712791
17,45,0.17058233975132736
17,46,0.33496300082886665
17,47,0.7070633298866866
17,48,0.6035599504156811
17,49,0.37828149296825
17,50,0.6114984751456622
17,51,0.35363993172365177
17,52,0.6890211350230453
17,53,0.7929478195661877
17,54,0.3727538334514977
17,55,0.5103307824175458
17,56,0.3878877935270603
17,57,0.6115779472390658
17,58,0.26994143176572194
17,59,0.1897832797444557
17,60,0.4058907530332283
17,61,0.6316745241664001
17,62,0.4080148749998702
17,63,0.6497008326707246
17,64,0.36162647916609253
17,65,0.6007039336575535
17,66,0.24307664941900423
17,67,0.1334930901029046
17,68,0.5100745398931292
17,69,0.2929293766191045
18,0,0.28110915470441367
18,1,0.16285850248813516
18,2,0.03946240747782334
18,3,0.4796834318365426
18,4,0.6840072072022226
18,5,0.6434199734430722
18,6,0.5044898743258084
18,7,0.1726836128252041
18,8,0.2910123304436851
18,9,0.21331735622716957
18,10,0.23927467205773947
18,11,0.8322262396791908
18,12,0.4145142181060675
18,13,0.5834593706902982
18,14,0.6216880145478859
18,15,0.7180883867311716
18,16,0.5832808545923892
18,17,0.4882746758472409
18,19,0.3283069884678931
18,20,0.19293235535330414
18,21,0.6510981682751031
18,22,0.858685027449381
18,23,0.569851436632635
18,24,0.3269468702510319
18,25,0.662298789786043
18,26,0.6210532547343418
18,27,0.6406553261111452
18,28,0.2613796319306513
18,29,0.4782618751240951
18,30,0.6184849747809602
18,31,0.8403884864412011
18,32,0.32066117854321763
18,33,0.7336722944491233
18,34,0.14697389018695992
18,35,0.3911452728113809
18,36,0.623298205815074
18,37,0.0797916432751344
18,38,0.6202262899349867
18,39,0.30960095538685733
18,40,0.657002482574506
18,41,0.5146593835452815
18,42,0.721670279105518
18,43,0.7012964894483528
18,44,0.2648345596640384
18,45,0.5221111903880579
18,46,0.6584063097165433
18,47,0.27936687234304375
18,48,0.48038980601367737
18,49,0.6706501668606369
18,50,0.5296671074652395
18,51,0.6303061563812157
18,52,0.33515887219472734
18,53,0.3462276664221801
18,54,0.11677460227176045
18,55,0.6112666971613256
18,56,0.8670043512669093
18,57,0.2090199183175286
18,58,0.5810150495531526
18,59,0.64448182519049
18,60,0.13917812887931236
18,61,0.17960814068805886
18,62,0.4853899764149155
18,63,0.42459999680963256
18,64,0.12738932203467065
18,65,0.14269004569112656
18,66,0.2580902573604774
18,67,0.46226585447654245
18,68,0.3200834472710356
18,69,0.5892346214933792
19,0,0.6079697698404797
19,1,0.46976226732265014
19,2,0.3488724398088982
19,3,0.2854638815590073
19,4,0.6662937607947893
19,5,0.6997289672951238
19,6,0.18019221132544472
19,7,0.38759541507996736
19,8,0.605608999461575
19,9,0.14294919130493747
19,10,0.219040247336204
19,11,0.5999739956821158
19,12,0.7426625528737862
19,13,0.43816566303311805
19,14,0.7302897788826553
19,15,0.8294037839190281
19,16,0.3555842696339279
19,17,0.2746959428336125
19,18,0.3283069884678931
19,20,0.351030950581283
19,21,0.48489453461016685
19,22,0.5985045307454877
19,23,0.4063319694159665
19,24,0.5037095886671128
19,25,0.731791961613354
19,26,0.6006461299284432
19,27,0.7695779740045402
19,28,0.5889039250409803
19,29,0.2596591402146186
19,30,0.29360013888015124
19,31,0.5507613692031619
19,32,0.046415902303788406
19,33,0.7847472640960798
19,34,0.27736743058712815
19,35,0.1833136649321746
19,36,0.3637253245436135
19,37,0.3970455041927957
19,38,0.297601667747542
19,39,0.5302087280733173
19,40,0.3327540892931802
19,41,0.3302576396132485
19,42,0.42036767620339843
19,43,0.3943997973926167
19,44,0.5869012594786662
19,45,0.4083151784695597
19,46,0.3309394737759693
19,47,0.6022654505877595
19,48,0.6660859124738653
19,49,0.6154733425041572
19,50,0.35661657431217975
19,51,0.5821593952161767
19,52,0.6321503821550809
19,53,0.6740183223493335
19,54,0.2279452207273073
19,55,0.6749134238455438
19,56,0.5861254177580744
19,57,0.37153112107677183
19,58,0.5041392323808772
19,59,0.3592155080684006
19,60,0.33168386122611354
19,61,0.4121423509490699
19,62,0.5465081955832547
19,63,0.3750778244533248
19,64,0.22255327062314206
19,65,0.46932365652440655
19,66,0.23367788750330437
19,67,0.3453547902743411
19,68,0.5226668341391514
19,69,0.5233412634417745
20,0,0.3865813660660071
20,1,0.1896646095460835
20,2,0.2306752394204309
20,3,0.5893326355980792
20,4,0.8604363006064201
20,5,0.8317617294035662
20,6,0.525540238402641
20,7,0.05555864147723091
20,8,0.4299675866392292
20,9,0.2088482582108685
20,10,0.3785614618907439
20,11,0.9341202707253909
20,12,0.4795536254583142
20,13,0.7187746127674333
20,14,0.8141834998264257
20,15,0.9109240582245262
20,16,0.6821846896224496
20,17,0.5896492066381733
20,18,0.19293235535330414
20,19,0.351030950581283
20,21,0.7806578763125029
20,22,0.9433554763455223
20,23,0.6974516588033598
20,24,0.5198730878842655
20,25,0.8523096325494753
20,26,0.7954482153270945
20,27,0.833586456755671
20,28,0.36480253290523545
20,29,0.3808567145297496
20,30,0.6341907083452761
20,31,0.9015843597300288
20,32,0.31909918286674654
20,33,0.9223738921606676
20,34,0.3168867986548714
20,35,0.4864307642960478
20,36,0.7051647419438564
20,37,0.17627907024123027
20,38,0.5923755326954769
20,39,0.49970677741587827
20,40,0.673325302516669
20,41,0.6307761588162732
20,42,0.7713175890311963
20,43,0.7448063995159908
20,44,0.3085533924550491
20,45,0.6659078634607003
20,46,0.663151060262738
20,47,0.40156723743076506
20,48,0.6714068143834013
20,49,0.8377996699890797
20,50,0.39801439905766245
20,51,0.798215629708673
20,52,0.4913278769606751
20,53,0.4362264205425875
20,54,0.2502689755772983
20,55,0.8000731749264918
20,56,0.9359863666298115
20,57,0.022000788802437686
20,58,0.7393169901631571
20,59,0.7085060840741954
20,60,0.326842316532599
20,61,0.08025820608841594
20,62,0.6715553485385776
20,63,0.25614994858613466
20,64,0.26068827443772524
20,65,0.27711289177697496
20,66,0.4013982066155964
20,67,0.6012689933194889
20,68,0.5119783799917732
20,69,0.7510296154608189
21,0,0.847438973147689
21,1,0.8119983145881616
21,2,0.6402991109869516
21,3,0.19992475791803965
21,4,0.31190872189189045
21,5,0.43816538990574294
21,6,0.4251491532025798
21,7,0.7950253262434228
21,8,0.7978248549291167
21,9,0.5916194963456075
