siteNum=70
demandLowerBound=0
demandUpperBound=1000
fixedCostLowerBound=500
fixedCostUpperBound=1500
coordinateLowerBound=0
coordinateUpperBound=1
facilityFailProbility=0.05
Coordinate: index, x, y
0,0.8943071039426778,0.33792387231817334
1,0.12969771834109656,0.2740393718666756
2,0.9379263641021416,0.8028116181280815
3,0.903223770315921,0.4408950105994549
4,0.561151438234505,0.22676756884164306
5,0.9242573586977728,0.3197445525161924
6,0.2720980519150108,0.5391531752264427
7,0.3826426157051799,0.5664509582605403
8,0.3077842364424198,0.9776148970335896
9,0.8948429913402892,0.08211947642553963
10,0.8780770994373744,0.5697472089825031
11,0.09067387289160289,0.008914731068754289
12,0.0688463738709717,0.6616740445709329
13,0.9639622644413982,0.005409436310173654
14,0.896169717243959,0.8422532859460156
15,0.9548234800799432,0.8986628349710071
16,0.04323544402646995,0.22410378108963025
17,0.48869783859241034,0.4989173362535264
18,0.7917977685929708,0.6227485050391919
19,0.5695191114752644,0.9721397350640022
20,0.6481667996912102,0.10528708349498017
21,0.4227137874610266,0.0477487724135478
22,0.6589296357467465,0.5531790097098794
23,0.7633906726091079,0.7564675619477871
24,0.3045341379518006,0.34778714846516834
25,0.1906938987405059,0.338285790836266
26,0.7812762676052013,0.15429228718368848
27,0.33234669214544166,0.08154482209477332
28,0.9846565525572804,0.8497969557755479
29,0.0966215760622342,0.5700547557336909
30,0.04932394074349855,0.20509179132196087
31,0.014058295613998184,0.15114822561910568
32,0.5194638442838968,0.5325357100882626
33,0.45193903679402936,0.4250851694559882
34,0.4168900178168582,0.7822058525187948
35,0.995543511874735,0.33998419935262825
36,0.25323769540650265,0.052566381391013994
37,0.07649692856513846,0.030444466412476112
38,0.10801951661723441,0.4366842721321076
39,0.42355257617498965,0.6209322308556636
40,0.48568865387337623,0.2737454737014007
41,0.5481887039562726,0.018204823346698706
42,0.6431457439511832,0.5407494821450767
43,0.7121022568441905,0.9869038461036236
44,0.6794580385445071,0.19786787736500333
45,0.08002587808542838,0.4091393313342274
46,0.4334383876823571,0.582015711064083
47,0.6819964801432664,0.9410010386239454
48,0.47462170151950134,0.5887254983066
49,0.6970417886613548,0.8158770221405751
50,0.32011150644345765,0.6180814465802666
51,0.8516232463746197,0.5039700841825985
52,0.16007646539034714,0.8860099728917644
53,0.031935436072584644,0.8188848622569735
54,0.5734013547369119,0.3473745601211964
55,0.5048894297784169,0.912387870191451
56,0.22184267396205826,0.7507704134957495
57,0.6544016478481373,0.08782953649927117
58,0.8782147246025972,0.5076905338850775
59,0.5388557306171952,0.324881700865824
60,0.39158553509158334,0.08499551874640365
61,0.22742638190535414,0.8505022280743991
62,0.18129019986920092,0.6288646112513502
63,0.17075668679814082,0.13764655636241963
64,0.27306253353974097,0.10853011396795265
65,0.1625359700748833,0.22946266298018014
66,0.2046786827489664,0.2813982346816495
67,0.11307012883834167,0.47534452364653956
68,0.5155849736875096,0.6369208050550185
69,0.6592152442266369,0.15855744563317253
Demand:index, demand
0,563
1,460
2,767
3,489
4,213
5,265
6,342
7,547
8,296
9,871
10,987
11,323
12,663
13,547
14,267
15,389
16,876
17,195
18,649
19,273
20,707
21,859
22,764
23,952
24,51
25,519
26,927
27,46
28,378
29,112
30,354
31,384
32,283
33,1
34,675
35,449
36,449
37,966
38,904
39,357
40,599
41,403
42,361
43,43
44,149
45,439
46,217
47,545
48,55
49,243
50,704
51,245
52,603
53,388
54,468
55,298
56,838
57,544
58,426
59,888
60,169
61,562
62,956
63,513
64,427
65,326
66,829
67,831
68,236
69,206
Fixcost:index, fixedCost
0,910
1,616
2,1020
3,550
4,1057
5,1346
6,661
7,1296
8,508
9,570
10,1207
11,896
12,707
13,1147
14,844
15,1412
16,1200
17,1195
18,1417
19,717
20,796
21,1254
22,986
23,953
24,1340
25,1402
26,886
27,886
28,1210
29,882
30,658
31,1341
32,1293
33,1474
34,1122
35,640
36,537
37,843
38,712
39,532
40,597
41,1391
42,1305
43,1459
44,861
45,648
46,1495
47,1482
48,1072
49,1443
50,1424
51,788
52,891
53,1363
54,1384
55,1334
56,1310
57,1221
58,1298
59,599
60,504
61,705
62,520
63,770
64,1084
65,992
66,1428
67,535
68,981
69,1075
TransCost:start_index, end_index, transCost
0,1,0.7672735769906096
0,2,0.4669296050381436
0,3,0.10335648145208184
0,4,0.351209939204491
0,5,0.03503577355158282
0,6,0.6539398571536346
0,7,0.5603794942114233
0,8,0.8678788401627179
0,9,0.2558049572101725
0,10,0.232390775351401
0,11,0.868373989174751
0,12,0.8866789672278268
0,13,0.3397317935339885
0,14,0.50433285316199
0,15,0.5639950496394123
0,16,0.8586489291205126
0,17,0.4363917638634894
0,18,0.30270982018841375
0,19,0.7125426307312768
0,20,0.33868115520496855
0,21,0.5537163937927269
0,22,0.31896289236813885
0,23,0.43854068468260476
0,24,0.5898554362129997
0,25,0.7036132982824354
0,26,0.21563053824111497
0,27,0.6176809223383638
0,28,0.5197856062196443
0,29,0.8307749083988818
0,30,0.8553601041852928
0,31,0.8998461572757398
0,32,0.4223520293687149
0,33,0.4508731512871193
0,34,0.6521606796302991
0,35,0.10125737127969897
0,36,0.7017113966504785
0,37,0.8737030777141409
0,38,0.7924656374591108
0,39,0.5492754831738476
0,40,0.41362773672234754
0,41,0.4711880909831798
0,42,0.3228316229157738
0,43,0.6740724090783918
0,44,0.25646793683575686
0,45,0.8173894765571992
0,46,0.5215177843274332
0,47,0.6393573879275151
0,48,0.4889144021253027
0,49,0.5170617158891141
0,50,0.6388965883489336
0,51,0.17144461546346632
0,52,0.9162385083759182
0,53,0.9874251198890763
0,54,0.32104488062148584
0,55,0.6940136956891063
0,56,0.7890821732566562
0,57,0.3465570727493919
0,58,0.1705276635985986
0,59,0.35569056360151596
0,60,0.5627625856687986
0,61,0.8411102592495101
0,62,0.7700906563941083
0,63,0.7507570908332962
0,64,0.6622433937950374
0,65,0.7397653859793776
0,66,0.6919411152896947
0,67,0.7932311432878096
0,68,0.4825242146577248
0,69,0.2957033945129687
1,0,0.7672735769906096
1,2,0.9658331285709068
1,3,0.7913174819632652
1,4,0.43403563882600377
1,5,0.79587309643054
1,6,0.300937175725837
1,7,0.3866337504149156
1,8,0.7257639613148009
1,9,0.7888475993873251
1,10,0.8046830574715543
1,11,0.26798122261063884
1,12,0.3923818619742234
1,13,0.876447017883587
1,14,0.9541207351564649
1,15,1.034885014552612
1,16,0.09984632244559775
1,17,0.4236167905161828
1,18,0.7483144633785065
1,19,0.8250981607995012
1,20,0.5452407937294445
1,21,0.3702240567053302
1,22,0.5983354910216304
1,23,0.7964318670632516
1,24,0.18975380938339914
1,25,0.08858970805761486
1,26,0.662490732124752
1,27,0.27950090925762927
1,28,1.0307528334343197
1,29,0.2978575811927371
1,30,0.10589482040344594
1,31,0.16874451076908598
1,32,0.46769433373350583
1,33,0.3558852347143332
1,34,0.583705909629615
1,35,0.8683534179422846
1,36,0.25359891845895866
1,37,0.2493367241222722
1,38,0.16408323501300423
1,39,0.4546265864312507
1,40,0.3559910568501395
1,41,0.4904956893363915
1,42,0.5785872085758663
1,43,0.9205274602629311
1,44,0.5550121676547054
1,45,0.14394197012170828
1,46,0.43255961406182325
1,47,0.8659513769328191
1,48,0.4669046073293993
1,49,0.7845172613664397
1,50,0.39322049777793
1,51,0.7576573107233829
1,52,0.612724150651246
1,53,0.553546811239115
1,54,0.44972321130579407
1,55,0.7404442083268402
1,56,0.48555450662014327
1,57,0.5567659440264692
1,58,0.7841368338340119
1,59,0.41230476765104923
1,60,0.3229904131160792
1,61,0.5846882214216585
1,62,0.35855645950759196
1,63,0.14243889571298482
1,64,0.21896754254255912
1,65,0.05536635938982182
1,66,0.07534120974250313
1,67,0.20199069499802755
1,68,0.529709267798491
1,69,0.5419639153177489
2,0,0.4669296050381436
2,1,0.9658331285709068
2,3,0.36357654052554245
2,4,0.6883212124298362
2,5,0.48326041798147085
2,6,0.7161306555533565
2,7,0.6034951555454275
2,8,0.6539382901831319
2,9,0.721978767084139
2,10,0.240626169173868
2,11,1.1610809838874092
2,12,0.880465697281734
2,13,0.7978271164070795
2,14,0.05743920888295052
2,15,0.09732917496124587
2,16,1.065539583082475
2,17,0.5423633493219272
2,18,0.23189715634467173
2,19,0.4054576611351037
2,20,0.7553152200126364
2,21,0.9140918444596837
2,22,0.37437362836969373
2,23,0.18058371783799815
2,24,0.779892928638092
2,25,0.8798526021508226
2,26,0.6671705743968809
2,27,0.9417815724186465
2,28,0.06626712961113682
2,29,0.8729086454896382
2,30,1.0709263551505266
2,31,1.1305739184627959
2,32,0.49815654864649084
2,33,0.6155168172605147
2,34,0.5214436419467233
2,35,0.4663999949483251
2,36,1.0157098445357635
2,37,1.1569838760582953
2,38,0.9070802660119955
2,39,0.5455827207867904
2,40,0.6960100083558212
2,41,0.8760726374868079
2,42,0.39442639000523094
2,43,0.29135283732932743
2,44,0.657847098348084
2,45,0.9439126619010973
2,46,0.55068952316922
2,47,0.29085463970888614
2,48,0.5103764072437439
2,49,0.24123864422454744
2,50,0.6448414026905415
2,51,0.31105383865237834
2,52,0.78228666814751
2,53,0.906133495048431
2,54,0.5833535773942659
2,55,0.44668550626223025
2,56,0.7179722405944557
2,57,0.7691460471049568
2,58,0.3011012026819054
2,59,0.6226350265800863
2,60,0.9020799598569248
2,61,0.7120987424358276
2,62,0.7763735223631156
2,63,1.0153786846139925
2,64,0.9612859721274204
2,65,0.9643439674301577
2,66,0.8997355603992006
2,67,0.8874809895551298
2,68,0.4537532500372935
2,69,0.7019567843673554
3,0,0.10335648145208184
3,1,0.7913174819632652
3,2,0.36357654052554245
3,4,0.4035641729506767
3,5,0.12296278027924352
3,6,0.6387286899325325
3,7,0.5355082021117189
3,8,0.8016336289062248
3,9,0.35887340578261945
3,10,0.13128306853672467
3,11,0.9202414344658103
3,12,0.863092707384109
3,13,0.4397008643187954
3,14,0.40142025964555855
3,15,0.460666811348067
3,16,0.8868925293103517
3,17,0.41856700580140305
3,18,0.21327551969203207
3,19,0.6273593520490245
3,20,0.42152904882062053
3,21,0.6208492636888128
3,22,0.2688630146396707
3,23,0.3451656564300378
3,24,0.6058864166586861
3,25,0.7198801774376677
3,26,0.3114679991374962
3,27,0.6745614844910831
3,28,0.4169317675499928
3,29,0.8168777996359083
3,30,0.8858600776451336
3,31,0.9351836401522134
3,32,0.39454999509682254
3,33,0.4515615813894118
3,34,0.594149484247448
3,35,0.13676961105442567
3,36,0.757153235375151
3,37,0.9230097074758263
3,38,0.7952154018999668
3,39,0.5123454451502129
3,40,0.4497494203975403
3,41,0.5520116780873119
3,42,0.27858839761453214
3,43,0.5784920754516376
3,44,0.3303532809029634
3,45,0.8238101680231447
3,46,0.49052355482259097
3,47,0.5468524053010724
3,48,0.45338017873778214
3,49,0.4279281698351123
3,50,0.6094382211299614
3,51,0.08149281550256922
3,52,0.8662535693863708
3,53,0.9497471712748614
3,54,0.34282488310510517
3,55,0.6172323415843389
3,56,0.748533876179651
3,57,0.43193480715376514
3,58,0.07132386906563094
3,59,0.38239136547422675
3,60,0.6232480501732314
3,61,0.7902405853853046
3,62,0.7460031172235022
3,63,0.7927595180344378
3,64,0.7124391965972633
3,65,0.7702740129627282
3,66,0.71652247759027
3,67,0.7909042584848436
3,68,0.43438456319655033
3,69,0.37316840889249264
4,0,0.351209939204491
4,1,0.43403563882600377
4,2,0.6883212124298362
4,3,0.4035641729506767
4,5,0.37482079580606836
4,6,0.4256014887417168
4,7,0.38373194389823245
4,8,0.7924434675085258
4,9,0.3636937217684243
4,10,0.4669870536535567
4,11,0.518467933836496
4,12,0.656892623667867
4,13,0.45962591805434505
4,14,0.7007566733395695
4,15,0.7787303289186863
4,16,0.5179228444678659
4,17,0.2816292243419336
4,18,0.45825607638056887
4,19,0.7454191331958661
4,20,0.14942952000693113
4,21,0.2263022594368942
4,22,0.34074184456626555
4,23,0.5669945243272413
4,24,0.28372200735339237
4,25,0.38687866625699313
4,26,0.23174901716485882
4,27,0.2710004760246487
4,28,0.7533406924100041
4,29,0.5776106695119513
4,30,0.5122862739904213
4,31,0.5522944792153821
4,32,0.3085968432936466
4,33,0.22640057275065914
4,34,0.573866747943403
4,35,0.4489036411811782
4,36,0.353775248896186
4,37,0.5229079787976726
4,38,0.4993931924935473
4,39,0.4174915898802042
4,40,0.08889069337420344
4,41,0.20896519157112506
4,42,0.3245114914015296
4,43,0.7749795543423302
4,44,0.1217852365615618
4,45,0.514530139431515
4,46,0.3775074381172249
4,47,0.724384548089754
4,48,0.37215714159280433
4,49,0.6045793043971144
4,50,0.4595941684015053
4,51,0.40151600943865273
4,52,0.7716616364312311
4,53,0.7941488941664165
4,54,0.12122750017971248
4,55,0.687924858700799
4,56,0.6242671052663998
4,57,0.16733014798342927
4,58,0.42361166160922614
4,59,0.10061551312305164
4,60,0.2210246811939376
4,61,0.7074018224107831
4,62,0.5531515090163419
4,63,0.400438031178836
4,64,0.311408594523717
4,65,0.3986245790070275
4,66,0.36063462819531766
4,67,0.5124132729450476
4,68,0.41267660445876686
4,69,0.11945346773441624
5,0,0.03503577355158282
5,1,0.79587309643054
5,2,0.48326041798147085
5,3,0.12296278027924352
5,4,0.37482079580606836
5,6,0.688078414966624
5,7,0.5951559295363085
5,8,0.9015722381810025
5,9,0.2394386806556733
5,10,0.25423206836583334
5,11,0.8896497095541657
5,12,0.921218611676496
5,13,0.31683283418920055
5,14,0.5232631193891616
5,15,0.5797246463078676
5,16,0.8861979300868156
5,17,0.4709723792183562
5,18,0.3306916059643672
5,19,0.7426026516610937
5,20,0.3495969147340126
5,21,0.5705503117539725
5,22,0.3533984244046483
5,23,0.46540850621807267
5,24,0.6203573627509539
5,25,0.7337977427758404
5,26,0.21867337403918088
5,27,0.6380418079963582
5,28,0.5334825328161147
5,29,0.8646595784084774
5,30,0.8824135886887794
5,31,0.9256819409936495
5,32,0.457315936801243
5,33,0.4839227653078795
5,34,0.6865071540724592
5,35,0.07410370394813585
5,36,0.722254500608563
5,37,0.895763521649708
5,38,0.8245720786372426
5,39,0.5843109590147256
5,40,0.44097440300221297
5,41,0.48203095475985075
5,42,0.35758484149318065
5,43,0.7000795028156331
5,44,0.27346047446278143
5,45,0.8489512467373123
5,46,0.5564974599355187
5,47,0.6668207816264832
5,48,0.5239493996603473
5,49,0.5456870373048671
5,50,0.6737930788869024
5,51,0.1980271718495783
5,52,0.9511198473427303
5,53,1.0224379992966006
5,54,0.3519422578145969
5,55,0.7260134721830218
5,56,0.8241175172058545
5,57,0.3558183234914848
5,58,0.19350352985704297
5,59,0.38543586395187207
5,60,0.5821051284087719
5,61,0.8759435600433552
5,62,0.8047082762158146
5,63,0.7751921973010412
5,64,0.684592024028799
5,65,0.7670529926046673
5,66,0.720599688434366
5,67,0.8259758307013483
5,68,0.517314114870791
5,69,0.31020735946887007
6,0,0.6539398571536346
6,1,0.300937175725837
6,2,0.7161306555533565
6,3,0.6387286899325325
6,4,0.4256014887417168
6,5,0.688078414966624
6,7,0.11386513751862519
6,8,0.43991156526762537
6,9,0.7724578055916247
6,10,0.6067508557369968
6,11,0.5604172913080784
6,12,0.23732384636324974
6,13,0.8738183263167902
6,14,0.6937831942218434
6,15,0.7715965303917862
6,16,0.38940238062384336
6,17,0.22030522083361856
6,18,0.5263800667594226
6,19,0.5252967234524772
6,20,0.5741667776946804
6,21,0.5139682742134627
6,22,0.3870857763890658
6,23,0.5372094394410322
6,24,0.19409548133787866
6,25,0.21673565065722172
6,26,0.6382635493888896
6,27,0.4615574758418441
6,28,0.777328228762728
6,29,0.17817660131329263
6,30,0.40152871980025895
6,31,0.46597463101726694
6,32,0.2474542908885232
6,33,0.2129654661739875
6,34,0.28291220781136683
6,35,0.7503609894490525
6,36,0.4869521752520159
6,37,0.5450177518933719
6,38,0.19344674162885217
6,39,0.17212288301798728
6,40,0.3406790179534729
6,41,0.5895873416812735
6,42,0.37105112580498756
6,43,0.6277613906782776
6,44,0.531429970215413
6,45,0.23193818047758039
6,46,0.16693681716132316
6,47,0.5740195351912096
6,48,0.20850238335492946
6,49,0.507102816843786
6,50,0.09238486799610693
6,51,0.5805921984567541
6,52,0.36449756368752956
6,53,0.3686840093863899
6,54,0.3571592327003075
6,55,0.43988176040063975
6,56,0.21750277824874484
6,57,0.5914804023273583
6,58,0.6069327134947053
6,59,0.34215774705718865
6,60,0.4696130700644019
6,61,0.31453742354570663
6,62,0.12764876711831089
6,63,0.4140985840055127
6,64,0.4306241413488539
6,65,0.32849971560489255
6,66,0.2664263138543137
6,67,0.17135175614660175
6,68,0.26238214595613085
6,69,0.5428745987499047
7,0,0.5603794942114233
7,1,0.3866337504149156
7,2,0.6034951555454275
7,3,0.5355082021117189
7,4,0.38373194389823245
7,5,0.5951559295363085
7,6,0.11386513751862519
7,8,0.41792291333835135
7,9,0.7049299320480261
7,10,0.49544544900504256
7,11,0.6293587144160248
7,12,0.3279260855067028
7,13,0.80789858482311
7,14,0.5829039440349892
7,15,0.6616310698449263
7,16,0.4820776056858809
7,17,0.1257318591409765
7,18,0.4130101123555282
7,19,0.4466611784066257
7,20,0.5321420972543259
7,21,0.5202476875569313
7,22,0.27660560743011053
7,23,0.4255295436429215
7,24,0.23219559860423006
7,25,0.2981671570950289
7,26,0.5733965107767782
7,27,0.48750758026715885
7,28,0.6653613563109444
7,29,0.286043742239992
7,30,0.49161141830591676
7,31,0.5552753918160983
7,32,0.14096202555431972
7,33,0.15743659110910768
7,34,0.2184560801346339
7,35,0.6534024038949491
7,36,0.5299273457200327
7,37,0.6172747694971155
7,38,0.30373876832143554
7,39,0.06813100563785579
7,40,0.31031433526855007
7,41,0.5726947981108303
7,42,0.26176792336049765
7,43,0.5341575479528807
7,44,0.4732366033579129
7,45,0.34106280631846236
7,46,0.05312694213478481
7,47,0.47947940399379985
7,48,0.0946377692124124
7,49,0.40132306350148134
7,50,0.08109159604814081
7,51,0.47312439333503953
7,52,0.38942734251467714
7,53,0.4321092474510698
7,54,0.29048814905032655
7,55,0.3669013908223179
7,56,0.244602295252509
7,57,0.5503920756334121
7,58,0.4990435878656474
7,59,0.2876773251209576
7,60,0.4815384886433297
7,61,0.3236930693077438
7,62,0.21080384114774148
7,63,0.4782978799409462
7,64,0.47084954501944737
7,65,0.40250223180323375
7,66,0.3360449622490823
7,67,0.28455176700144885
7,68,0.15046484590474657
7,69,0.4928179547163034
8,0,0.8678788401627179
8,1,0.7257639613148009
8,2,0.6539382901831319
8,3,0.8016336289062248
8,4,0.7924434675085258
8,5,0.9015722381810025
8,6,0.43991156526762537
8,7,0.41792291333835135
8,9,1.0707707644646567
8,10,0.7011347948427039
8,11,0.9927320491962911
8,12,0.3961185736935879
8,13,1.1729250028407858
8,14,0.6037551157334256
8,15,0.6518383318821871
8,16,0.7986019442875457
8,17,0.5117431837745056
8,18,0.6001660232568768
8,19,0.26179213549503727
8,20,0.9363845917340096
8,21,0.9369417332007544
8,22,0.5508619735476938
8,23,0.5064418707927522
8,24,0.6298361342499851
8,25,0.6499629629557495
8,26,0.949765667659507
8,27,0.8964066562844225
8,28,0.6888349282884397
8,29,0.4590151826630912
8,30,0.8146125909357859
8,31,0.8771100770567386
8,32,0.49285265447985044
8,33,0.5710251363306093
8,34,0.22380519700737916
8,35,0.9378623180234361
8,36,0.9266553196477725
8,37,0.9750003299630754
8,38,0.5766384345871706
8,39,0.37499977711490645
8,40,0.7260042333509056
8,41,0.9890712802889914
8,42,0.5507437983711327
8,43,0.4044247101704251
8,44,0.8637979103071877
8,45,0.6124037382304925
8,46,0.4150755132064108
8,47,0.37599917282257855
8,48,0.42316628433227743
8,49,0.42152174574318857
8,50,0.35974472001761265
8,51,0.7211797816527346
8,52,0.1738075020135813
8,53,0.31825741877552977
8,54,0.6839264111017479
8,55,0.20761749028125223
8,56,0.24257858906571972
8,57,0.9549144557031208
8,58,0.7390668771519888
8,59,0.6924266465117803
8,60,0.8965444841998018
8,61,0.1503828959547227
8,62,0.3709818096912307
8,63,0.8510718904366387
8,64,0.8697781078003212
8,65,0.7621212660737676
8,66,0.7038099147773559
8,67,0.538692037886601
8,68,0.3990659227605208
8,69,0.8912681201113261
9,0,0.2558049572101725
9,1,0.7888475993873251
9,2,0.721978767084139
9,3,0.35887340578261945
9,4,0.3636937217684243
9,5,0.2394386806556733
9,6,0.7724578055916247
9,7,0.7049299320480261
9,8,1.0707707644646567
9,10,0.48791587460334357
9,11,0.8074942141026702
9,12,1.0090361289512617
9,13,0.1032564969797385
9,14,0.7601349673431256
9,15,0.818743375798644
9,16,0.8633625874525744
9,17,0.5819573361147602
9,18,0.5503617578563991
9,19,0.9476136805667745
9,20,0.2477617435033447
9,21,0.47337863328412516
9,22,0.5268322268478508
9,23,0.6870407939470002
9,24,0.6473359671420922
9,25,0.7492977547329722
9,26,0.1345597092470601
9,27,0.5624965927323465
9,28,0.7729134415182988
9,29,0.9355416958115895
9,30,0.8544148027469345
9,31,0.8834855111663593
9,32,0.5863312098052579
9,33,0.5601690633626345
9,34,0.8476791721466774
9,35,0.2768299300403996
9,36,0.6422855604763363
9,37,0.8199759661840347
9,38,0.8630222330448399
9,39,0.715844843358711
9,40,0.4518050405871506
9,41,0.35249720259870004
9,42,0.5231567513561833
9,43,0.9230541325718342
9,44,0.24451660518435983
9,45,0.8779914085897902
9,46,0.6802870377146157
9,47,0.8848622351604334
9,48,0.6582063459317299
9,49,0.7599509534667256
9,50,0.785857183706972
9,51,0.42405881858522576
9,52,1.0890921806556413
9,53,1.134650907855552
9,54,0.4167553061073699
9,55,0.9172836997687331
9,56,0.9486956850518871
9,57,0.24050913588958867
9,58,0.4258957903078276
9,59,0.43088331066812874
9,60,0.5032656742609708
9,61,1.017770594771286
9,62,0.8989370548997723
9,63,0.726212250675945
9,64,0.622341111833419
9,65,0.7469829904480337
9,66,0.718358403824606
9,67,0.8750969925136565
9,68,0.6720425270791657
9,69,0.247715963043245
10,0,0.232390775351401
10,1,0.8046830574715543
10,2,0.240626169173868
10,3,0.13128306853672467
10,4,0.4669870536535567
10,5,0.25423206836583334
10,6,0.6067508557369968
10,7,0.49544544900504256
10,8,0.7011347948427039
10,9,0.48791587460334357
10,11,0.9667144922145148
10,12,0.8144353321793136
10,13,0.5708356884713273
10,14,0.2731060321580959
10,15,0.33775064168872204
10,16,0.9035651436696498
10,17,0.3957689725672967
10,18,0.10125838392274902
10,19,0.5070776833794558
10,20,0.5182489306281843
10,21,0.6927034817831526
10,22,0.2197728738247113
10,23,0.21912888150610269
10,24,0.6149941439839093
10,25,0.725306867946622
10,26,0.4265831608142307
10,27,0.7322316901131058
10,28,0.2996448572997487
10,29,0.78145558389362
10,30,0.9054310419210627
10,31,0.9600799978299974
10,32,0.36053871140521
10,33,0.4500230595351692
10,34,0.507771798613245
10,35,0.25804921748589366
10,36,0.8111105283855417
10,37,0.9661150130699325
10,38,0.7814694018463225
10,39,0.4573974734419224
10,40,0.4915137022520884
10,41,0.6426704883732643
10,42,0.23671419465743318
10,43,0.4489624797998541
10,44,0.42159668954374263
10,45,0.8140519899023748
10,46,0.4448079362314561
10,47,0.41985356409848185
10,48,0.40390151469725694
10,49,0.3055383260296447
10,50,0.5600551771827578
10,51,0.07089736588060266
10,52,0.7845680635403524
10,53,0.8820574157960713
10,54,0.3771961086363106
10,55,0.5066277326589892
10,56,0.6807444614179119
10,57,0.5312959163171733
10,58,0.0620568277052054
10,59,0.4183661723054047
10,60,0.6867737934475735
10,61,0.7086393560692377
10,62,0.6992902477947512
10,63,0.8288625580461684
10,64,0.7607652947407385
10,65,0.7923336923653798
10,66,0.7325370697642606
10,67,0.7708096600742302
10,68,0.36866357731673105
10,69,0.465808472603885
11,0,0.868373989174751
11,1,0.26798122261063884
11,2,1.1610809838874092
11,3,0.9202414344658103
11,4,0.518467933836496
11,5,0.8896497095541657
11,6,0.5604172913080784
11,7,0.6293587144160248
11,8,0.9927320491962911
11,9,0.8074942141026702
11,10,0.9667144922145148
11,12,0.6531241544127205
11,13,0.8732954264777603
11,14,1.1589981459492664
11,15,1.240325050944879
11,16,0.22035592068759882
11,17,0.63128886443534
11,18,0.9318619099363665
11,19,1.0756835830465616
11,20,0.5657614282926655
11,21,0.33430313733861267
11,22,0.7868533643715488
11,23,1.0056754583748266
11,24,0.4007127752439489
11,25,0.344222748497523
11,26,0.7057381252320918
11,27,0.2523507116862293
11,28,1.2273092305405642
11,29,0.5611715445868328
11,30,0.20048754539432886
11,31,0.16155591494459576
11,32,0.6767863542034167
11,33,0.5510992219526983
11,34,0.8392831058250586
11,35,0.9635331112023244
11,36,0.1683224969114725
11,37,0.025778193389110433
11,38,0.4281210712144503
11,39,0.6966876280981661
11,40,0.47557544032197174
11,41,0.4576091415811817
11,42,0.7668594204705889
11,43,1.1587216859576812
11,44,0.6183608050473755
11,45,0.40036622041707026
11,46,0.6677815854539172
11,47,1.1038330084658527
11,48,0.6954110014322591
11,49,1.0093909988140548
11,50,0.6509421748334939
11,51,0.9078126192397133
11,52,0.8798367934305267
11,53,0.8120971723734807
11,54,0.5895599016308025
11,55,0.9939005185043789
11,56,0.7533625341915294
11,57,0.5692245170173026
11,58,0.9322005656449399
11,59,0.5483631129070458
11,60,0.31038059652885314
11,61,0.8526258052849341
11,62,0.6265374471277244
11,63,0.15160850875405363
11,64,0.207819267738041
11,65,0.23196023642423322
11,66,0.2953715565381546
11,67,0.46696717623895967
11,68,0.7582486877952578
11,69,0.5879049523024354
12,0,0.8866789672278268
12,1,0.3923818619742234
12,2,0.880465697281734
12,3,0.863092707384109
12,4,0.656892623667867
12,5,0.921218611676496
12,6,0.23732384636324974
12,7,0.3279260855067028
12,8,0.3961185736935879
12,9,1.0090361289512617
12,10,0.8144353321793136
12,11,0.6531241544127205
12,13,1.1099169759974552
12,14,0.8468014979352942
12,15,0.9171254655180574
12,16,0.4383191248515134
12,17,0.4502943465457398
12,18,0.7239985612957535
12,19,0.5891197969458463
12,20,0.8032301078942922
12,21,0.708608768076175
12,22,0.5999745232386583
12,23,0.7009833049697584
12,24,0.3925222359106953
12,25,0.3455818021400853
12,26,0.8746385546130094
12,27,0.6371674289396316
12,28,0.9349323575026954
12,29,0.09573691003895778
12,30,0.4569994303903727
12,31,0.5134572478167254
12,32,0.46875666829849094
12,33,0.4502602405427715
12,34,0.368323627830623
12,35,0.980944413359362
12,36,0.6364057705600422
12,37,0.6312759391337768
12,38,0.22837454502350626
12,39,0.3570383527546426
12,40,0.5694260816774033
12,41,0.8023850123690797
12,42,0.5868922526941487
12,43,0.7207999408883499
12,44,0.766787301520859
12,45,0.2527820458498311
12,46,0.3731926937014308
12,47,0.6737778732107622
12,48,0.4122803741755737
12,49,0.646844677998517
12,50,0.2550185903934158
12,51,0.7985049600652195
12,52,0.24217666760900577
12,53,0.1614857842866359
12,54,0.5944408251811104
12,55,0.5029820761840116
12,56,0.17704810306001256
12,57,0.819861267731609
12,58,0.8238859440050986
12,59,0.5782195761191236
12,60,0.6608469477364152
12,61,0.2465840664629479
12,62,0.11713271498549069
12,63,0.5338450339555826
12,64,0.589637556328271
12,65,0.4422492722588013
12,66,0.40380701792078527
12,67,0.1915056940963582
12,68,0.4474238476350729
12,69,0.7756685601542217
13,0,0.3397317935339885
13,1,0.876447017883587
13,2,0.7978271164070795
13,3,0.4397008643187954
13,4,0.45962591805434505
13,5,0.31683283418920055
13,6,0.8738183263167902
13,7,0.80789858482311
13,8,1.1729250028407858
13,9,0.1032564969797385
13,10,0.5708356884713273
13,11,0.8732954264777603
13,12,1.1099169759974552
13,14,0.8395852893713972
13,15,0.893300146422654
13,16,0.946343010895045
13,17,0.6851469344484191
13,18,0.6408963562152266
13,19,1.0441038604710413
13,20,0.3312134054713969
13,21,0.5429019554350917
13,22,0.6269740107140526
13,23,0.7773784609419173
13,24,0.7430127534477918
13,25,0.8418732878505587
13,26,0.23566984687112646
13,27,0.636187730261531
13,28,0.8446410696796072
13,29,1.0349416439900985
13,30,0.9361817697861656
13,31,0.9610189096491699
13,32,0.6895222650717578
13,33,0.6620389011545366
13,34,0.9501056337383643
13,35,0.33606196936630645
13,36,0.7122872949163108
13,37,0.8878183795766934
13,38,0.958454991935467
13,39,0.8190915344314617
13,40,0.5484066698432815
13,41,0.41597040222579884
13,42,0.6241091286737959
13,43,1.013294004661361
13,44,0.3434863986920655
13,45,0.9717722795285858
13,46,0.7835370954186043
13,47,0.9771572799886983
13,48,0.7613880841619061
13,49,0.85329024843391
13,50,0.888769256186846
13,51,0.5110604412270431
13,52,1.1923462932150761
13,53,1.2370999464144186
13,54,0.5191126757191391
13,55,1.0165420537544128
13,56,1.0518100935455315
13,57,0.32034488954996737
13,58,0.509547781439049
13,59,0.5317688341002542
13,60,0.5778832622759874
13,61,1.121011566824804
13,62,1.000635755818589
13,63,0.8041528115501965
13,64,0.698553013249948
13,65,0.8321562075015034
13,66,0.8078869811144496
13,67,0.9720372486386354
13,68,0.7744990663117577
13,69,0.34106459665197364
14,0,0.50433285316199
14,1,0.9541207351564649
14,2,0.05743920888295052
14,3,0.40142025964555855
14,4,0.7007566733395695
14,5,0.5232631193891616
14,6,0.6937831942218434
14,7,0.5829039440349892
14,8,0.6037551157334256
14,9,0.7601349673431256
14,10,0.2731060321580959
14,11,1.1589981459492664
14,12,0.8468014979352942
14,13,0.8395852893713972
14,15,0.08137752217917921
14,16,1.0533782249426085
14,17,0.5328347832518686
14,18,0.2430552457902466
14,19,0.3515268238890661
14,20,0.7775761253213579
14,21,0.9248772564346495
14,22,0.3739609517720399
14,23,0.15808056533313644
14,24,0.771057338853341
14,25,0.8669944443999122
14,26,0.6974889537390198
14,27,0.9468757947091899
14,28,0.08880780921891865
14,29,0.8446119049107117
14,30,1.059774758808789
14,31,1.1206010728977072
14,32,0.487680521979098
14,33,0.6094014562411585
14,34,0.4830266292287917
14,35,0.5120052601357482
14,36,1.0183157623888868
14,37,1.1536451100632954
14,38,0.8863785668177746
14,39,0.5218716043803425
14,40,0.701210265162314
14,41,0.8945091695008066
14,42,0.3936059892421587
14,43,0.2341038541586407
14,44,0.6798503559437565
14,45,0.9239472192045861
14,46,0.5308897048712446
14,47,0.2358416717824292
14,48,0.4919136800969903
14,49,0.200867217917541
14,50,0.6181392042212643
14,51,0.3412036234599827
14,52,0.7373926519005279
14,53,0.8645501581617534
14,54,0.5908336221894258
14,55,0.3975161924581153
14,56,0.6805042815831963
14,57,0.7922165064606184
14,58,0.335044201303858
14,59,0.6287659676600675
14,60,0.9099695175457931
14,61,0.6687942087114983
14,62,0.7460478877725697
14,63,1.011283693191518
14,64,0.9626070098858373
14,65,0.9558926836105588
14,66,0.8903472577122421
14,67,0.8647930418390175
14,68,0.4324421056474266
14,69,0.7235934109318585
15,0,0.5639950496394123
15,1,1.034885014552612
15,2,0.09732917496124587
15,3,0.460666811348067
15,4,0.7787303289186863
15,5,0.5797246463078676
15,6,0.7715965303917862
15,7,0.6616310698449263
15,8,0.6518383318821871
15,9,0.818743375798644
15,10,0.33775064168872204
15,11,1.240325050944879
15,12,0.9171254655180574
15,13,0.893300146422654
15,14,0.08137752217917921
15,16,1.1340293932033538
15,17,0.6140599135239585
15,18,0.32047792446213225
15,19,0.3922477677605396
15,20,0.8505782754439406
15,21,1.0035912847554216
15,22,0.45487607172870664
15,23,0.23846596286747926
15,24,0.8522559770800857
15,25,0.9475845337863916
15,26,0.7643337931630041
15,27,1.0272094228948931
15,28,0.05725282842780134
15,29,0.918963425713809
15,30,1.1406008102429792
15,31,1.2015894571349106
15,32,0.5688471535090696
15,33,0.6907738910625087
15,34,0.5503949841561283
15,35,0.560160636680035
15,36,1.0991368531791157
15,37,1.2350144398339342
15,38,0.9646248727141798
15,39,0.5994856643809425
15,40,0.7814148664928469
15,41,0.969823773366367
15,42,0.4745998096601472
15,43,0.2582635635446213
15,44,0.7529539819922637
15,45,1.0024490536023174
15,46,0.6100064062392839
15,47,0.2760925485829075
15,48,0.5715373135598739
15,49,0.2707487603602714
15,50,0.6939634032056722
15,51,0.4079615861349622
15,52,0.7948477289876479
15,53,0.9263297829078418
15,54,0.6703742236154934
15,55,0.4501433396292106
15,56,0.7477519845958549
15,57,0.8646987424485307
15,58,0.3984071304987081
15,59,0.7086987783594195
15,60,0.9895915744219225
15,61,0.7289896998514193
15,62,0.8192342870729183
15,63,1.0926602915062265
15,64,1.0436032316101187
15,65,1.0370864808214262
15,66,0.971459110685114
15,67,0.9422033204298665
15,68,0.5113114077765117
15,69,0.7969568472829703
16,0,0.8586489291205126
16,1,0.09984632244559775
16,2,1.065539583082475
16,3,0.8868925293103517
16,4,0.5179228444678659
16,5,0.8861979300868156
16,6,0.38940238062384336
16,7,0.4820776056858809
16,8,0.7986019442875457
16,9,0.8633625874525744
16,10,0.9035651436696498
16,11,0.22035592068759882
16,12,0.4383191248515134
16,13,0.946343010895045
16,14,1.0533782249426085
16,15,1.1340293932033538
16,17,0.5234111529899237
16,18,0.8480938448622449
16,19,0.9146213900088396
16,20,0.6164895398088105
16,21,0.4184553766185547
16,22,0.6981187891824384
16,23,0.8955639276034421
16,24,0.28909268896399987
16,25,0.18649806223237875
16,26,0.7413352156414474
16,27,0.32234821323935847
16,28,1.1303829671557875
16,29,0.35004593405853973
16,30,0.019963104648306418
16,31,0.07857365374918103
16,32,0.5673832426478291
16,33,0.45544719255999355
16,34,0.6716365554732716
16,35,0.9593325426700082
16,36,0.2711568274634538
16,37,0.19649492745346148
16,38,0.22223285363173967
16,39,0.5496489239045118
16,40,0.44522931232028284
16,41,0.545318416627717
16,42,0.6783486330439935
16,43,1.014517990217171
16,44,0.6367633095739034
16,45,0.18865760226549952
16,46,0.5294896475435162
16,47,0.9601860960882663
16,48,0.5648390034515108
16,49,0.8818493664502853
16,50,0.48153790592744355
16,51,0.8554624401995663
16,52,0.672139591914773
16,53,0.5948884136494438
16,54,0.5443083481285965
16,55,0.8287698051156195
16,56,0.5561279387652327
16,57,0.6261747347445925
16,58,0.8818230238276232
16,59,0.5057624517445809
16,60,0.3750985131898349
16,61,0.6529175414871569
16,62,0.42765692470016287
16,63,0.15406660593899907
16,64,0.25725039087646384
16,65,0.11942082368894051
16,66,0.17130841701917923
16,67,0.2607657836513845
16,68,0.6273212681287358
16,69,0.6194573725014564
17,0,0.4363917638634894
17,1,0.4236167905161828
17,2,0.5423633493219272
17,3,0.41856700580140305
17,4,0.2816292243419336
17,5,0.4709723792183562
17,6,0.22030522083361856
17,7,0.1257318591409765
17,8,0.5117431837745056
17,9,0.5819573361147602
17,10,0.3957689725672967
17,11,0.63128886443534
17,12,0.4502943465457398
17,13,0.6851469344484191
17,14,0.5328347832518686
17,15,0.6140599135239585
17,16,0.5234111529899237
17,18,0.3274198007591609
17,19,0.4800744909765002
17,20,0.42470592819112796
17,21,0.45596816555669534
17,22,0.1786706298435166
17,23,0.3765478346973855
17,24,0.23823644199531793
17,25,0.3385392762300925
17,26,0.4520714120246722
17,27,0.4456966418658323
17,28,0.6075290555632762
17,29,0.39847751265275744
17,30,0.5285668103137743
17,31,0.5884097637448005
17,32,0.0455712866342465
17,33,0.08247665344612476
17,34,0.29224774861803654
17,35,0.5311800810743684
17,36,0.5046490403595401
17,37,0.624000336541913
17,38,0.38573169313886607
17,39,0.1383168092467624
17,40,0.2251919689462008
17,41,0.4843796890115627
17,42,0.16001276167732498
17,43,0.5366939238430927
17,44,0.356398976686012
17,45,0.4184170903200656
17,46,0.09979452295109352
17,47,0.48249597379350584
17,48,0.09090458517724206
17,49,0.3793028394409241
17,50,0.20644959815267386
17,51,0.3629605789552327
17,52,0.5077723075008647
17,53,0.5576837007233131
17,54,0.173608463633359
17,55,0.41378744550801344
17,56,0.36693548670886206
17,57,0.4432278550685335
17,58,0.3896156740735095
17,59,0.18111934329930435
17,60,0.4251612288292955
17,61,0.43803505594423725
17,62,0.3337450383522417
17,63,0.4812516518490043
17,64,0.4459829235621065
17,65,0.423069007874236
17,66,0.35774493767859106
17,67,0.376366648136217
17,68,0.1405982767848401
17,69,0.38068496262306795
18,0,0.30270982018841375
18,1,0.7483144633785065
18,2,0.23189715634467173
18,3,0.21327551969203207
18,4,0.45825607638056887
18,5,0.3306916059643672
18,6,0.5263800667594226
18,7,0.4130101123555282
18,8,0.6001660232568768
18,9,0.5503617578563991
18,10,0.10125838392274902
18,11,0.9318619099363665
18,12,0.7239985612957535
18,13,0.6408963562152266
18,14,0.2430552457902466
18,15,0.32047792446213225
18,16,0.8480938448622449
18,17,0.3274198007591609
18,19,0.41410389158796956
18,20,0.537025304817394
18,21,0.6832625246914743
18,22,0.14997951662282802
18,23,0.13670314291471328
18,24,0.5594904765540178
18,25,0.6650149608266753
18,26,0.4685743591261887
18,27,0.7099272625286311
18,28,0.2979018454692279
18,29,0.69717040232457
18,30,0.8518829236195106
18,31,0.9095523686840211
18,32,0.28688693714151375
18,33,0.39315995703258366
18,34,0.40740945896878067
18,35,0.3485225681011819
18,36,0.7843179244149402
18,37,0.9286976719676003
18,38,0.7086413737866957
18,39,0.3682496715421016
18,40,0.4642261367021262
18,41,0.6517809750579419
18,42,0.16976826613266763
18,43,0.37277404284452603
18,44,0.43948124273986267
18,45,0.7431339739290612
18,46,0.3606668911775199
18,47,0.33666154826224187
18,48,0.31899564653976076
18,49,0.21512163966133227
18,50,0.4717093504852732
18,51,0.132993988785165
18,52,0.6843817687343171
18,53,0.7847676312170266
18,54,0.35146522320833706
18,55,0.4076853648674803
18,56,0.584156159721518
18,57,0.5522825335818086
18,58,0.14389658443504047
18,59,0.39077398532117535
18,60,0.6703343241331006
18,61,0.6085941344345188
18,62,0.6105382037384778
18,63,0.7880456369315767
18,64,0.7304154966877575
18,65,0.742054017331814
18,66,0.6791382981657468
18,67,0.694549597003191
18,68,0.27657614169921635
18,69,0.4827540423443724
19,0,0.7125426307312768
19,1,0.8250981607995012
19,2,0.4054576611351037
19,3,0.6273593520490245
19,4,0.7454191331958661
19,5,0.7426026516610937
19,6,0.5252967234524772
19,7,0.4466611784066257
19,8,0.26179213549503727
19,9,0.9476136805667745
19,10,0.5070776833794558
19,11,1.0756835830465616
19,12,0.5891197969458463
19,13,1.0441038604710413
19,14,0.3515268238890661
19,15,0.3922477677605396
19,16,0.9146213900088396
19,17,0.4800744909765002
19,18,0.41410389158796956
19,20,0.8704131078941522
19,21,0.9359756700837684
19,22,0.4283950644437375
19,23,0.2900011525376137
19,24,0.6782574648213502
19,25,0.7384303382287276
19,26,0.8448168684256849
19,27,0.9216344478682584
19,28,0.432789614746181
19,29,0.6207289340789384
19,30,0.9268039510336287
19,31,0.9912435505655879
19,32,0.4424446050620008
19,33,0.5595478279062637
19,34,0.24366066561856706
19,35,0.7623105738911554
19,36,0.9724449017480876
19,37,1.0629491294705196
19,38,0.7068906767228829
19,39,0.380332670749985
19,40,0.7034074849800475
19,41,0.954173360599648
19,42,0.4376281884467665
19,43,0.14334549981805006
19,44,0.7820380280458201
19,45,0.7460382564817476
19,46,0.4131763757645045
19,47,0.11670808403218545
19,48,0.39498353809313796
19,49,0.2016930059444234
19,50,0.43308362367068765
19,51,0.5465945160113932
19,52,0.41840365242773037
19,53,0.5590020251292048
19,54,0.6247772368084943
19,55,0.0880186407074288
19,56,0.4121689965699298
19,57,0.8883746801134564
19,58,0.5576791568991989
19,59,0.6479839548628785
19,60,0.9048122557472645
19,61,0.36307453605456474
19,62,0.5182272652373862
19,63,0.9248731462389046
19,64,0.913076163444706
19,65,0.8468792775733276
19,66,0.7811737058962319
19,67,0.6746489130189147
19,68,0.3395300019958125
19,69,0.8185117823868281
20,0,0.33868115520496855
20,1,0.5452407937294445
20,2,0.7553152200126364
20,3,0.42152904882062053
20,4,0.14942952000693113
20,5,0.3495969147340126
20,6,0.5741667776946804
20,7,0.5321420972543259
20,8,0.9363845917340096
20,9,0.2477617435033447
20,10,0.5182489306281843
20,11,0.5657614282926655
20,12,0.8032301078942922
20,13,0.3312134054713969
20,14,0.7775761253213579
20,15,0.8505782754439406
20,16,0.6164895398088105
20,17,0.42470592819112796
20,18,0.537025304817394
20,19,0.8704131078941522
20,21,0.23267943176346073
20,22,0.4480212229442385
20,23,0.6612961185491916
20,24,0.4205825575611249
20,25,0.51339054600466
20,26,0.14184371835551135
20,27,0.3167112806747125
20,28,0.8170191574908732
20,29,0.7212566276063789
20,30,0.6071027502961075
20,31,0.6357647672684991
20,32,0.4462127739727125
20,33,0.37520148016226756
20,34,0.7153376613116865
20,35,0.4192294316473185
20,36,0.39843251604438173
20,37,0.5765482277182523
20,38,0.6337059129034457
20,39,0.5624424125209758
20,40,0.23404567310535768
20,41,0.132585593709563
20,42,0.43549134507914167
20,43,0.8839320442171478
20,44,0.09772586670159442
20,45,0.6442905364197354
20,46,0.5228560750988402
20,47,0.8363983871796898
20,48,0.5136444315039344
20,49,0.7122687873627358
20,50,0.6087514552261156
20,51,0.44759653789358395
20,52,0.9207390534054649
20,53,0.9428482822603653
20,54,0.2533697260890949
20,55,0.8197195158193987
20,56,0.773563823797111
20,57,0.018537510044429533
20,58,0.46351977804824107
20,59,0.24529717854135907
20,60,0.2573823866224909
20,61,0.8557850845096221
20,62,0.701503518902673
20,63,0.47850553954665115
20,64,0.3751182849871236
20,65,0.5012553014326403
20,66,0.47717590827835304
20,67,0.6505927729150917
20,68,0.5479163754499877
20,69,0.05440404037373106
21,0,0.5537163937927269
21,1,0.3702240567053302
21,2,0.9140918444596837
21,3,0.6208492636888128
21,4,0.2263022594368942
21,5,0.5705503117539725
21,6,0.5139682742134627
21,7,0.5202476875569313
21,8,0.9369417332007544
21,9,0.47337863328412516
21,10,0.6927034817831526
21,11,0.33430313733861267
21,12,0.708608768076175
