siteNum=100
demandLowerBound=0
demandUpperBound=1000
fixedCostLowerBound=500
fixedCostUpperBound=1500
coordinateLowerBound=0
coordinateUpperBound=1
facilityFailProbility=0.05
Coordinate: index, x, y
0,0.98619565377446,0.7215905200020941
1,0.5015306112523271,0.7561509314294281
2,0.7500219797975398,0.7191786117866528
3,0.2538971088675126,0.7280844075301162
4,0.6321886492975093,0.503048214153157
5,0.1753784635084943,0.4164141231642273
6,0.1100220889130481,0.47161530485951997
7,0.4488075026094146,0.12329760026234804
8,0.5506832656948619,0.5300830387161372
9,0.07697051428566626,0.5370699998185806
10,0.3575500679770647,0.6871695796835481
11,0.6601609869871411,0.9692639876378997
12,0.009984869415254227,0.8530640457405647
13,0.609282242368296,0.20667918302248345
14,0.7533016243209056,0.9476310026504974
15,0.43921433287348466,0.5186300001190566
16,0.024193971938017533,0.030190580082018914
17,0.5341692600845737,0.010913223767263669
18,0.10042054065796113,0.6748257427080884
19,0.06539355885351317,0.6276434353412866
20,0.08393203670593297,0.3357621516249032
21,0.5125951672660456,0.672588348767318
22,0.6711081056074688,0.7249869140704098
23,0.49274578031161254,0.5929363892209858
24,0.33306913470246524,0.33379286654181983
25,0.6147292445989196,0.8511231086323398
26,0.47997253427320163,0.3912730087515507
27,0.3251367635968492,0.19439683410779374
28,0.6457504040457352,0.8213267343615813
29,0.5136703279133742,0.840155425896201
30,0.3030826348333445,0.3846605466187495
31,0.6273872315335095,0.64188270255192
32,0.8918798399563069,0.3880382828297927
33,0.20964326311443215,0.6461773728136462
34,0.9948734805090073,0.07456989332996145
35,0.5598592770925848,0.4121229195459264
36,0.7181675031520037,0.965125529552843
37,0.8902242854335333,0.7587434640402284
38,0.6953849084364739,0.25214971583524626
39,0.34575786427612676,0.06273114362189036
40,0.7951521442136171,0.9396342652038635
41,0.7698256012406567,0.6775570921963935
42,0.7837570909936982,0.49677405033393907
43,0.4891709045567756,0.38367938208793695
44,0.45306910641441356,0.9141616314431883
45,0.23376168404579412,0.7474475569090085
46,0.416953219307461,0.9927959077663909
47,0.9456810177684388,0.9096473451010945
48,0.9063180816975089,0.4771804094140649
49,0.6556261028241417,0.1628383738013931
50,0.7722271491274628,0.1296478999027978
51,0.4743512471855176,0.47971554681560324
52,0.09595915396324295,0.07166551152242517
53,0.8534300610146628,0.17114502409067667
54,0.4788297963697128,0.631243276916716
55,0.2547820659022997,0.0922592771452736
56,0.7457097360783792,0.41722914467863603
57,0.4830932725568974,0.35283301611644846
58,0.11193717722525665,0.3669859193516273
59,0.3887018456029594,0.36313272319109313
60,0.9016787703826106,0.9093555641284806
61,0.07167769497770016,0.0059477526816995585
62,0.7707878443552381,0.2817159122693572
63,0.5678029107292532,0.43261372059006264
64,0.5183962877717104,0.4083011405325413
65,0.22928950268956727,0.6636278404348229
66,0.8371205283022286,0.6538189621285552
67,0.48937665339403025,0.10529072607849044
68,0.3328657656269174,0.27234203068375573
69,0.3973843331827307,0.9397314907655572
70,0.5616006654673069,0.516694122833625
71,0.7601300992935311,0.09115468173930563
72,0.13629651620449101,0.5826256673563511
73,0.1317636195659887,0.9195599088416844
74,0.24464127552613302,0.7664980218378146
75,0.5895565919826293,0.6788044347526135
76,0.9580629074318586,0.02835915399847777
77,0.7728800704038243,0.29305519853632567
78,0.25947826308311694,0.07389866329722039
79,0.5409504713571867,0.939515567636617
80,0.8956698995741429,0.021632882906026274
81,0.31673245891197355,0.325077407460449
82,0.23353745756594246,0.6497596242970726
83,0.3208936160585776,0.18416310789144774
84,0.9494863008895994,0.31623102153119387
85,0.20020162949988707,0.3048879870309583
86,0.9360684159548979,0.9087731602958636
87,0.21037905404363,0.9559118036334836
88,0.5786302714194372,0.8183779258132958
89,0.5914967973360665,0.4686340442577307
90,0.10466401426314731,0.6246054262960606
91,0.39609705227697567,0.1157809819498049
92,0.8423069930072523,0.9437530218518992
93,0.9838791870420706,0.2585252689478965
94,0.8765078328599756,0.026769306807226223
95,0.4516077134756238,0.29369035589676906
96,0.4828476717945851,0.4968964857883529
97,0.26610014412292504,0.3489739917172685
98,0.3678878912328225,0.07203265867245012
99,0.5439576233535266,0.6777594235122841
Demand:index, demand
0,855
1,223
2,495
3,526
4,144
5,531
6,759
7,563
8,316
9,117
10,484
11,986
12,34
13,25
14,492
15,933
16,580
17,673
18,718
19,21
20,56
21,135
22,729
23,84
24,836
25,390
26,837
27,176
28,806
29,81
30,755
31,41
32,6
33,585
34,212
35,710
36,103
37,754
38,207
39,465
40,30
41,323
42,703
43,989
44,582
45,729
46,266
47,483
48,516
49,219
50,90
51,111
52,479
53,350
54,342
55,353
56,785
57,939
58,778
59,83
60,458
61,274
62,39
63,355
64,924
65,492
66,604
67,319
68,31
69,189
70,89
71,712
72,887
73,270
74,216
75,31
76,595
77,387
78,479
79,425
80,270
81,610
82,8
83,198
84,64
85,748
86,98
87,240
88,710
89,38
90,612
91,684
92,109
93,578
94,549
95,25
96,118
97,350
98,160
99,667
Fixcost:index, fixedCost
0,1263
1,902
2,801
3,1165
4,750
5,635
6,648
7,1241
8,818
9,1274
10,722
11,769
12,708
13,593
14,804
15,664
16,596
17,893
18,817
19,1067
20,560
21,800
22,704
23,627
24,510
25,732
26,1311
27,1038
28,1121
29,1446
30,1059
31,908
32,800
33,600
34,1473
35,1474
36,1183
37,807
38,1499
39,567
40,884
41,627
42,711
43,1139
44,801
45,852
46,1162
47,732
48,1031
49,1356
50,551
51,798
52,690
53,662
54,1284
55,533
56,1090
57,887
58,997
59,827
60,1186
61,845
62,1425
63,930
64,738
65,1297
66,851
67,1208
68,832
69,512
70,507
71,858
72,578
73,1245
74,1418
75,927
76,942
77,1204
78,529
79,868
80,927
81,705
82,982
83,1248
84,567
85,1163
86,1142
87,886
88,522
89,831
90,1407
91,863
92,568
93,1111
94,1413
95,1060
96,1368
97,1281
98,555
99,994
TransCost:start_index, end_index, transCost
0,1,0.48589569403423144
0,2,0.23618598938335922
0,3,0.7323273376353358
0,4,0.4160308866713073
0,5,0.8663470143180146
0,6,0.9111354037394941
0,7,0.8042017426139388
0,8,0.47575850550388016
0,9,0.9277597623561882
0,10,0.6295872248346238
0,11,0.4094395566110613
0,12,0.9850242552695441
0,13,0.6381202117532107
0,14,0.3245518891503115
0,15,0.5834222639270537
0,16,1.1846860819548897
0,17,0.842252978609119
0,18,0.8870087346874912
0,19,0.9255822776647515
0,20,0.9812966750836298
0,21,0.4761287993880743
0,22,0.3151058528535344
0,23,0.5099457451411303
0,24,0.7595796666212147
0,25,0.39340308166436927
0,26,0.6044596801742347
0,27,0.8455365389678158
0,28,0.35475383087095097
0,29,0.4871732961583626
0,30,0.7616857643483604
0,31,0.36755519318016777
0,32,0.3466303040111002
0,33,0.7802055871426908
0,34,0.6470788174681923
0,35,0.5268139157371681
0,36,0.36214415693612595
0,37,0.10291183018453497
0,38,0.5522187593887514
0,39,0.918834174408866
0,40,0.2898977360500388
0,41,0.2208052137015805
0,42,0.3025290345318824
0,43,0.6010137589617583
0,44,0.5668399672409331
0,45,0.7528781210523018
0,46,0.6305468353344565
0,47,0.19237152907074476
0,48,0.25713173409472656
0,49,0.6492150559709661
0,50,0.6294271891735309
0,51,0.5661167717091168
0,52,1.102235701764112
0,53,0.5662304712659206
0,54,0.515347201014212
0,55,0.9648956678106377
0,56,0.38790375532973775
0,57,0.6237740798227781
0,58,0.9434364348596099
0,59,0.6967717294048883
0,60,0.2059097262735671
0,61,1.1612440171556468
0,62,0.4897858663608179
0,63,0.50848803135503
0,64,0.5630155256482647
0,65,0.759122252191809
0,66,0.1637570673014388
0,67,0.7916151559497113
0,68,0.7928834390386078
0,69,0.6279205796775594
0,70,0.4714482343462222
0,71,0.6697424737082713
0,72,0.8611850987523123
0,73,0.8770666907363128
0,74,0.7429129017727368
0,75,0.3989400887728375
0,76,0.6938019733526397
0,77,0.4786920302788883
0,78,0.9734592478244997
0,79,0.49571624832387734
0,80,0.7057872242415889
0,81,0.7780768713263175
0,82,0.7560780633622728
0,83,0.8552514394474012
0,84,0.40701830375279807
0,85,0.8896221710253732
0,86,0.1937784322332226
0,87,0.8104306635243812
0,88,0.4189001585316698
0,89,0.46880077420454863
0,90,0.8868506863394034
0,91,0.8457077248579529
0,92,0.2646887302579111
0,93,0.46307104503737795
0,94,0.7034258570471774
0,95,0.6847501853627469
0,96,0.5512228224361345
0,97,0.8107901209137541
0,98,0.8967886620795265
0,99,0.44440481609686167
1,0,0.48589569403423144
1,2,0.25122681517155027
1,3,0.2492189424324736
1,4,0.2848376878126353
1,5,0.4709525691278696
1,6,0.48398289830511154
1,7,0.6350457187905784
1,8,0.23134968241727774
1,9,0.4777527922805029
1,10,0.15965219613437376
1,11,0.26567041768379746
1,12,0.5010083512713552
1,13,0.5599371538891991
1,14,0.3163119673619765
1,15,0.2455595882093298
1,16,0.8688318013058299
1,17,0.7459520911688313
1,18,0.409271395351274
1,19,0.4546753842313981
1,20,0.5925498254566596
1,21,0.08429193093613828
1,22,0.17241729196841396
1,23,0.16345078783220454
1,24,0.45471486016729734
1,25,0.14776212313782425
1,26,0.36551422563391567
1,27,0.588797465473781
1,28,0.15826317929709502
1,29,0.0848771336181222
1,30,0.42117301118611
1,31,0.16999152037500076
1,32,0.5365439799390452
1,33,0.31191730890989605
1,34,0.8413916437326677
1,35,0.3489376824294264
1,36,0.3010015375256328
1,37,0.38870232000056765
1,38,0.5399969572665873
1,39,0.7107011684411122
1,40,0.3462365353216191
1,41,0.27956965718444116
1,42,0.38331208213938417
1,43,0.3726765587187514
1,44,0.1652752212825432
1,45,0.2679103340772436
1,46,0.2513049542960051
1,47,0.4699263055187383
1,48,0.4916070060352407
1,49,0.6129969099121786
1,50,0.682482720755363
1,51,0.277768320183691
1,52,0.7956183111472848
1,53,0.6826896325302373
1,54,0.12695372839031463
1,55,0.7082633502169274
1,56,0.41772170464935876
1,57,0.40373911907391113
1,58,0.5506654614759493
1,59,0.4088931918787976
1,60,0.428474280133366
1,61,0.8646261267351327
1,62,0.5455163104652804
1,63,0.33025496888869876
1,64,0.3482584213934594
1,65,0.28753389984256883
1,66,0.35084529976409057
1,67,0.6509736750446105
1,68,0.5123659654881257
1,69,0.21106460859631512
1,70,0.24687643588701957
1,71,0.7135080289086455
1,72,0.40435994047017426
1,73,0.40426491566754086
1,74,0.25709763338032615
1,75,0.11717957941428202
1,76,0.8591289826045083
1,77,0.5367384715162589
1,78,0.7239181560271648
1,79,0.18755403270012996
1,80,0.8335841542432617
1,81,0.46901464814592153
1,82,0.2883391070529722
1,83,0.5998331387213802
1,84,0.6278485701212314
1,85,0.5426208623257484
1,86,0.46056123204182975
1,87,0.35309153958821243
1,88,0.099078536666292
1,89,0.301263796443178
1,90,0.418099648082326
1,91,0.6489914541461576
1,92,0.3890026821152517
1,93,0.6930306259658205
1,94,0.820125277662574
1,95,0.46514737411321744
1,96,0.2599267585521793
1,97,0.47034090305450593
1,98,0.697049630753939
1,99,0.08913629939232938
2,0,0.23618598938335922
2,1,0.25122681517155027
2,3,0.4962047971887822
2,4,0.24616466553496746
2,5,0.649524061435631
2,6,0.6862123951582768
2,7,0.6676858102153619
2,8,0.2747600019926042
2,9,0.6972530543358119
2,10,0.3937750369236176
2,11,0.2657398977261976
2,12,0.7520506859035437
2,13,0.5314728009740972
2,14,0.22847593081024198
2,15,0.36989341576766194
2,16,1.000765109716335
2,17,0.7404270770803429
2,18,0.6511138201019174
2,19,0.6907204668251808
2,20,0.768559688124967
2,21,0.24195483858992384
2,22,0.07912733987128502
2,23,0.28658007882656816
2,24,0.5677779915343607
2,25,0.18898009007666774
2,26,0.4247926406257722
2,27,0.6752209720748394
2,28,0.14596849131010073
2,29,0.2655136397635157
2,30,0.558262585170009
2,31,0.14496185383129634
2,32,0.3602465405114695
2,33,0.5452873905892895
2,34,0.6895452539979052
2,35,0.3611717758040968
2,36,0.24800119766051565
2,37,0.1456779463044966
2,38,0.47021399300797495
2,39,0.7709427693144525
2,40,0.22502761355849532
2,41,0.0460926709495622
2,42,0.22494854229888014
2,43,0.4249741363691378
2,44,0.3552455305346936
2,45,0.5170336799745358
2,46,0.43104666090072097
2,47,0.2730582309876514
2,48,0.2880826295018315
2,49,0.5642916284963585
2,50,0.589948751841425
2,51,0.36515327234488554
2,52,0.9203648163375963
2,53,0.5577042625836117
2,54,0.28509265769402076
2,55,0.7989308007970117
2,56,0.3019802578525767
2,57,0.4532769906096243
2,58,0.7288291348994921
2,59,0.5072680890418707
2,60,0.24324279091596912
2,61,0.9843013903918502
2,62,0.43795528835691466
2,63,0.3395927354915393
2,64,0.3876793305552867
2,65,0.5236871212019524
2,66,0.10889463235188813
2,67,0.6669290235064221
2,68,0.6112955400073617
2,69,0.4159289389257668
2,70,0.27659096145843454
2,71,0.6281052704697361
2,72,0.6287333705912926
2,73,0.6499200444713666
2,74,0.5075911571505685
2,75,0.1654666578431001
2,76,0.7214655576184466
2,77,0.4267360491290537
2,78,0.8105673012961505
2,79,0.3037421106049567
2,80,0.7125891947081827
2,81,0.5857094571206852
2,82,0.5211288300688035
2,83,0.6858518367501243
2,84,0.44961402989830895
2,85,0.6884323782056573
2,86,0.26563013615037245
2,87,0.5892852377569188
2,88,0.19802934531054003
2,89,0.2964840869131056
2,90,0.652250711837502
2,91,0.6995366709566856
2,92,0.24279660071605264
2,93,0.51661464908453
2,94,0.7038673999035788
2,95,0.5197031174090286
2,96,0.3475506501147448
2,97,0.6092879481521082
2,98,0.751547966716215
2,99,0.2101857943677282
3,0,0.7323273376353358
3,1,0.2492189424324736
3,2,0.4962047971887822
3,4,0.4401656255212258
3,5,0.32140868660589944
3,6,0.2940687368483062
3,7,0.6354188727396786
3,8,0.35677242737711296
3,9,0.2603642137923677
3,10,0.11143589668450996
3,11,0.47245944643510634
3,12,0.2740676750764862
3,13,0.6310007933887442
3,14,0.5455323798677681
3,15,0.27966698463922723
3,16,0.7347239791278116
3,17,0.7699915490235268
3,18,0.16245473944457947
3,19,0.2135930178215515
3,20,0.42755687134397263
3,21,0.2645836313103566
3,22,0.4172224949190548
3,23,0.27443337024402964
3,24,0.40216169505527966
3,25,0.381232674551134
3,26,0.4056501156409759
3,27,0.5384213168433823
3,28,0.4027941613963354
3,29,0.2829170169697477
3,30,0.34692818306935697
3,31,0.3833087602314998
3,32,0.7229476689852625
3,33,0.0930976111400419
3,34,0.987991499761642
3,35,0.4398232716377916
3,36,0.5212825457838294
3,37,0.6370653446724079
3,38,0.649172787420217
3,39,0.671664621799876
3,40,0.5811285189777693
3,41,0.5183967774178952
3,42,0.5781488407019292
3,43,0.41709540933443656
3,44,0.2725696569063004
3,45,0.027935047639486447
3,46,0.3109010670762388
3,47,0.7152133086804578
3,48,0.6990035350833773
3,49,0.6934617965190715
3,50,0.791702143673404
3,51,0.33209504373621596
3,52,0.6751519566996003
3,53,0.8183038784804701
3,54,0.24489368812904116
3,55,0.6358257462370138
3,56,0.5818166848127662
3,57,0.4397095498255921
3,58,0.3880009540666933
3,59,0.38905275856649957
3,60,0.6726665691185862
3,61,0.7447719537375236
3,62,0.6829501196971826
3,63,0.4310913815924524
3,64,0.4149953656279033
3,65,0.06899408180067977
3,66,0.5879327456077055
3,67,0.6658247408639043
3,68,0.46253341804020465
3,69,0.2557011368448631
3,70,0.3733193421297996
3,71,0.8136039062047492
3,72,0.18705118146548236
3,73,0.22711111115813293
3,74,0.03951298792832562
3,75,0.33925772551565975
3,76,0.9927058488281807
3,77,0.6771954865788489
3,78,0.654209551474087
3,79,0.3565147519817504
3,80,0.9544349488231648
3,81,0.4078761127111548
3,82,0.08092766566276821
3,83,0.5480318532498093
3,84,0.8083733887361191
3,85,0.4265892811918967
3,86,0.705695485028318
3,87,0.23194642379414937
3,88,0.3370527351987069
3,89,0.42577933328924905
3,90,0.18159960375076112
3,91,0.6285986866698325
3,92,0.626689032101903
3,93,0.8679629134255233
3,94,0.9378096737250987
3,95,0.4772710710580937
3,96,0.3253708890234328
3,97,0.3793067643046128
3,98,0.6658812173679759
3,99,0.2943937942285574
4,0,0.4160308866713073
4,1,0.2848376878126353
4,2,0.24616466553496746
4,3,0.4401656255212258
4,5,0.46495269819850765
4,6,0.5231117897451759
4,7,0.42170982169151194
4,8,0.08587205188747857
4,9,0.5562595251731813
4,10,0.33064637846872347
4,11,0.467054171506689
4,12,0.7138967895022292
4,13,0.2972529328564159
4,14,0.4607843406053299
4,15,0.19360237305675435
4,16,0.7702284529909466
4,17,0.5018014043661101
4,18,0.5588245168946353
4,19,0.5803280483436387
4,20,0.5732102057418348
4,21,0.20747640393403258
4,22,0.2253253438928325
4,23,0.16590418237055568
4,24,0.34368569464935456
4,25,0.34851250046321625
4,26,0.18884766934136238
4,27,0.43536942349714747
4,28,0.31856732038599844
4,29,0.3573343878118681
4,30,0.34975192434170316
4,31,0.13891748911310883
4,32,0.2840190113509815
4,33,0.44612841138338777
4,34,0.561367934786427
4,35,0.11618497012509921
4,36,0.47000830707245317
4,37,0.3632663627848503
4,38,0.2587350452245344
4,39,0.5252825118059823
4,40,0.46600909931815965
4,41,0.22225498657197645
4,42,0.1516982453749594
4,43,0.1862873945798276
4,44,0.4484395751029748
4,45,0.4674131848580907
4,46,0.534957095216507
4,47,0.5134202161749487
4,48,0.27534721540259993
4,49,0.34101620152125584
4,50,0.398796409358072
4,51,0.15955268368331357
4,52,0.6882100753370561
4,53,0.39888280212645166
4,54,0.19988224505513824
4,55,0.5578380409743603
4,56,0.14230934554477603
4,57,0.21164601835761657
4,58,0.537749516280586
4,59,0.2808240876145486
4,60,0.48755572810339604
4,61,0.7491871586644016
4,62,0.26114694087396817
4,63,0.09542819926242667
4,64,0.14807332474584503
4,65,0.43372057677053716
4,66,0.25441873649058544
4,67,0.4226183686180759
4,68,0.3779147149554986
4,69,0.4958077761986704
4,70,0.07189488357963023
4,71,0.4313064996860643
4,72,0.5022365764476442
4,73,0.6510815633959406
4,74,0.4686136661325338
4,75,0.180852816926649
4,76,0.5757809791449743
4,77,0.25276697288365274
4,78,0.5684033506163855
4,79,0.4459015090473743
4,80,0.5488015036487442
4,81,0.3621963777944343
4,82,0.42479054901847174
4,83,0.4456369696454382
4,84,0.36820980862139874
4,85,0.4752686197160009
4,86,0.5069079250773765
4,87,0.6188770195485103
4,88,0.3198457861166794
4,89,0.053293169408876795
4,90,0.5413486828210554
4,91,0.4535583218530458
4,92,0.48823195910561923
4,93,0.4283429759794288
4,94,0.5352882037176457
4,95,0.27647818575072025
4,96,0.14946762633896093
4,97,0.39718970233401724
4,98,0.5055979625946988
4,99,0.1957261367698665
5,0,0.8663470143180146
5,1,0.4709525691278696
5,2,0.649524061435631
5,3,0.32140868660589944
5,4,0.46495269819850765
5,6,0.08554896937320167
5,7,0.40085001611792476
5,8,0.39214068509515276
5,9,0.1556983141895673
5,10,0.32633573311796404
5,11,0.7352938648723262
5,12,0.46692418640824435
5,13,0.48193488608428897
5,14,0.7849755109903357
5,15,0.28294425504898496
5,16,0.4147594190882204
5,17,0.5414441939105489
5,18,0.26906366405248344
5,19,0.2381480664938493
5,20,0.12193108499532085
5,21,0.42348593737744267
5,22,0.5839221226698026
5,23,0.3631557850132968
5,24,0.17802421135191354
5,25,0.6180623034059611
5,26,0.30562988004926295
5,27,0.26780445307224027
5,28,0.6206480364517633
5,29,0.5422158953438379
5,30,0.13159272395233795
5,31,0.5051217740927393
5,32,0.7170630451824271
5,33,0.23230416996148875
5,34,0.8879355609275109
5,35,0.38450475997414885
5,36,0.7718187281078996
5,37,0.792586857541987
5,38,0.5453342995647508
5,39,0.3925822082365459
5,40,0.8110972397504215
5,41,0.6492788690793004
5,42,0.6136629956869665
5,43,0.3154952603960492
5,44,0.5699690124519201
5,45,0.3361424321581068
5,46,0.6249594580934873
5,47,0.9146830250538258
5,48,0.7334611557423472
5,49,0.5430823655148224
5,50,0.6621655535655071
5,51,0.30560071272148426
5,52,0.3537782242558105
5,53,0.7210484726015431
5,54,0.3717987045664098
5,55,0.3337383649967219
5,56,0.5703318549154108
5,57,0.3142148323696962
5,58,0.08042352974976692
5,59,0.21987672212246176
5,60,0.8777832306357589
5,61,0.4233633081538563
5,62,0.6104555174773848
5,63,0.3927586711115075
5,64,0.3431137540954205
5,65,0.2530237580788199
5,66,0.7030388452149379
5,67,0.4420323873491197
5,68,0.21344558594695986
5,69,0.5684607931977362
5,70,0.3990284045273071
5,71,0.6691249358597604
5,72,0.17074447583392915
5,73,0.5050326091027337
5,74,0.35686982674231404
5,75,0.4902980702815253
5,76,0.8736026544452901
5,77,0.6101029376489298
5,78,0.35268912165871935
5,79,0.6381833703032578
5,80,0.8213841857068578
5,81,0.16829541779882085
5,82,0.2404840774120253
5,83,0.2740715120491564
5,84,0.7805636410618074
5,85,0.11425527826167459
5,86,0.9061272676606216
5,87,0.5406318419863151
5,88,0.5693741469574671
5,89,0.4193821502000849
5,90,0.21987303616360887
5,91,0.3729570766514571
5,92,0.8502234868130275
5,93,0.8237732152965779
5,94,0.8021255983205416
5,95,0.30226432404390724
5,96,0.31782813710814956
5,97,0.11304244628939107
5,98,0.3945357687818046
5,99,0.4518317862723758
6,0,0.9111354037394941
6,1,0.48398289830511154
6,2,0.6862123951582768
6,3,0.2940687368483062
6,4,0.5231117897451759
6,5,0.08554896937320167
6,7,0.4859020270273226
6,8,0.44452305747290677
6,9,0.07332614593399185
6,10,0.32822819168138023
6,11,0.7418268117594792
6,12,0.39434830696299966
6,13,0.565200716101994
6,14,0.800249651807472
6,15,0.3325325774327302
6,16,0.4496912866716144
6,17,0.6262166001756447
6,18,0.20343714454224343
6,19,0.16228519093531
6,20,0.13833571508456616
6,21,0.44995027257706416
6,22,0.615641690014677
6,23,0.4014925023812842
6,24,0.2621926946717292
6,25,0.6314708909561799
6,26,0.37857392483645325
6,27,0.3508908716256997
6,28,0.6397678575540373
6,29,0.5465836822132507
6,30,0.2117392367317728
6,31,0.5446629026431232
6,32,0.786312063673056
6,33,0.20098829298664012
6,34,0.9698489800097652
6,35,0.4537541622724501
6,36,0.7831942203162158
6,37,0.831359156592319
6,38,0.6251518017619291
6,39,0.47197204694455347
6,40,0.8297258221352165
6,41,0.6911965673029307
6,42,0.6742045798587104
6,43,0.3892127322143137
6,44,0.5599361636733967
6,45,0.3023159252740558
6,46,0.6048437315964857
6,47,0.9435030014016571
6,48,0.7963154390775637
6,49,0.6269186016936904
6,50,0.7452900427527603
6,51,0.36441919472946704
6,52,0.40019695567281277
6,53,0.8018340243526354
6,54,0.4018708928779661
6,55,0.406037494205967
6,56,0.6380099052348759
6,57,0.39152438006395607
6,58,0.1046469104895256
6,59,0.2990499578903081
6,60,0.904619718942859
6,61,0.46724357855143633
6,62,0.6875123001599323
6,63,0.4594392281882857
6,64,0.4132531544923498
6,65,0.2260387794317524
6,66,0.7495800913073891
6,67,0.5273552717207389
6,68,0.29894672109271375
6,69,0.5492811874977372
6,70,0.4538229948258606
6,71,0.753253417453842
6,72,0.1140773689702352
6,73,0.4484719192902393
6,74,0.3241575884918778
6,75,0.5223798188866482
6,76,0.9568956291833509
6,77,0.6864870102166367
6,78,0.42487136285368615
6,79,0.6361052795746929
6,80,0.9053875758280006
6,81,0.25338218650732597
6,82,0.21677510198666539
6,83,0.3565046514457549
6,84,0.8537238655999198
6,85,0.18955302173998587
6,86,0.9345905654290727
6,87,0.4945853002010276
6,88,0.5829562110507729
6,89,0.48148393822204116
6,90,0.15308391888477826
6,91,0.4565708598063261
6,92,0.871295130579205
6,93,0.899462946071317
6,94,0.8862213931388794
6,95,0.385146759523175
6,96,0.37368175411720894
6,97,0.19849748362977596
6,98,0.4755639422200573
6,99,0.48041174601092823
7,0,0.8042017426139388
7,1,0.6350457187905784
7,2,0.6676858102153619
7,3,0.6354188727396786
7,4,0.42170982169151194
7,5,0.40085001611792476
7,6,0.4859020270273226
7,8,0.419348380278598
7,9,0.5563005882795721
7,10,0.5712088309471939
7,11,0.8719687058191067
7,12,0.8515423467739979
7,13,0.18084421595468853
7,14,0.8787731382158167
7,15,0.3954487770648012
7,16,0.4347016996011054
7,17,0.14112716860844599
7,18,0.6523471216824769
7,19,0.633538454734932
7,20,0.4222265875143045
7,21,0.5529820906281658
7,22,0.6414418044094996
7,23,0.4716896907310688
7,24,0.24021579242803773
7,25,0.7464984896829121
7,26,0.26978153894134393
7,27,0.14265185852740736
7,28,0.7252800689923043
7,29,0.7197863073710887
7,30,0.29924292275081843
7,31,0.5484717202365944
7,32,0.5161402184758662
7,33,0.5749806866291342
7,34,0.5482357537066759
7,35,0.3094391081862825
7,36,0.8838716379802138
7,37,0.7737184384200829
7,38,0.27821445820088836
7,39,0.11953042972650046
7,40,0.8867695085509986
7,41,0.6405124542487867
7,42,0.5016730862991143
7,43,0.2634917010522965
7,44,0.7908755130123829
7,45,0.6601574603560318
7,46,0.8700816065847365
7,47,0.9301769784693914
7,48,0.5784020855690563
7,49,0.2105644940792373
7,50,0.32348198413417517
7,51,0.357332108146201
7,52,0.356605986671533
7,53,0.40744176361464984
7,54,0.5088321418252717
7,55,0.19649236013470492
7,56,0.4177878517163991
7,57,0.23208192767254957
7,58,0.4157711064816636
7,59,0.24725204992966976
7,60,0.9071821800123017
7,61,0.3949656675352117
7,62,0.3588421687175399
7,63,0.3314157048906949
7,64,0.2933762379384326
7,65,0.5832194447492766
7,66,0.6574495580035651
7,67,0.04438584811917147
7,68,0.18882989332772607
7,69,0.81805173425407
7,70,0.40924701777613515
7,71,0.3129775174310769
7,72,0.5555586286289605
7,73,0.8570592090627973
7,74,0.6748263707030719
7,75,0.573060336548242
7,76,0.5180293195562092
7,77,0.3658424132992394
7,78,0.19566761590230217
7,79,0.8214025182297874
7,80,0.45828126361024535
7,81,0.24116158019175393
7,82,0.5687736413053591
7,83,0.14165652964649528
7,84,0.5365655263710034
7,85,0.3078635228657724
7,86,0.9243349247346654
7,87,0.866079982877354
7,88,0.707100141613274
7,89,0.3736542444305503
7,90,0.6080660136973488
7,91,0.053243695637182904
7,92,0.9099389802393599
7,93,0.5518951257800057
7,94,0.4384578473853525
7,95,0.17041576321921265
7,96,0.37514645191501933
7,97,0.2903649643211541
7,98,0.09579184590326223
7,99,0.5625668484004923
8,0,0.47575850550388016
8,1,0.23134968241727774
8,2,0.2747600019926042
8,3,0.35677242737711296
8,4,0.08587205188747857
8,5,0.39214068509515276
8,6,0.44452305747290677
8,7,0.419348380278598
8,9,0.47376427521829617
8,10,0.24895102613527792
8,11,0.45262045618284835
8,12,0.629818614076984
8,13,0.3286698859717684
8,14,0.4641125956468342
8,15,0.11205576771163069
8,16,0.7260051285217236
8,17,0.5194323913035691
8,18,0.4729555707638481
8,19,0.49499912177277516
8,20,0.5055861122722811
8,21,0.14750751382457228
8,22,0.22910622579076906
8,23,0.08548272271178307
8,24,0.2930626924393467
8,25,0.32736617709467064
8,26,0.15578264331097855
8,27,0.40442113269833396
8,28,0.3063668569663504
8,29,0.31227366660472616
8,30,0.287147651236844
8,31,0.13558268034365772
8,32,0.3695832990850059
8,33,0.3602584874359015
8,34,0.6362367268212704
8,35,0.1183164777189613
8,36,0.46616835867528117
8,37,0.4093576604811141
8,38,0.3133456516049563
8,39,0.5103060003515671
8,40,0.4769667071000017
8,41,0.26414382385049856
8,42,0.23544191798929487
8,43,0.158801137423163
8,44,0.39628889649247145
8,45,0.38430017263093424
8,46,0.4816502096869612
8,47,0.5478067969865587
8,48,0.35954806429781966
8,49,0.3819445548415178
8,50,0.4576352179223713
8,51,0.09145196165234093
8,52,0.6456939267396803
8,53,0.46956588506798136
8,54,0.12408188766640359
8,55,0.5284384223679598
8,56,0.22532493326234554
8,57,0.18969970396387087
8,58,0.46807990823403206
8,59,0.23261639733454123
8,60,0.5167644461876844
8,61,0.7100451639469673
8,62,0.3318618011261502
8,63,0.09896135721616531
8,64,0.12598920457170043
8,65,0.3480347180451781
8,66,0.3120206469974789
8,67,0.42919344075584925
8,68,0.33745353836846503
8,69,0.43739274911210513
8,70,0.0172757832326169
8,71,0.4863394685432074
8,72,0.4177045678199113
8,73,0.572001662825846
8,74,0.3867217914610701
8,75,0.15371788814485346
8,76,0.6462855630431047
8,77,0.324890161505668
8,78,0.5412065575382967
8,79,0.40954819377435797
8,80,0.6144406712601983
8,81,0.31106315892581615
8,82,0.33897484973085595
8,83,0.4152877094518019
8,84,0.4525224261123467
8,85,0.41659355325472464
8,86,0.5403035463727945
8,87,0.545102828371491
8,88,0.28964629646403717
8,89,0.0737680370145287
8,90,0.45592505349181717
8,91,0.44220254592176816
8,92,0.5061296802985508
8,93,0.5112751984923166
8,94,0.5995718149616514
8,95,0.2563151683730117
8,96,0.07551830966747006
8,97,0.33732482859769786
8,98,0.4931777565775684
8,99,0.14782945880765183
9,0,0.9277597623561882
9,1,0.4777527922805029
9,2,0.6972530543358119
9,3,0.2603642137923677
9,4,0.5562595251731813
9,5,0.1556983141895673
9,6,0.07332614593399185
9,7,0.5563005882795721
9,8,0.47376427521829617
9,10,0.318205546503049
9,11,0.725880686171588
9,12,0.32301596504948477
9,13,0.6265092718208628
9,14,0.7911915744292581
9,15,0.362712858462452
9,16,0.5096195733825838
9,17,0.6970449383969513
9,18,0.13973742675425754
9,19,0.09131031222958251
9,20,0.20142818208675903
9,21,0.45621712066303216
9,22,0.6231470485235427
9,23,0.4195117701612287
9,24,0.32696803558238785
9,25,0.6227469848852817
9,26,0.42856433673164346
9,27,0.42309737152980825
9,28,0.6358556865582994
9,29,0.5315707880641368
9,30,0.2726817421156747
9,31,0.5603072954015141
9,32,0.8284248075315009
9,33,0.171774494974269
9,34,1.0278386079067043
9,35,0.4987918705370583
9,36,0.7709507864107398
9,37,0.842923971082952
9,38,0.680893480008477
9,39,0.5452008712510268
9,40,0.8233121165944058
9,41,0.7069545916423342
9,42,0.7079343391583202
9,43,0.4398156924752041
9,44,0.5325863776351538
9,45,0.2623779477053769
9,46,0.5685721967250885
9,47,0.9452363815887842
9,48,0.8315071560791053
9,49,0.6891237915340592
9,50,0.8058377974451965
9,51,0.40149841862614316
9,52,0.46579169825471467
9,53,0.8583650246649532
9,54,0.4127462764417233
9,55,0.47903395171267804
9,56,0.6793923588947675
9,57,0.4459584744676263
9,58,0.17364118735317374
9,59,0.3569742275367216
9,60,0.9048426653667497
9,61,0.5311486188817184
9,62,0.7393160335965707
9,63,0.5018242278615298
9,64,0.4598240235346346
9,65,0.19803525254316193
9,66,0.7690633029925662
9,67,0.5970863964333696
9,68,0.36818918683368596
9,69,0.5145884682266432
9,70,0.48505830556464646
9,71,0.8158109397929517
9,72,0.07479901970269581
9,73,0.38639463620858233
9,74,0.2841666790153548
9,75,0.5318205873175903
9,76,1.017403818508211
9,77,0.7374505634558768
9,78,0.49783206540569125
9,79,0.6141985311122713
9,80,0.9674420421724785
9,81,0.32004163683138076
9,82,0.19290453388459472
9,83,0.4290008787265908
9,84,0.9000298062864902
9,85,0.2628581267890574
9,86,0.9360622010108504
9,87,0.4395751302147039
9,88,0.5751492511991668
9,89,0.5190575844385547
9,90,0.09181165955148102
9,91,0.5285131822643181
9,92,0.8666781444527775
9,93,0.948720458204947
9,94,0.9485076283725213
9,95,0.44675125303954516
9,96,0.4078604886686827
9,97,0.2667398079515455
9,98,0.5485368254457273
9,99,0.48771966740621003
10,0,0.6295872248346238
10,1,0.15965219613437376
10,2,0.3937750369236176
10,3,0.11143589668450996
10,4,0.33064637846872347
10,5,0.32633573311796404
10,6,0.32822819168138023
10,7,0.5712088309471939
10,8,0.24895102613527792
10,9,0.318205546503049
10,11,0.41370354519056174
10,12,0.385126655945357
10,13,0.5424390370421772
10,14,0.47377151370944665
10,15,0.18728225233814394
10,16,0.7367141186945045
10,17,0.6989399101052117
10,18,0.25742564777158927
10,19,0.29815899732108636
10,20,0.4453695179639955
10,21,0.15572923652468848
10,22,0.31583032429258223
10,23,0.16479616141888548
10,24,0.3542236828401606
10,25,0.3049948992076057
10,26,0.32022186206338776
10,27,0.49383762623266325
10,28,0.3178955423742214
10,29,0.21858226072575587
10,30,0.307373415179428
10,31,0.2736110306192401
10,32,0.6123625053681835
10,33,0.15348219424004103
10,34,0.8840019840938557
10,35,0.3414376683170848
10,36,0.45530697844409695
10,37,0.5374612942945424
10,38,0.5507945727499769
10,39,0.6245497710345057
10,40,0.5052068829315504
10,41,0.4123875789151146
10,42,0.4668006898720469
10,43,0.33080257655974515
10,44,0.24627074179862884
10,45,0.13768441645556254
10,46,0.31134576728355157
10,47,0.6288039203183204
10,48,0.5875727908209737
10,49,0.6031355867564031
10,50,0.6948291193214079
10,51,0.23807496974201103
10,52,0.6687862619832131
10,53,0.7156663394835535
10,54,0.13355344945062955
10,55,0.6037214012411852
10,56,0.4727956920184064
10,57,0.3571302758854687
10,58,0.4035384349067712
10,59,0.325530824369621
10,60,0.5877436996389727
10,61,0.7387734370076012
10,62,0.5789284379313168
10,63,0.33015896668756234
10,64,0.3219302917973801
10,65,0.13040316750264677
10,66,0.48072870738888585
10,67,0.5966248812238998
10,68,0.4155613194122964
10,69,0.2556839604157289
10,70,0.26589194746045774
10,71,0.7192387921867486
10,72,0.2447091411791876
10,73,0.32401355738967835
10,74,0.13799056905220142
10,75,0.23215728037444827
10,76,0.8914296648313891
10,77,0.5725601770494262
10,78,0.6210630368976104
10,79,0.3119522489035812
10,80,0.8558691768696912
10,81,0.3643855353811853
10,82,0.12953236006110158
10,83,0.5043403673433146
10,84,0.6985584569374492
10,85,0.41339780741098126
10,86,0.6195091814389843
10,87,0.30640119170093405
10,88,0.25708381210847275
10,89,0.32013880180575227
10,90,0.2605103250393184
10,91,0.5726873489250055
10,92,0.5484745565289993
10,93,0.7589625224705027
10,94,0.8399081391124787
10,95,0.4045648776507653
10,96,0.22782304488980493
10,97,0.3503417535675494
10,98,0.6152237821969182
10,99,0.1866449242293942
11,0,0.4094395566110613
11,1,0.26567041768379746
11,2,0.2657398977261976
11,3,0.47245944643510634
11,4,0.467054171506689
11,5,0.7352938648723262
11,6,0.7418268117594792
11,7,0.8719687058191067
11,8,0.45262045618284835
11,9,0.725880686171588
11,10,0.41370354519056174
11,12,0.6604781679645407
11,13,0.7642802044304969
11,14,0.09561989522272563
11,15,0.5018848619665197
11,16,1.1341573563704048
11,17,0.9665971766249489
11,18,0.6324580992715148
11,19,0.6858956883667757
11,20,0.8563669653682471
11,21,0.3313489185876825
11,22,0.24452224454389498
11,23,0.41188628619614415
11,24,0.7147115681015166
11,25,0.12657531555811374
11,26,0.6054266678677472
11,27,0.8441921202416646
11,28,0.1486374643474945
11,29,0.19526529110642432
11,30,0.6850300233043087
11,31,0.3290176665030039
11,32,0.6257131505338741
11,33,0.5543926227882564
11,34,0.9552538802376712
11,35,0.5660976971887772
11,36,0.058153957327994804
11,37,0.3118461353742762
11,38,0.7179788321847091
11,39,0.9595056648348624
11,40,0.13820467785448218
11,41,0.3116396002877269
11,42,0.48838789683928524
11,43,0.6100384730053086
11,44,0.21429726236552277
11,45,0.48064424940923983
11,46,0.24434354815437004
11,47,0.29167761663301217
11,48,0.5502177416567208
11,49,0.8064383645548855
11,50,0.8470619808965925
11,51,0.5236248039547864
11,52,1.0601918376937018
11,53,0.821186224281161
11,54,0.38358701954991675
11,55,0.9661621664535229
11,56,0.5586242532437474
11,57,0.6413580264910002
11,58,0.8144250838035864
11,59,0.6641424359133526
11,60,0.2488370127285023
11,61,1.1288448757488594
11,62,0.696391167027647
11,63,0.544539735347727
11,64,0.5785987778903368
11,65,0.5282647919916065
11,66,0.36169081185597896
11,67,0.8806912542375144
11,68,0.7699495931618066
11,69,0.26443097049354464
11,70,0.4631777407292502
11,71,0.8837815208076248
11,72,0.6510938292278029
11,73,0.5307299438948068
11,74,0.4623534010899895
11,75,0.2989176014494186
11,76,0.9869384277505254
11,77,0.6855391441956573
11,78,0.9809310420548624
11,79,0.12286625057082325
11,80,0.9764574535345936
11,81,0.7300133587658484
11,82,0.5330015704007143
11,83,0.8552693963631764
11,84,0.7142556909726921
11,85,0.8080582161716828
11,86,0.2824607044389038
11,87,0.44998007513676525
11,88,0.17150469741065405
11,89,0.5053168423368352
11,90,0.6537326751905153
11,91,0.8933996880528887
11,92,0.18392383446528313
11,93,0.7809884757740736
11,94,0.9670068154430128
11,95,0.7070319651870561
11,96,0.5045503627470268
11,97,0.7348766065932927
11,98,0.9436353216041247
11,99,0.3138122569719531
12,0,0.9850242552695441
12,1,0.5010083512713552
12,2,0.7520506859035437
12,3,0.2740676750764862
12,4,0.7138967895022292
12,5,0.46692418640824435
12,6,0.39434830696299966
12,7,0.8515423467739979
12,8,0.629818614076984
12,9,0.32301596504948477
12,10,0.385126655945357
12,11,0.6604781679645407
12,13,0.8814594329743655
12,14,0.7493081525398435
12,15,0.5441360704561032
12,16,0.8229961355191217
12,17,0.9919613310868888
12,18,0.19986871516326868
12,19,0.23213051169126506
12,20,0.52256045890018
12,21,0.5340305128956963
12,22,0.6734149427285683
12,23,0.548383528906412
12,24,0.6115766509789529
12,25,0.6047474899105741
12,26,0.658892530661879
12,27,0.7301802599949802
12,28,0.6365572024237476
12,29,0.5038508445648847
12,30,0.5525469555455339
12,31,0.6525206789521397
12,32,0.9969893175136582
12,33,0.2875162075593404
12,34,1.2554117737219472
12,35,0.7048339811532153
12,36,0.7169940159307667
12,37,0.8852783752269625
12,38,0.9115213905201827
12,39,0.8587022768393977
12,40,0.7899253460373402
12,41,0.7798465416242603
12,42,0.8518603240633371
12,43,0.6707765788598629
12,44,0.44727682262310064
12,45,0.24744879365092334
12,46,0.4302885439785612
12,47,0.9374054361958374
12,48,0.9719576819482718
12,49,0.9451264891439826
12,50,1.0508778297402768
12,51,0.5958399402968861
12,52,0.7861140164644029
12,53,1.08462590017024
12,54,0.518671397912527
12,55,0.7992180949686084
12,56,0.8551275579760801
12,57,0.6885220723564635
12,58,0.496655029191858
12,59,0.6192408649853732
12,60,0.8934689407387358
12,61,0.8493597698806269
12,62,0.9514514471577424
12,63,0.6985266230678321
12,64,0.6754970112178919
12,65,0.28979406145782227
12,66,0.8507949233193307
12,67,0.888246260979911
12,68,0.6644472378677538
12,69,0.39697555410187213
12,70,0.6460841365414881
12,71,1.0692164162890205
12,72,0.298482074198254
12,73,0.13875072539571767
12,74,0.25011458458715513
12,75,0.6052022749638227
12,76,1.2565787379359645
12,77,0.9463714897641473
12,78,0.8181354696393441
12,79,0.5379575597421252
12,80,1.2147904145077637
12,81,0.610625886991688
12,82,0.30217287675657506
12,83,0.7376264050281487
12,84,1.0820594418164478
12,85,0.5802408182466074
12,86,0.9277576410981371
12,87,0.22524540069992996
12,88,0.5697023083471822
12,89,0.6970957956796696
12,90,0.24730038671141832
12,91,0.8322673452124221
12,92,0.8372482354766808
12,93,1.1410287020999623
12,94,1.197340821055532
12,95,0.7126918417418796
12,96,0.5919920275107989
12,97,0.5654218040576392
12,98,0.8591301418363168
12,99,0.5620130003149597
13,0,0.6381202117532107
13,1,0.5599371538891991
13,2,0.5314728009740972
13,3,0.6310007933887442
13,4,0.2972529328564159
13,5,0.48193488608428897
13,6,0.565200716101994
13,7,0.18084421595468853
13,8,0.3286698859717684
13,9,0.6265092718208628
13,10,0.5424390370421772
13,11,0.7642802044304969
13,12,0.8814594329743655
13,14,0.7548186413888283
13,15,0.355297630342724
13,16,0.6111272462940689
13,17,0.20968135565822527
13,18,0.6914487926180835
13,19,0.687768712421387
13,20,0.5409762022239983
13,21,0.4758358343135539
13,22,0.5219821274998967
13,23,0.40345430513127656
13,24,0.30405849664870377
13,25,0.6444669449155189
13,26,0.2253794158855945
13,27,0.28441081062631374
13,28,0.6157284622163254
13,29,0.6406510660813236
13,30,0.3541688374802963
13,31,0.4355799513791712
13,32,0.3357864280244705
13,33,0.5940285957500523
13,34,0.4075947342078274
13,35,0.2113048943431221
13,36,0.7662224615483327
13,37,0.6194379726310855
13,38,0.09737165120467406
13,39,0.30027676549500004
13,40,0.7561552571446574
13,41,0.4974938948630553
13,42,0.3385210552436998
13,43,0.213906063355117
13,44,0.724523263027421
13,45,0.6583662536299383
13,46,0.8093021426103008
13,47,0.7793127568485557
