siteNum=100
demandLowerBound=0
demandUpperBound=1000
fixedCostLowerBound=500
fixedCostUpperBound=1500
coordinateLowerBound=0
coordinateUpperBound=1
facilityFailProbility=0.05
Coordinate: index, x, y
0,0.34879900264112895,0.9576979025237009
1,0.027374584045773198,0.021722228034583346
2,0.3374961087505619,0.013696599879039706
3,0.8192250155419271,0.6393736757419048
4,0.41223529940150094,0.7962991442627009
5,0.29526668752138374,0.13218068242169723
6,0.8697326887604219,0.6262904471917567
7,0.8082268653707951,0.9721694075177774
8,0.32067367578304595,0.6664820011262113
9,0.760612411832611,0.6474907067899311
10,0.8984139890248732,0.183442684546976
11,0.696823382459265,0.4383540017395894
12,0.18122923203633545,0.6351699311988742
13,0.19974103082224537,0.21749612100485582
14,0.37458685505453526,0.9474665652204288
15,0.0031469147698374167,0.6742006347130518
16,0.8780546801391078,0.8827398086004157
17,0.1959429455735161,0.8961847787743792
18,0.9661434668533029,0.30384763428151274
19,0.6420455131219167,0.47659942639062935
20,0.5288000793350363,0.041257215001138214
21,0.8497810960191269,0.8996769673819741
22,0.5173870987356551,0.8382228051773526
23,0.822392194934082,0.3090346092310672
24,0.14758188475501943,0.7455837163655149
25,0.7030596383601793,0.12844447442133367
26,0.4930343941277344,0.3961226490400591
27,0.1152710021002854,0.04108674514163313
28,0.6818247388105981,0.23728022717992325
29,0.5081082775343081,0.35623386542960134
30,0.6380100324250357,0.3101882770964016
31,0.09865694582820872,0.5874555458176959
32,0.6258473461938778,0.8142880308563607
33,0.5505227931526042,0.7077449760605871
34,0.36619880831526863,0.6371060955712676
35,0.9592797676169852,0.3888780943470902
36,0.18864704352108919,0.03128442554005473
37,0.06473012202706441,0.383384642740379
38,0.41764564658068215,0.034967847738207714
39,0.30681393635717724,0.46252376814606433
40,0.5653502056260901,0.11859653083357202
41,0.2538826676846244,0.21487766037245348
42,0.6512697117997015,0.469290067717704
43,0.18705731114501756,0.3470049954819411
44,0.7858106989986817,0.16758451431559662
45,0.015598316990917738,0.40399961598019607
46,0.9020867774852761,0.11008543896007428
47,0.6840015239766868,0.8232262204995136
48,0.05184318678441868,0.15508713757511483
49,0.6379225697541036,0.13485462231463197
50,0.6859167959963193,0.8533944757826495
51,0.36790889794214154,0.5895715916402529
52,0.5696162960097388,0.2070789692610765
53,0.46579762976113803,0.09198272259344498
54,0.43617744634615474,0.6224054931907673
55,0.1714542357786739,0.22672443527193165
56,0.10143707305999605,0.2030390212305354
57,0.852931205973603,0.3684898546797154
58,0.06157992536990631,0.4030101377441855
59,0.8994573784523169,0.35674698023670914
60,0.0171491157052307,0.9834525111754544
61,0.6790824930836519,0.7721158376886874
62,0.739168195241131,0.6536107935263865
63,0.639810636154258,0.8353005254632954
64,0.529860533323266,0.3829492234341233
65,0.8964012053046408,0.4898153951510684
66,0.5320411755538725,0.6507430722572661
67,0.4610061562921124,0.7197138090994107
68,0.8171045674914498,0.2081808880812377
69,0.2823187577861098,0.7198086709863166
70,0.09749125276797987,0.9415476485822512
71,0.20176555821611886,0.7937242379357018
72,0.07217912928465497,0.44171663232543756
73,0.1489346354852935,0.5138801573113984
74,0.17229654486794055,0.7306338109392068
75,0.29469670180936436,0.38065954393814405
76,0.5439244547168851,0.5599048136878384
77,0.3285150425865053,0.6707359130701894
78,0.2867946775413952,0.8684054516104805
79,0.24248106386003976,0.19230041421689437
80,0.41607008286443237,0.7356363813517004
81,0.7158405925611366,0.21804056418498718
82,0.23092059452689362,0.45419952175944567
83,0.6619485218143292,0.5432323263399493
84,0.9171973900798441,0.022984397304783633
85,0.20561402844019927,0.6534456996880852
86,0.28291617249861667,0.44801571331388323
87,0.04718060182568584,0.19583964190961511
88,0.41111918441359396,0.09135696971527263
89,0.6637249842736372,0.651115278489208
90,0.19097292642016328,0.6829788269943875
91,0.8397203833218064,0.8601571127041309
92,0.6768150176164378,0.7931831418060029
93,0.09652994227577016,0.8941825574690777
94,0.32537361673941967,0.664487422231638
95,0.5103516024810484,0.7172727861169284
96,0.5179369850115113,0.07520874942149469
97,0.16830357719568956,0.14005703266834613
98,0.4565071919957908,0.6488763482228936
99,0.17530435012317847,0.591470757483432
Demand:index, demand
0,611
1,581
2,640
3,668
4,552
5,942
6,304
7,295
8,933
9,435
10,440
11,604
12,197
13,405
14,871
15,155
16,868
17,461
18,729
19,627
20,830
21,935
22,275
23,562
24,720
25,187
26,728
27,269
28,520
29,54
30,906
31,911
32,578
33,575
34,615
35,141
36,645
37,697
38,685
39,701
40,100
41,288
42,510
43,711
44,588
45,823
46,889
47,759
48,556
49,876
50,486
51,56
52,412
53,135
54,580
55,690
56,15
57,128
58,32
59,241
60,972
61,622
62,590
63,760
64,727
65,155
66,738
67,100
68,468
69,445
70,183
71,828
72,722
73,143
74,984
75,136
76,411
77,659
78,474
79,525
80,247
81,517
82,288
83,371
84,950
85,244
86,224
87,640
88,845
89,212
90,915
91,365
92,621
93,141
94,463
95,861
96,799
97,32
98,641
99,544
Fixcost:index, fixedCost
0,1387
1,1077
2,817
3,780
4,1196
5,1384
6,1139
7,719
8,1037
9,816
10,1059
11,1068
12,754
13,1308
14,586
15,1459
16,544
17,874
18,972
19,685
20,726
21,1462
22,1225
23,585
24,1183
25,1359
26,1287
27,1093
28,625
29,1045
30,1025
31,840
32,1018
33,1292
34,1469
35,1000
36,970
37,645
38,1112
39,573
40,588
41,1154
42,877
43,1240
44,977
45,1027
46,1222
47,547
48,1292
49,1424
50,961
51,1441
52,929
53,655
54,503
55,760
56,737
57,1283
58,1472
59,727
60,671
61,1398
62,757
63,1302
64,1465
65,555
66,1197
67,647
68,806
69,1439
70,1437
71,1242
72,1301
73,1015
74,551
75,1463
76,1454
77,620
78,1036
79,521
80,1399
81,550
82,625
83,1295
84,854
85,598
86,1298
87,1305
88,838
89,1242
90,699
91,1331
92,1301
93,828
94,915
95,1063
96,599
97,689
98,1052
99,1493
TransCost:start_index, end_index, transCost
0,1,0.9896282736991304
0,2,0.9440689671867828
0,3,0.5680061152575474
0,4,0.17341776989358015
0,5,0.8272511042283471
0,6,0.6174162346289807
0,7,0.45965572498245094
0,8,0.29257090634173866
0,9,0.5155761711667058
0,10,0.9494986971143189
0,11,0.6251712215301144
0,12,0.36346102997082275
0,13,0.7550608957735999
0,14,0.02774335226876796
0,15,0.44704145971697745
0,16,0.5345374523908092
0,17,0.1647690461696513
0,18,0.8992409914888209
0,19,0.5634263568974408
0,20,0.933950706064187
0,21,0.50433073156424
0,22,0.206630697212918
0,23,0.8031528994229401
0,24,0.2923709228017418
0,25,0.9017548702610891
0,26,0.5798022192804292
0,27,0.9458918230294086
0,28,0.7936672904302845
0,29,0.6222044945068486
0,30,0.7091626997873403
0,31,0.4468226172496362
0,32,0.31196502361156603
0,33,0.3211992420691437
0,34,0.3210636384309567
0,35,0.8344116122032236
0,36,0.9401545513089407
0,37,0.6407268133114713
0,38,0.9252948796930516
0,39,0.4969508719657402
0,40,0.8665942161626107
0,41,0.7488598151798594
0,42,0.5744830223764422
0,43,0.6317485270890141
0,44,0.9029166013420046
0,45,0.6462232504630145
0,46,1.0122125518785015
0,47,0.36116943887340364
0,48,0.8557843166256781
0,49,0.872160249521469
0,50,0.352884699904372
0,51,0.36862198640758354
0,52,0.7824251146422634
0,53,0.8735854002383753
0,54,0.34649096983990196
0,55,0.7521790851649439
0,56,0.7941649396194429
0,57,0.7754452927711762
0,58,0.6246385472772454
0,59,0.8150869020224785
0,60,0.3326483839903616
0,61,0.37885074481558473
0,62,0.49483035111997936
0,63,0.31570379907636026
0,64,0.6025938283853999
0,65,0.720265376834977
0,66,0.3574898065087725
0,67,0.2631100037122053
0,68,0.8837906183075954
0,69,0.24700386522771364
0,70,0.2518261619623318
0,71,0.22024122333909282
0,72,0.5854530088155367
0,73,0.48674424107937314
0,74,0.2875955828712738
0,75,0.5795690866794091
0,76,0.44307254888262326
0,77,0.2876779839101609
0,78,0.10870914460689744
0,79,0.7727462838558511
0,80,0.2320274066131692
0,81,0.8257193874975429
0,82,0.5171130809907764
0,83,0.5194654321509138
0,84,1.0939680359505788
0,85,0.33626082104111615
0,86,0.5139226413627829
0,87,0.8193910354503432
0,88,0.8685795397748733
0,89,0.4395125473374727
0,90,0.3168274621856298
0,91,0.5005177396337198
0,92,0.36695996045111445
0,93,0.260142034041077
0,94,0.29414475085873315
0,95,0.2896609727150816
0,96,0.8985514801186256
0,97,0.8373262152020271
0,98,0.32706544674548876
0,99,0.40524402058102044
1,0,0.9896282736991304
1,2,0.3102253548511371
1,3,1.004251172125577
1,4,0.8649203254506063
1,5,0.2897710290042422
1,6,1.0368557798427567
1,7,1.2300732198686588
1,8,0.7083357411645107
1,9,0.9639626035803166
1,10,0.885925025654497
1,11,0.788507278696809
1,12,0.6324471023143705
1,13,0.26084019847999296
1,14,0.988715802933645
1,15,0.6529280596974042
1,16,1.2103751071187827
1,17,0.8905616459035824
1,18,0.9802457651924299
1,19,0.7646787669574558
1,20,0.5018058818326727
1,21,1.202978385208447
1,22,0.9522528325120262
1,23,0.845340999840507
1,24,0.7337746584834302
1,25,0.6840613499516663
1,26,0.5975070995181946
1,27,0.09000424895305112
1,28,0.6890357436789805
1,29,0.5856645111391201
1,30,0.6753431070786747
1,31,0.570206420475226
1,32,0.9931415804585518
1,33,0.8627347561683337
1,34,0.7024949532745646
1,35,1.00162403192744
1,36,0.16155569258417074
1,37,0.3635864937380081
1,38,0.39049577295210236
1,39,0.521912204671313
1,40,0.5466282099905917
1,41,0.29768260445544065
1,42,0.7678294742673701
1,43,0.3623637014548554
1,44,0.7723348671554237
1,45,0.3824587321532452
1,46,0.8791640793371901
1,47,1.0361310670857518
1,48,0.13559097173756
1,49,0.6209410450985149
1,50,1.0608282483960534
1,51,0.6621302883030153
1,52,0.5730472892455887
1,53,0.4440172340236274
1,54,0.7265949113940168
1,55,0.25056905438552995
1,56,0.19585972473646932
1,57,0.8954281226865657
1,58,0.3828191158573696
1,59,0.9342215930324141
1,60,0.9617846420654697
1,61,0.9938882070495856
1,62,0.951805286882678
1,63,1.0183258633508374
1,64,0.6188514130441024
1,65,0.9870757223018632
1,66,0.8064462728855651
1,67,0.8217229385177279
1,68,0.811443330528696
1,69,0.7431831628590266
1,70,0.9224939845432021
1,71,0.7914539248518823
1,72,0.4223774933749341
1,73,0.5069479987691256
1,74,0.7235730834579742
1,75,0.44754565285975445
1,76,0.7459653238527684
1,77,0.7154749046148434
1,78,0.8855344521779771
1,79,0.2745318110152859
1,80,0.8128699829052506
1,81,0.7159094453839392
1,82,0.4779828322966853
1,83,0.8213749844800264
1,84,0.8898237011957001
1,85,0.6563869622227322
1,86,0.4970187511760246
1,87,0.1752402697864487
1,88,0.39001143003813976
1,89,0.8950292977499342
1,90,0.6811935901750217
1,91,1.167423981864453
1,92,1.0084269027715824
1,93,0.8751968292954824
1,94,0.7084846634596449
1,95,0.8467924061925035
1,96,0.49346963149857775
1,97,0.18402202883883217
1,98,0.7599191310101077
1,99,0.5886396202268765
2,0,0.9440689671867828
2,1,0.3102253548511371
2,3,0.789642034657926
2,4,0.7861632712706298
2,5,0.12578474404047035
2,6,0.8115090873588467
2,7,1.0678284357569534
2,8,0.6530021242939239
2,9,0.7620514260132284
2,10,0.5860397611694286
2,11,0.5562823011618127
2,12,0.6408185689411567
2,13,0.245989240224341
2,14,0.934506325090978
2,15,0.7403073439778711
2,16,1.023444999854106
2,17,0.8937688089743566
2,18,0.6923764320182922
2,19,0.5541023068850786
2,20,0.1932790642239709
2,21,1.0234242130130538
2,22,0.8439219344829547
2,23,0.5677576544302279
2,24,0.756125759219137
2,25,0.3831497995466207
2,26,0.41284602613441396
2,27,0.22390671736960624
2,28,0.4105506593296882
2,29,0.3826751761323819
2,30,0.4221562897569949
2,31,0.621484894257365
2,32,0.8509365872316257
2,33,0.7260051768049385
2,34,0.6240699033614262
2,35,0.7262066319062339
2,36,0.14988454166847923
2,37,0.4594241314383591
2,38,0.08292414847237224
2,39,0.44987467441207823
2,40,0.2508415535297695
2,41,0.21786469798510638
2,42,0.553190095634131
2,43,0.36568609271393154
2,44,0.4739909936264323
2,45,0.5059195911579178
2,46,0.5727594883733498
2,47,0.8805703886930093
2,48,0.3187300989517318
2,49,0.3239372236585601
2,50,0.909114678188533
2,51,0.5766775042277865
2,52,0.3021200458775384
2,53,0.15029969162736906
2,54,0.616655919607072
2,55,0.27009398777498483
2,56,0.30261265811992594
2,57,0.6257408354114209
2,58,0.4771737325298029
2,59,0.6583950425909587
2,60,1.0212975685115113
2,61,0.8317938435943851
2,62,0.755533348236212
2,63,0.8754582137456814
2,64,0.4163551030592754
2,65,0.7342097889332533
2,66,0.6660900772320865
2,67,0.7167391656377076
2,68,0.5175407346802042
2,69,0.7082646377046241
2,70,0.9583892212847915
2,71,0.791748633393603
2,72,0.5035814211905836
2,73,0.5345456204344565
2,74,0.7357240382845587
2,75,0.36945039118539796
2,76,0.5839144413786924
2,77,0.6571006913922256
2,78,0.8562113386043986
2,79,0.20230467431964788
2,80,0.7262030828086867
2,81,0.43000116764743856
2,82,0.45321205237417767
2,83,0.6210293503059133
2,84,0.5797756796864053
2,85,0.6532011893846129
2,86,0.43773515021768
2,87,0.3427231846858332
2,88,0.10701163634476869
2,89,0.7160501735675953
2,90,0.685133375696081
2,91,0.9842380919984397
2,92,0.8501391597610264
2,93,0.9128637438844875
2,94,0.6509037173583597
2,95,0.7244987726379268
2,96,0.19063749465189841
2,97,0.2111707169771588
2,98,0.6462328919525564
2,99,0.6001076101518031
3,0,0.5680061152575474
3,1,1.004251172125577
3,2,0.789642034657926
3,4,0.43619517617064035
3,5,0.7292304587544294
3,6,0.052174667447351
3,7,0.3329774142422054
3,8,0.49928779244090954
3,9,0.0591719824462554
3,10,0.4627569148627312
3,11,0.2353530733117794
3,12,0.6380096325598045
3,13,0.7494938815728162
3,14,0.5409476151244569
3,15,0.8168209005840625
3,16,0.25037572577852496
3,17,0.6741160741184439
3,18,0.36628234442000324
3,19,0.24059931905488355
3,20,0.6648984465163366
3,21,0.26209059062237255
3,22,0.3614513858033821
3,23,0.3303542490850598
3,24,0.6799890203984973
3,25,0.5239685521267994
3,26,0.40690463685006
3,27,0.9238498278225142
3,28,0.42492114259273184
3,29,0.42066825034959393
3,30,0.3757684084478818
3,31,0.7224360423634615
3,32,0.26074883437436386
3,33,0.27726434863542865
3,34,0.45303188227099594
3,35,0.2869901912559595
3,36,0.8760143349334877
3,37,0.79673893425454
3,38,0.7256530813688772
3,39,0.5420710321424097
3,40,0.57936279977979
3,41,0.7069715958547054
3,42,0.2390343443392042
3,43,0.6965022984021024
3,44,0.4729709604081326
3,45,0.8373868990094742
3,46,0.5357351110278058
3,47,0.2282260959770883
3,48,0.9074184933958486
3,49,0.5361063813459024
3,50,0.25214278543813295
3,51,0.454055597461601
3,52,0.49918255790626753
3,53,0.6515733056292454
3,54,0.3834232119810676
3,55,0.7680406101083059
3,56,0.8400044411192122
3,57,0.2729728041154808
3,58,0.7936584937846811
3,59,0.293794283590357
3,60,0.8727634238968507
3,61,0.19302955255419835
3,62,0.08131291410030242
3,63,0.26566303840167677
3,64,0.38663329307112126
3,65,0.16829689111679327
3,66,0.28740880488845155
3,67,0.3671175399652547
3,68,0.4311980014222143
3,69,0.5428978891811282
3,70,0.7824376870971634
3,71,0.6364591718960634
3,72,0.772752135542861
3,73,0.681936812882641
3,74,0.6533336501702731
3,75,0.584861482662433
3,76,0.28654091998657166
3,77,0.4917111626637597
3,78,0.5796012587813056
3,79,0.7297315170473656
3,80,0.4144881279765603
3,81,0.4338316837314963
3,82,0.616758914884052
3,83,0.18433408405413262
3,84,0.6241268530874415
3,85,0.6137723237079843
3,86,0.569425188160006
3,87,0.8903791416683106
3,88,0.6832808203698006
3,89,0.15594269767935462
3,90,0.6297635244292992
3,91,0.22173269072756446
3,92,0.2096138338947618
3,93,0.7663000294468403
3,94,0.494489539183534
3,95,0.31854521922812823
3,96,0.6395752820669437
3,97,0.8203754195177854
3,98,0.36284228020219333
3,99,0.6457000177566994
4,0,0.17341776989358015
4,1,0.8649203254506063
4,2,0.7861632712706298
4,3,0.43619517617064035
4,5,0.6743404092320303
4,6,0.4880643588196009
4,7,0.4332893603773624
4,8,0.1588584954346712
4,9,0.37882788113987265
4,10,0.7822804857972563
4,11,0.45729104744613513
4,12,0.28164947445732513
4,13,0.6165766407442422
4,14,0.15578509081666803
4,15,0.42692078009250106
4,16,0.47377176353378536
4,17,0.23824257030650667
4,18,0.7411631046217598
4,19,0.3937266106547858
4,20,0.7639866902400696
4,21,0.44959236920863394
4,22,0.11320112299662458
4,23,0.6369108305347922
4,24,0.2694688934011441
4,25,0.7284288957473295
4,26,0.40825203127143883
4,27,0.8115008081682997
4,28,0.620629209349119
4,29,0.4503876969573074
4,30,0.5359832135888398
4,31,0.3767585864199981
4,32,0.214368156627117
4,33,0.16421105819624235
4,34,0.16571597769438465
4,35,0.6820920481280371
4,36,0.7970189634067272
4,37,0.5396834571019072
4,38,0.7613505204071677
4,39,0.35002809242677263
4,40,0.6947841440021757
4,41,0.6025997825263447
4,42,0.40505849756962836
4,43,0.5025637855276328
4,44,0.7313280147059303
4,45,0.5578707876439213
4,46,0.8431154843353427
4,47,0.27309695760757474
4,48,0.7355510263448244
4,49,0.6988874012416579
4,50,0.2795736726870976
4,51,0.21142637224245064
4,52,0.609876374950159
4,53,0.7063501575469068
4,54,0.17553412284637643
4,55,0.6183776109475984
4,56,0.669741077639087
4,57,0.6141935121139799
4,58,0.5269112202122463
4,59,0.6561946808794871
4,60,0.4371721346271543
4,61,0.26794077161360136
4,62,0.3567142887773573
4,63,0.2308931389922292
4,64,0.4297602269919138
4,65,0.5730173757474814
4,66,0.18852060380310875
4,67,0.09079598032907617
4,68,0.7140043469738934
4,69,0.15076173349808933
4,70,0.34664238474011005
4,71,0.21048549141742415
4,72,0.4912911118738836
4,73,0.3861187949444
4,74,0.24876201865960515
4,75,0.4319393467628106
4,76,0.27059991344347606
4,77,0.15091456665502143
4,78,0.1446881791024495
4,79,0.627400164473371
4,80,0.06078384956716568
4,81,0.6531149665013365
4,82,0.3871784781216999
4,83,0.35552708445538395
4,84,0.9235812963052201
4,85,0.25119605140307527
4,86,0.37151687021776564
4,87,0.7027208166749332
4,88,0.704943058103506
4,89,0.2903883890206735
4,90,0.24859310530085862
4,91,0.4322283390845831
4,92,0.2645980664366343
4,93,0.3305314434343812
4,94,0.15785842384770693
4,95,0.12598402363705297
4,96,0.7287964076976808
4,97,0.7001117011792551
4,98,0.1539268698638251
4,99,0.31319473615711485
5,0,0.8272511042283471
5,1,0.2897710290042422
5,2,0.12578474404047035
5,3,0.7292304587544294
5,4,0.6743404092320303
5,6,0.7577305894714125
5,7,0.9842302588052442
5,8,0.5349050515950573
5,9,0.6943277787537602
5,10,0.6053217823379837
5,11,0.5049652272301238
5,12,0.5157545207159441
5,13,0.12807761376773985
5,14,0.8191353732249599
5,15,0.6157268796425387
5,16,0.9502530432624554
5,17,0.770433296890915
5,18,0.6924920182988455
5,19,0.4887533376684211
5,20,0.2506091020289694
5,21,0.9468562597667233
5,22,0.740157386089816
5,23,0.5560023489095964
5,24,0.63093112383177
5,25,0.4078100660896372
5,26,0.3298142318316541
5,27,0.20173386473122268
5,28,0.40059086525394116
5,29,0.30903296143810155
5,30,0.3862119939069961
5,31,0.4959138955190732
5,32,0.7579934080695606
5,33,0.6296268224703034
5,34,0.5098833578423428
5,35,0.7119037377533866
5,36,0.14679169983168647
5,37,0.3409553309595062
5,38,0.15629121807586277
5,39,0.33054484301161363
5,40,0.27042491735449303
5,41,0.0924739274608641
5,42,0.49028653963775104
5,43,0.24053846806190426
5,44,0.4918199452126875
5,45,0.3899999104051764
5,46,0.6072222174520748
5,47,0.7928800090626512
5,48,0.24449888833844372
5,49,0.3426663152153047
5,50,0.8202175583255782
5,51,0.4631234549994101
5,52,0.28438962894097886
5,53,0.1752046752673347
5,54,0.5100747073185882
5,55,0.15578204135761944
5,56,0.2063754433574845
5,57,0.6056663603287005
5,58,0.3577123099295254
5,59,0.6445745985702035
5,60,0.8955518467306508
5,61,0.7462114817838168
5,62,0.6847904126975738
5,63,0.782999390943808
5,64,0.3433935550496225
5,65,0.6994750147214187
5,66,0.570060619877416
5,67,0.6104627314194483
5,68,0.5273431560492138
5,69,0.5877706200797468
5,70,0.8331806577830747
5,71,0.6681185052245378
5,72,0.3815502102251245
5,73,0.408787913940917
5,74,0.6109564657294355
5,75,0.2484795152607584
5,76,0.4947510663495606
5,77,0.5395805681947665
5,78,0.7362735128470794
5,79,0.08000440123170398
5,80,0.6154285018566393
5,81,0.4292485630689906
5,82,0.32838476300231445
5,83,0.5508348405541689
5,84,0.6314440810302956
5,85,0.5289185357936086
5,86,0.3160764179118646
5,87,0.2561233473131599
5,88,0.12283475304365729
5,89,0.6364390241345373
5,90,0.5605852162422379
5,91,0.909054184258284
5,92,0.7632190901113683
5,93,0.7874916834396053
5,94,0.5331574743300781
5,95,0.6233733154777459
5,96,0.22984312592314235
5,97,0.12720718641956624
5,98,0.5412697214336887
5,99,0.47469815192841736
6,0,0.6174162346289807
6,1,1.0368557798427567
6,2,0.8115090873588467
6,3,0.052174667447351
6,4,0.4880643588196009
6,5,0.7577305894714125
6,7,0.35130502630484084
6,8,0.5505280744334083
6,9,0.111160630817894
6,10,0.4437755715047277
6,11,0.2553776335835673
6,12,0.6885607127605006
6,13,0.7848577086512871
6,14,0.5901893725138272
6,15,0.8679091483278569
6,16,0.2565843535904243
6,17,0.7258343945035307
6,18,0.33654777629624205
6,19,0.2724864247237338
6,20,0.6771254883232536
6,21,0.27411358133925184
6,22,0.4111723959256455
6,23,0.3207684352860503
6,24,0.7319376119559725
6,25,0.525005255529362
6,26,0.4414508132115917
6,27,0.9548171602622294
6,28,0.4320166072363429
6,29,0.45133443492347575
6,30,0.39193873424059567
6,31,0.772053075185377
6,32,0.3079336808186631
6,33,0.32943860995213803
6,34,0.503650024328425
6,35,0.2537386541601102
6,36,0.9043836696628614
6,37,0.8408521643448774
6,38,0.7443420654049643
6,39,0.5862568097454223
6,40,0.5919474712726909
6,41,0.740629279476234
6,42,0.2690263768806635
6,43,0.7375947632264552
6,44,0.4663196684907875
6,45,0.8825863916233991
6,46,0.5172179401187541
6,47,0.27070235385058466
6,48,0.9439151426035243
6,49,0.5433646116986122
6,50,0.2921720764119615
6,51,0.5031653718055739
6,52,0.5155658177444539
6,53,0.6698121202652131
6,54,0.4335726479985606
6,55,0.8045158766488683
6,56,0.8771658467374933
6,57,0.2583475088391513
6,58,0.8384300719575425
6,59,0.2711775023032447
6,60,0.9243719429929985
6,61,0.24002612696365577
6,62,0.13339223475072703
6,63,0.3107239338926216
6,64,0.41800482439962444
6,65,0.13905628214567606
6,66,0.3385756768646021
6,67,0.41926757911111673
6,68,0.42140873575175714
6,69,0.594811553758317
6,70,0.8341126653469756
6,71,0.6886320946415997
6,72,0.8186325020219829
6,73,0.7295107311590426
6,74,0.7051983496618144
6,75,0.625300669215988
6,76,0.3325027183442033
6,77,0.5430395381251587
6,78,0.6312181875458538
6,79,0.7627528758790043
6,80,0.46665436171287483
6,81,0.4362920400920135
6,82,0.6615861080427667
6,83,0.22376977336743936
6,84,0.6051702964468472
6,85,0.6646736061584412
6,86,0.6132988704513226
6,87,0.9283748335067759
6,88,0.704613490996562
6,89,0.20749806398340517
6,90,0.6811228871333364
6,91,0.2357845535984438
6,92,0.2550890028112196
6,93,0.8182961993803007
6,94,0.5456975427778321
6,95,0.37071896521709985
6,96,0.6537975640774029
6,97,0.8534786066150601
6,98,0.41384228167475157
6,99,0.6953007466513077
7,0,0.45965572498245094
7,1,1.2300732198686588
7,2,1.0678284357569534
7,3,0.3329774142422054
7,4,0.4332893603773624
7,5,0.9842302588052442
7,6,0.35130502630484084
7,8,0.5754588630854426
7,9,0.3281514816240546
7,10,0.7938662108952964
7,11,0.5453160766481684
7,12,0.7118248936685402
7,13,0.9694260055426919
7,14,0.4343430544680709
7,15,0.8584515807116874
7,16,0.11346178598029368
7,17,0.6169807632719134
7,18,0.6867253057849625
7,19,0.5226909680008136
7,20,0.9719448744298259
7,21,0.08355781209209448
7,22,0.320202220690186
7,23,0.663286074978506
7,24,0.6984216962894031
7,25,0.8502540257862358
7,26,0.6566400550385229
7,27,1.1606475574516264
7,28,0.745680632024584
7,29,0.6851625783508776
7,30,0.6835150234281958
7,31,0.8071519225671596
7,32,0.24122358531393165
7,33,0.3692311861006555
7,34,0.5546676718872733
7,35,0.6025327669906274
7,36,1.1265627834055822
7,37,0.9483959650887965
7,38,1.0153326805165037
7,39,0.7149500703633909
7,40,0.8874546341417655
7,41,0.9385032124626647
7,42,0.5268046871990582
7,43,0.8812957262878132
7,44,0.8048970958352296
7,45,0.975231730268581
7,46,0.8671784429668077
7,47,0.19394846842303312
7,48,1.1134359905654716
7,49,0.8544586605712924
7,50,0.17049116539889503
7,51,0.5833189531934935
7,52,0.8014352016992005
7,53,0.9444503066431288
7,54,0.5106423072581476
7,55,0.9803915485377638
7,56,1.0445637183174152
7,57,0.6053325371921571
7,58,0.938841801040995
7,59,0.6221477079581982
7,60,0.7911582107543872
7,61,0.23811698741333603
7,62,0.3259581115238486
7,63,0.21701870227784717
7,64,0.6516657426542923
7,65,0.4903469256241264
7,66,0.42378464372680136
7,67,0.4292971581386008
7,68,0.7640400980483806
7,69,0.5833226199677211
7,70,0.7113949698600662
7,71,0.6321692776645621
7,72,0.9072741683233284
7,73,0.8029291881866807
7,74,0.6802549646635659
7,75,0.7833244204028279
7,76,0.4897120170092139
7,77,0.5665558970603959
7,78,0.5316563599263024
7,79,0.9634645601365831
7,80,0.4579681370281395
7,81,0.7597667640467781
7,82,0.7756128756720013
7,83,0.45319352753870845
7,84,0.9554196768271033
7,85,0.6817089064741988
7,86,0.7420838356907106
7,87,1.087142732222957
7,88,0.966191006407531
7,89,0.35207463329088395
7,90,0.6816403868709113
7,91,0.11635547199143635
7,92,0.22204764588632844
7,93,0.7159570232377389
7,94,0.5725517127591996
7,95,0.392048415177518
7,96,0.942765419821667
7,97,1.0497203528208832
7,98,0.47772913960450947
7,99,0.7385948635384235
8,0,0.29257090634173866
8,1,0.7083357411645107
8,2,0.6530021242939239
8,3,0.49928779244090954
8,4,0.1588584954346712
8,5,0.5349050515950573
8,6,0.5505280744334083
8,7,0.5754588630854426
8,9,0.4403484537698027
8,10,0.7530676270469335
8,11,0.4399215679376816
8,12,0.14291675414367608
8,13,0.4649871236556591
8,14,0.28611004204392615
8,15,0.31762056177770853
8,16,0.5978637163355227
8,17,0.26138309263968507
8,18,0.7403613544757294
8,19,0.37327637217318677
8,20,0.6589557140207749
8,21,0.5782167019689998
8,22,0.26113420791972974
8,23,0.6160276864165678
8,24,0.19030987750269265
8,25,0.6600783321081997
8,26,0.3206281280373589
8,27,0.6582624739145037
8,28,0.5609315939440134
8,29,0.3624715652804732
8,30,0.47712428258247586
8,31,0.2356620652936486
8,32,0.3390834580698517
8,33,0.2335235531076039
8,34,0.054180084156905915
8,35,0.6963344523908382
8,36,0.6487734517202172
8,37,0.38164278721636724
8,38,0.6389160266026706
8,39,0.2044286016616483
8,40,0.6000375761682101
8,41,0.4565167240643431
8,42,0.3849394726853963
8,43,0.34629306957331907
8,44,0.6820932140930962
8,45,0.4024524531594842
8,46,0.8047473698132251
8,47,0.3956966964481347
8,48,0.5777495463275463
8,49,0.6190916980770537
8,50,0.41029112840192056
8,51,0.09025728391502214
8,52,0.5225165775860221
8,53,0.5925456801402778
8,54,0.12362790771536387
8,55,0.4643847090519879
8,56,0.5126832195304701
8,57,0.6099978670358951
8,58,0.3695226573528924
8,59,0.6564498134975524
8,60,0.4388592744961745
8,61,0.3736514254565705
8,62,0.4186924059515903
8,63,0.36103752385912363
8,64,0.3523492264690577
8,65,0.602223611224116
8,66,0.21195266887046288
8,67,0.15008940824029887
8,68,0.6756356565935983
8,69,0.06568739188703085
8,70,0.3542195708219498
8,71,0.174154320220868
8,72,0.3350656811008684
8,73,0.22974250955814335
8,74,0.16165156256863425
8,75,0.2870004881700619
8,76,0.24738554358903025
8,77,0.00892091924487128
8,78,0.20474585802240525
8,79,0.4805853326134495
8,80,0.11782530623091593
8,81,0.5977094733077369
8,82,0.23047660757889235
8,83,0.3628484571671697
8,84,0.877456385151061
8,85,0.11579580131354475
8,86,0.22170509232936583
8,87,0.5443369285576807
8,88,0.5821934315902849
8,89,0.34339530634781457
8,90,0.1307456678021044
8,91,0.5540031890265138
8,92,0.378007717398004
8,93,0.3195120602253248
8,94,0.005105662538797095
8,95,0.19636043317436952
8,96,0.6233112154848766
8,97,0.5480327493493296
8,98,0.13696971614510312
8,99,0.16358156227289491
9,0,0.5155761711667058
9,1,0.9639626035803166
9,2,0.7620514260132284
9,3,0.0591719824462554
9,4,0.37882788113987265
9,5,0.6943277787537602
9,6,0.111160630817894
9,7,0.3281514816240546
9,8,0.4403484537698027
9,10,0.4840762766592402
9,11,0.21864858030114726
9,12,0.5795141676801426
9,13,0.7067333654504739
9,14,0.4888775369424712
9,15,0.7579362766685686
9,16,0.26293502293839616
9,17,0.6170091956896079
9,18,0.4004167527226412
9,19,0.20799504606212338
9,20,0.6490423746292676
9,21,0.2674863814682019
9,22,0.30909106471456144
9,23,0.3440483564483924
9,24,0.6208290148314793
9,25,0.5222272618988836
9,26,0.3671292633607599
9,27,0.885545763819158
9,28,0.41770819360182093
9,29,0.3854722888573597
9,30,0.35889312129596107
9,31,0.6646722948386427
9,32,0.21443640136957523
9,33,0.21855943091628727
9,34,0.39455028930378205
9,35,0.32611225301859814
9,36,0.8407464324036924
9,37,0.7443145667879656
9,38,0.7020045975122023
9,39,0.49004675770288675
9,40,0.5637875296006414
9,41,0.6662800323699447
9,42,0.20907246068346017
9,43,0.647500668899287
9,44,0.48056727650904074
9,45,0.7837945603386784
9,46,0.5557152310564325
9,47,0.19170863026176943
9,48,0.8630267025711924
9,49,0.527113415173068
9,50,0.21903378075212415
9,51,0.3969517271931737
9,52,0.48004376343476096
9,53,0.6288917841997093
9,54,0.3254033109412283
9,55,0.7239831570267092
9,56,0.7950153634003432
9,57,0.293877925727458
9,58,0.7405519332033121
9,59,0.32219534336436645
9,60,0.815848029166318
9,61,0.1489246484056417
9,62,0.02230044588980325
9,63,0.22330606126382924
9,64,0.35103935085924864
9,65,0.20808676155152703
9,66,0.22859437424207094
9,67,0.3081883918420746
9,68,0.4429271728680095
9,69,0.4837299943632437
9,70,0.7253958620060302
9,71,0.577662575755444
9,72,0.7185286036348677
9,73,0.6261002164263756
9,74,0.5941618761667304
9,75,0.5369136972692193
9,76,0.2337198310573535
9,77,0.43272216967058336
9,78,0.5227873083845759
9,79,0.6896798505137007
9,80,0.3556389691734666
9,81,0.4317776520204401
9,82,0.5638571658949835
9,83,0.1435422345081501
9,84,0.6438377015983495
9,85,0.5550303302600746
9,86,0.5176716817598874
9,87,0.8443776595441644
9,88,0.6568335021330642
9,89,0.09695520171191735
9,90,0.5707438567488958
9,91,0.22690322024510476
9,92,0.16807227284217058
9,93,0.7084224696917898
9,94,0.43557054203651024
9,95,0.25980764286775415
9,96,0.6216092032074909
9,97,0.779947875964464
9,98,0.30410837662613216
9,99,0.5879827904134233
10,0,0.9494986971143189
10,1,0.885925025654497
10,2,0.5860397611694286
10,3,0.4627569148627312
10,4,0.7822804857972563
10,5,0.6053217823379837
10,6,0.4437755715047277
10,7,0.7938662108952964
10,8,0.7530676270469335
10,9,0.4840762766592402
10,11,0.32499008029224985
10,12,0.8475915767776441
10,13,0.6995023510026266
10,14,0.9263516376208879
10,15,1.020953720741729
10,16,0.6995934313354564
10,17,1.0007331611230352
10,18,0.13814714650505114
10,19,0.38944276951201856
10,20,0.3960191283084408
10,21,0.7178834906795617
10,22,0.7575740871335307
10,23,0.14680819024372277
10,24,0.9379506322063588
10,25,0.20294857831640142
10,26,0.4577831181419292
10,27,0.795976225432106
10,28,0.2231801610921909
10,29,0.42684346148555263
10,30,0.28961123224687796
10,31,0.8960121205736145
10,32,0.6872106123630273
10,33,0.6292226768417212
10,34,0.6993307436971097
10,35,0.2142623406092747
10,36,0.7258934169103539
10,37,0.8573246623879619
10,38,0.5031729089109681
10,39,0.6541229804396587
10,40,0.3393177087381883
10,41,0.6452974367636644
10,42,0.3778743444992072
10,43,0.729918456214563
10,44,0.11371447791644654
10,45,0.9099499276289892
10,46,0.07344913107159184
10,47,0.6747560137145662
10,48,0.8470455479194258
10,49,0.2649841114202775
10,50,0.7028445486911754
10,51,0.6681140178453652
10,52,0.3296461692287058
10,53,0.4421785147914251
10,54,0.6374566406901888
10,55,0.7282470685046335
10,56,0.7972178002229393
10,57,0.19055481817110773
10,58,0.8651595902472526
10,59,0.17330743655715344
10,60,1.1902283392900765
10,61,0.6282056879252359
10,62,0.49640434480279183
10,63,0.7012804994294434
10,64,0.419087710113677
10,65,0.3063793222480972
10,66,0.5938002111862577
10,67,0.692034920480682
10,68,0.08498941548335597
10,69,0.8168609461617028
10,70,1.1028147468855116
10,71,0.9261547443893251
10,72,0.8656612937812396
10,73,0.8190898758921665
10,74,0.9092110159426109
10,75,0.6351134170453093
10,76,0.5170943478816662
10,77,0.7498263130326506
10,78,0.9182876316507897
10,79,0.6559927299065138
10,80,0.7331940552138841
10,81,0.185822653010205
10,82,0.720317080594189
10,83,0.4305397815819311
10,84,0.16155394795513292
10,85,0.8371825485686257
10,86,0.6699525727239832
10,87,0.8513236541025115
10,88,0.49591935380383234
10,89,0.5232557539824875
10,90,0.866030723860604
10,91,0.6792550011788593
10,92,0.6487599936399623
10,93,1.0715265705487862
10,94,0.7481840067277278
10,95,0.6599749943689341
10,96,0.3955721619322203
10,97,0.7313983376042865
10,98,0.6418022378765049
10,99,0.8302857689836538
11,0,0.6251712215301144
11,1,0.788507278696809
11,2,0.5562823011618127
11,3,0.2353530733117794
11,4,0.45729104744613513
11,5,0.5049652272301238
11,6,0.2553776335835673
11,7,0.5453160766481684
11,8,0.4399215679376816
11,9,0.21864858030114726
11,10,0.32499008029224985
11,12,0.5518820870795361
11,13,0.5439384779473019
11,14,0.6025213538853963
11,15,0.7326736491173956
11,16,0.479920335678816
11,17,0.6785943062354253
11,18,0.30104031415207305
11,19,0.06680813929363681
11,20,0.43118173480654237
11,21,0.4860194859946931
11,22,0.4382835154090196
11,23,0.18025268914806508
11,24,0.6293300567663446
11,25,0.30997226651796833
11,26,0.20811880961609605
11,27,0.7042900285152855
11,28,0.20163239354570767
11,29,0.20580842454673354
11,30,0.14101582576279234
11,31,0.6164692663534582
11,32,0.3825754722560178
11,33,0.30655400743929717
11,34,0.38576547775867037
11,35,0.2670790510735889
11,36,0.651113531823657
11,37,0.6344789360669066
11,38,0.49057170469801675
11,39,0.3907576559160433
11,40,0.3457311620707914
11,41,0.4961231217711085
11,42,0.05506520760663885
11,43,0.5178861732151403
11,44,0.2850172939046649
11,45,0.6820907664257443
11,46,0.38716057475798427
11,47,0.38508573698351145
11,48,0.7044427365984676
11,49,0.3091620595232584
11,50,0.41518375296025467
11,51,0.36201035568134
11,52,0.2639503428505339
11,53,0.4163483654670358
11,54,0.3190787606809369
11,55,0.5663919258668694
11,56,0.6402015287954711
11,57,0.17102821874412238
11,58,0.6362259335306645
11,59,0.21844963330407247
11,60,0.8712574211315712
11,61,0.33423300598826317
11,62,0.2193822453615511
11,63,0.40101994456332685
11,64,0.1759155548855422
11,65,0.20610575533825162
11,66,0.2688164671071589
11,67,0.36711456706963536
11,68,0.25970603713415513
11,69,0.5010297543222537
11,70,0.7825617214655396
11,71,0.6094015540827235
11,72,0.6246533040883744
11,73,0.5530698683133675
11,74,0.6004630631598586
11,75,0.4062444064248884
11,76,0.19532711534768568
11,77,0.435490971127406
11,78,0.5941950760421035
11,79,0.516690729937076
11,80,0.4089000225742537
11,81,0.22113268651916734
11,82,0.4661721659514389
11,83,0.11052474327489824
11,84,0.47020911467461163
11,85,0.5362378837812514
11,86,0.41401995981830764
11,87,0.6934327344112555
11,88,0.4494817337941607
11,89,0.21532037722097316
11,90,0.5618949982033189
11,91,0.44535089230277114
11,92,0.3553928154928771
11,93,0.753745239816323
11,94,0.4348692358821922
11,95,0.3355106749520452
11,96,0.4048145470125899
11,97,0.606889006584349
11,98,0.3194863530226498
11,99,0.5435318224154752
12,0,0.36346102997082275
12,1,0.6324471023143705
12,2,0.6408185689411567
12,3,0.6380096325598045
12,4,0.28164947445732513
12,5,0.5157545207159441
12,6,0.6885607127605006
12,7,0.7118248936685402
12,8,0.14291675414367608
12,9,0.5795141676801426
12,10,0.8475915767776441
12,11,0.5518820870795361
12,13,0.4180838413718939
12,14,0.36730962143733875
12,15,0.18230937315403534
12,16,0.7394974978458303
12,17,0.2614292332944392
12,18,0.8519770069977838
12,19,0.4873358697127547
12,20,0.6881408346794349
12,21,0.7189753591224338
12,22,0.3927245612063974
12,23,0.7193428898841374
12,24,0.11542680769169078
12,25,0.7273772484141328
12,26,0.39289446701927444
12,27,0.5977334858046848
12,28,0.639462335065068
12,29,0.42971530013778403
12,30,0.5605905592381313
12,31,0.09536689688744414
12,32,0.4793417998275538
12,33,0.37635737194668445
12,34,0.18497970937723143
12,35,0.816101896099477
12,36,0.6039310621851068
12,37,0.27743084564820814
12,38,0.6450854687997004
12,39,0.21349055149165425
12,40,0.643736747682243
12,41,0.42652563185338516
12,42,0.4984517847542599
12,43,0.2882238655677931
12,44,0.7643002500825516
12,45,0.2843823388628158
12,46,0.8918235951242542
12,47,0.5367915288903874
12,48,0.49721246709985484
12,49,0.6774099298207328
12,50,0.5498467869094616
12,51,0.19216791155967405
12,52,0.5780193622662735
12,53,0.6132140870660259
12,54,0.2552675515168905
12,55,0.40856244772965045
12,56,0.4394359020200443
12,57,0.7227045073911509
12,58,0.2611783419096632
12,59,0.7703057898825743
12,60,0.3849974546544066
12,61,0.5163448952393778
12,62,0.5582436314597995
12,63,0.5003490371364732
12,64,0.4303011383465891
12,65,0.7297937328438459
12,66,0.35115743255266035
12,67,0.29227178214203914
12,68,0.7659354314710014
12,69,0.13184387922509214
12,70,0.3176151049320481
12,71,0.15987873178680917
12,72,0.22207229398366488
12,73,0.12551553774760155
12,74,0.09588089087573749
12,75,0.27865822062214507
12,76,0.37042227588151816
12,77,0.15151913758958388
12,78,0.2560134200903433
12,79,0.44708522227156144
12,80,0.255428527819378
12,81,0.6780901235290078
12,82,0.18766864575320638
12,83,0.48943187345314415
12,84,0.9572984161499212
12,85,0.03047329994485544
12,86,0.21299515283856157
12,87,0.45932574318051844
12,88,0.5904082716913639
12,89,0.4827591584084646
12,90,0.04879170111229661
12,91,0.6958662430115031
12,92,0.5201667478755443
12,93,0.2725096516700506
12,94,0.14709561149771574
12,95,0.3392085103779708
12,96,0.6533977624778887
12,97,0.4952815914652598
12,98,0.2756189781329941
12,99,0.04409900235943267
13,0,0.7550608957735999
13,1,0.26084019847999296
13,2,0.245989240224341
13,3,0.7494938815728162
13,4,0.6165766407442422
13,5,0.12807761376773985
13,6,0.7848577086512871
13,7,0.9694260055426919
13,8,0.4649871236556591
13,9,0.7067333654504739
13,10,0.6995023510026266
13,11,0.5439384779473019
13,12,0.4180838413718939
13,14,0.750618352879644
13,15,0.49722053387593257
13,16,0.9500834546161187
13,17,0.6786992851304279
13,18,0.7712517603218212
13,19,0.5126087961830286
13,20,0.3732827472540493
13,21,0.9422965528563539
13,22,0.6972808909647769
13,23,0.6293439178990813
13,24,0.530657219768341
13,25,0.5111358101846918
13,26,0.3434070958453783
13,27,0.19559001417439623
13,28,0.4824894945643332
13,29,0.3381397944236143
13,30,0.4479637859992771
13,31,0.38352049260362747
13,32,0.7332988310803419
13,33,0.6028198608764046
13,34,0.451420782024423
13,35,0.7786339791445192
13,36,0.18654187755599022
13,37,0.21388535980122111
13,38,0.28425163519412894
13,39,0.26740073852412793
13,40,0.3787495183320979
13,41,0.0542049183951158
13,42,0.5169896917216764
13,43,0.1301284953927153
13,44,0.5881911461750691
13,45,0.2620917638827725
13,46,0.7105115076288175
13,47,0.7755109146001691
13,48,0.16052617694248808
