siteNum=100
demandLowerBound=0
demandUpperBound=1000
fixedCostLowerBound=500
fixedCostUpperBound=1500
coordinateLowerBound=0
coordinateUpperBound=1
facilityFailProbility=0.05
Coordinate: index, x, y
0,0.6394363662845742,0.8444185381081656
1,0.12324225937623856,0.13628127539797807
2,0.2588981599833493,0.41083992255353374
3,0.2332334217155404,0.49457514098453303
4,0.6271810759786723,0.9364751048853523
5,0.0179548431782115,0.12318882489473959
6,0.7283499915489513,0.7111161504180565
7,0.23530828068683995,0.095331610676609
8,0.5989587419403707,0.45295284976985306
9,0.8940586339349377,0.558515486947954
10,0.13927235572640406,0.5173563507734232
11,0.8567746089088576,0.6267251587703503
12,0.6773130717337618,0.8182310913930405
13,0.9346692726357843,0.2574099994279013
14,0.8256692809358529,0.16415940728808143
15,0.6420317765288565,0.8216166531716523
16,0.9726977876374475,0.49083869817153425
17,0.8951919277145354,0.3719542207949621
18,0.40070330754591343,0.2352657202979095
19,0.38115810178168574,0.8214172516247632
20,0.7326970689412733,0.7989711866640754
21,0.24754953359004384,0.37975537657157066
22,0.6512416516601715,0.23229513903364674
23,0.7623891993792262,0.6167250937857937
24,0.9805531448046673,0.44913532385485233
25,0.6186417587565463,0.7115903655079111
26,0.6767120461409176,0.44563325047740965
27,0.5498384061445675,0.7763938035991211
28,0.2610168237068403,0.699531211545763
29,0.0013494223433083707,0.16383786644030762
30,0.9488867276264445,0.028915226750428347
31,0.8133166063314313,0.1829350687786062
32,0.03342848430836509,0.8280974228971618
33,0.39013776764076913,0.7577766580188428
34,0.20410473667442663,0.14195188078553767
35,0.8871299379088033,0.6318767681565692
36,0.43315599050506537,0.5481754480696645
37,0.09484876497455763,0.7356366295644832
38,0.2743034426179781,0.17634032574917446
39,0.7014462947526078,0.18950915429807158
40,0.7975142768707317,0.13125961091871885
41,0.04018894485499225,0.05890256457312093
42,0.1733955445696438,0.06784298541541645
43,0.5827042457943986,0.32582948940569756
44,0.9617687685862555,0.1699391312504992
45,0.8509677538767632,0.6137207671849738
46,0.4303454114260198,0.832929698053352
47,0.4991627148165916,0.4579901638301753
48,0.5305881782206532,0.6084866949643359
49,0.7832685000348643,0.7434570354509239
50,0.12291240218421995,0.01090959025140903
51,0.21935183139984704,0.3241503742581726
52,0.6331545918121517,0.46994305473108333
53,0.5713683954969402,0.2793309186667051
54,0.6580015603160652,0.7343078793097099
55,0.9361602488987599,0.5399657164990354
56,0.13538509009912703,0.46160631205755154
57,0.4594869231775438,0.46019434181216834
58,0.8006798857789353,0.9531141278162857
59,0.753451913454704,0.9788155180039912
60,0.45411354032824236,0.08016247458127579
61,0.317586826196942,0.7674278239050549
62,0.3853308283833463,0.09668255201739295
63,0.24491433128580886,0.15571315725440937
64,0.15986163875373416,0.048888651660195626
65,0.2630081128607078,0.19375931260121448
66,0.6733397537525733,0.0003604395780080205
67,0.6359440346692619,0.21807423058954334
68,0.9838057567802793,0.11039130423281573
69,0.08457534244881149,0.3075958968911936
70,0.7897803676787866,0.5191303615801948
71,0.8134574235494431,0.19951047045573178
72,0.7629338944840535,0.6353835005472181
73,0.11107143180914703,0.1010888698039244
74,0.512001534421204,0.39455205879109934
75,0.27129534496050023,0.4305095573518678
76,0.7492397872563853,0.6025200674648025
77,0.7802389080676266,0.019770329099157324
78,0.4757383535485171,0.31178185993616814
79,0.02563482775346204,0.2823525813233412
80,0.8746871718899583,0.5466804200146047
81,0.7565012997617353,0.9718235663825218
82,0.7894825840329425,0.058143428664698904
83,0.002867325028806933,0.05051162301988055
84,0.6347015533093509,0.24864178674555193
85,0.19465338760184203,0.3252103012762926
86,0.1980194461979342,0.2578386913560199
87,0.6955657943420465,0.7758157813081366
88,0.801511898537877,0.3832481499264827
89,0.16906022487022665,0.4470358706386802
90,0.8617179470047834,0.5061078529660691
91,0.7321395772272807,0.07594228485624466
92,0.04159084924052203,0.6050110811321519
93,0.5220894299231073,0.15171844547660618
94,0.32168911348192086,0.05768650820928867
95,0.8614317223224033,0.9653399284429428
96,0.2563258448967506,0.7941376538817961
97,0.6114288317642608,0.0048311436038065425
98,0.10852300183213348,0.5287184285870731
99,0.42064229392242203,0.23991365140718524
Demand:index, demand
0,7
1,200
2,387
3,160
4,666
5,583
6,711
7,224
8,445
9,892
10,545
11,685
12,393
13,122
14,435
15,799
16,313
17,160
18,495
19,880
20,515
21,224
22,282
23,73
24,368
25,242
26,37
27,84
28,207
29,555
30,151
31,161
32,142
33,339
34,394
35,673
36,602
37,461
38,678
39,579
40,298
41,903
42,235
43,877
44,791
45,10
46,735
47,290
48,212
49,117
50,373
51,747
52,897
53,374
54,245
55,726
56,708
57,652
58,446
59,130
60,331
61,889
62,44
63,943
64,730
65,337
66,707
67,552
68,78
69,776
70,640
71,33
72,878
73,494
74,192
75,796
76,926
77,707
78,338
79,414
80,197
81,552
82,260
83,814
84,260
85,931
86,244
87,380
88,442
89,215
90,268
91,343
92,414
93,134
94,356
95,491
96,981
97,407
98,419
99,127
Fixcost:index, fixedCost
0,1103
1,1034
2,1485
3,797
4,1485
5,976
6,1260
7,1025
8,963
9,1323
10,1096
11,580
12,735
13,583
14,855
15,1175
16,574
17,724
18,988
19,1008
20,1292
21,632
22,1209
23,1295
24,1057
25,729
26,872
27,1256
28,1481
29,764
30,1386
31,1285
32,881
33,1073
34,1485
35,588
36,982
37,1473
38,867
39,1032
40,1292
41,1098
42,1403
43,662
44,908
45,1174
46,859
47,999
48,1076
49,1132
50,779
51,1392
52,876
53,702
54,1225
55,1133
56,1260
57,604
58,1315
59,1241
60,976
61,530
62,985
63,1441
64,1321
65,655
66,1288
67,573
68,873
69,753
70,1300
71,675
72,1389
73,963
74,1433
75,1410
76,1080
77,1067
78,1402
79,1454
80,1330
81,1200
82,588
83,796
84,1426
85,1432
86,596
87,1022
88,629
89,557
90,634
91,1259
92,865
93,758
94,623
95,995
96,1347
97,1415
98,915
99,618
TransCost:start_index, end_index, transCost
0,1,0.8763074453897852
0,2,0.5768879807390902
0,3,0.536088830966993
0,4,0.09286874408155081
0,5,0.9520565018865872
0,6,0.1602347007409388
0,7,0.8511467173277119
0,8,0.39355282138327924
0,9,0.38284860434136603
0,10,0.5976066531104046
0,11,0.30761391242030944
0,12,0.04604809638999236
0,13,0.6570703870028854
0,14,0.7052908503331139
0,15,0.02294912004836166
0,16,0.485882576526213
0,17,0.5372461617699898
0,18,0.6542634246088436
0,19,0.2593004456118724
0,20,0.10374497777388494
0,21,0.6078545412584614
0,22,0.6122372256383484
0,23,0.258769595882875
0,24,0.5221201739622373
0,25,0.13444604545529673
0,26,0.40052363468277047
0,27,0.11249515085672014
0,28,0.4052082027836328
0,29,0.9329228256807617
0,30,0.8722414671236679
0,31,0.6839552018041991
0,32,0.6062276237676916
0,33,0.2639253808772048
0,34,0.8264218247293891
0,35,0.32638337794398237
0,36,0.36098692750194555
0,37,0.5553459814629108
0,38,0.7613478507056427
0,39,0.6578385305157548
0,40,0.7304685354245505
0,41,0.9879943404537862
0,42,0.9056840710450728
0,43,0.52168298317028
0,44,0.747543074242978
0,45,0.312996788235289
0,46,0.20940635341237177
0,47,0.4111004569971816
0,48,0.25983025738747856
0,49,0.1757296438224625
0,50,0.980578488264566
0,51,0.6686927386813474
0,52,0.374528167620303
0,53,0.569172439857345
0,54,0.11166478231947993
0,55,0.4251312539668166
0,56,0.6329398782175164
0,57,0.4242758950186015
0,58,0.1944587457558142
0,59,0.17624441324939366
0,60,0.786404400075469
0,61,0.3309300477867271
0,62,0.7897333279577432
0,63,0.7937019199400267
0,64,0.9289024273400299
0,65,0.7517018409669143
0,66,0.8447387249180367
0,67,0.6263540436056063
0,68,0.8107935971510141
0,69,0.7720422941103918
0,70,0.3583513869711058
0,71,0.6679743588602626
0,72,0.2427906225526181
0,73,0.9119805369439172
0,74,0.4675676267505887
0,75,0.5539390362957368
0,76,0.2656532728138518
0,77,0.8365823476468608
0,78,0.5572242549529177
0,79,0.8322682671348227
0,80,0.37946136628631566
0,81,0.17302092324225313
0,82,0.8004638750068152
0,83,1.0175992993857081
0,84,0.5957955655408153
0,85,0.6836732343158873
0,86,0.734114986875044
0,87,0.08863887936240439
0,88,0.4888216495725567
0,89,0.6157651328363875
0,90,0.4048002233309532
0,91,0.7740475677445142
0,92,0.643999373218167
0,93,0.7025693715251137
0,94,0.8484754584149389
0,95,0.2527922481858533
0,96,0.38639596130994386
0,97,0.8400544119284922
0,98,0.6176856479681554
0,99,0.6428817964028689
1,0,0.8763074453897852
1,2,0.30624332498426027
1,3,0.3747966780932122
1,4,0.9456555903860191
1,5,0.10609831417056692
1,6,0.834619974044806
1,7,0.11931331934524621
1,8,0.5714779591535899
1,9,0.8788854377511591
1,10,0.38141208300393
1,11,0.8823859192826105
1,12,0.8786637676849007
1,13,0.8204181651038842
1,14,0.7029800216612083
1,15,0.8595505471673154
1,16,0.9204812113983402
1,17,0.8071233038636019
1,18,0.2945887872672044
1,19,0.7320736900640136
1,20,0.9003294304840982
1,21,0.2733714256551971
1,22,0.5366581968650542
1,23,0.7995843129665858
1,24,0.9126114232848133
1,25,0.7592109147986339
1,26,0.6340563455615633
1,27,0.7692387933520024
1,28,0.5798554312472816
1,29,0.12496891385384877
1,30,0.8325960943665022
1,31,0.6916496083729378
1,32,0.6976217428754317
1,33,0.6763798658674259
1,34,0.08106106340445703
1,35,0.9105708527382709
1,36,0.5154641890792063
1,37,0.6000275252789617
1,38,0.15628246413924407
1,39,0.5806488729152246
1,40,0.674290716746298
1,41,0.11351351435790334
1,42,0.08484781406393588
1,43,0.4970249917225871
1,44,0.8392017385042322
1,45,0.8703636387532845
1,46,0.7613352551846865
1,47,0.4947856078290499
1,48,0.623625413102321
1,49,0.8968260934840324
1,50,0.12537211907859563
1,51,0.21102570492976144
1,52,0.6093773623609323
1,53,0.47040433067073234
1,54,0.8022489195554279
1,55,0.9076325168681492
1,56,0.3255515747397293
1,57,0.4668834421230811
1,58,1.0611963279506524
1,59,1.0521540562376726
1,60,0.3355966691788292
1,61,0.6603906240590661
1,62,0.26506315643175604
1,63,0.12321400535349035
1,64,0.0947546813079257
1,65,0.15112319001721328
1,66,0.5666407388541005
1,67,0.5191851287427127
1,68,0.8609528579842263
1,69,0.17562411566193364
1,70,0.7686653840326736
1,71,0.6931052618198011
1,72,0.8113620764959579
1,73,0.037237540938738906
1,74,0.46673072695932893
1,75,0.3293781991154824
1,76,0.7805456528224256
1,77,0.6672476279456989
1,78,0.39376890631429784
1,79,0.1756816357014472
1,80,0.8562107885589918
1,81,1.0484025621170812
1,82,0.6708067480957415
1,83,0.1478058120921101
1,84,0.5236558926058658
1,85,0.20197456783907825
1,86,0.14271591727401386
1,87,0.8582299301035293
1,88,0.7218326263912136
1,89,0.3141141582692842
1,90,0.8259043762410873
1,91,0.6118796756436583
1,92,0.4757883810695121
1,93,0.3991458025249413
1,94,0.21344388333678305
1,95,1.1100729405734915
1,96,0.6711827288055316
1,97,0.5055741949592273
1,98,0.3927130959693233
1,99,0.31493880342915004
2,0,0.5768879807390902
2,1,0.30624332498426027
2,3,0.08758005250079666
2,4,0.6418135641438426
2,5,0.37522904458126655
2,6,0.5572708813322702
2,7,0.3163889651499412
2,8,0.3426582817322165
2,9,0.6521019092056217
2,10,0.16017516200973186
2,11,0.6356592510112368
2,12,0.5839851049671771
2,13,0.6929699401892173
2,14,0.6181268317727249
2,15,0.5617195835508586
2,16,0.718268551824113
2,17,0.6374808676774584
2,18,0.22568783833636105
2,19,0.42839378673808665
2,20,0.612479619505634
2,21,0.033091393441794
2,22,0.43105876070824023
2,23,0.5439594934232488
2,24,0.7226703639130954
2,25,0.46889901449624005
2,26,0.4192600853099515
2,27,0.4672000286642133
2,28,0.28869906317126853
2,29,0.35684922303984346
2,30,0.788638508280229
2,31,0.599433429185587
2,32,0.474278816986375
2,33,0.37092982224862875
2,34,0.2744140999360973
2,35,0.6659823225202882
2,36,0.22187121955523412
2,37,0.36387512265598354
2,38,0.23500507150795674
2,39,0.4948092163291857
2,40,0.6068545723850671
2,41,0.4143592942414774
2,42,0.3534934173767789
2,43,0.33477926302603533
2,44,0.7430075932911102
2,45,0.6258650342777415
2,46,0.45558088042490685
2,47,0.24484730254111767
2,48,0.33597576200403795
2,49,0.6209656973762211
2,50,0.42241732566206536
2,51,0.0952837335964963
2,52,0.3788945196204663
2,53,0.33901661638513364
2,54,0.5137266230254681
2,55,0.6894616796777916
2,56,0.13353915057202673
2,57,0.20657132090426716
2,58,0.7665433791374059
2,59,0.7531133328390271
2,60,0.38400080640624523
2,61,0.36138523895174895
2,62,0.33864446415219257
2,63,0.25550971378215087
2,64,0.37525585277056855
2,65,0.21711951301051935
2,66,0.5833140154237934
2,67,0.42346452462516965
2,68,0.784704018178019
2,69,0.2026025013373372
2,70,0.5418143017973671
2,71,0.5934611311037358
2,72,0.5517896701387859
2,73,0.3432177970941786
2,74,0.25362691627225314
2,75,0.023250478026430568
2,76,0.5264752505008891
2,77,0.6517143565532718
2,78,0.23839498592647743
2,79,0.2663095548781431
2,80,0.6305939643981608
2,81,0.7498743450478599
2,82,0.6371143130125986
2,83,0.4420274560390273
2,84,0.4093121372435979
2,85,0.10705056197160027
2,86,0.16466813456197765
2,87,0.5691098315528214
2,88,0.543314803023831
2,89,0.09685556898378253
2,90,0.61030129787643
2,91,0.5797532809137603
2,92,0.2914187813543296
2,93,0.36934209678160335
2,94,0.3586921213300591
2,95,0.8188509939398897
2,96,0.3833063626478141
2,97,0.5376997332438888
2,98,0.19107074703811242
2,99,0.23532308648259684
3,0,0.536088830966993
3,1,0.3747966780932122
3,2,0.08758005250079666
3,4,0.5920053482824033
3,5,0.429269917599406
3,6,0.5403983960839375
3,7,0.39924892176746707
3,8,0.36808616515635884
3,9,0.6639113863662329
3,10,0.09668332555958271
3,11,0.6373909626965566
3,12,0.5495087895522147
3,13,0.74044551273256
3,14,0.6783471120040789
3,15,0.5235190976380055
3,16,0.7394738058059819
3,17,0.6732198405666299
3,18,0.30868679647317354
3,19,0.3587582420801394
3,20,0.5849110082101151
3,21,0.11570881279769264
3,22,0.49347915834896255
3,23,0.5430713102385453
3,24,0.7486999034985834
3,25,0.44230667407992585
3,26,0.44617104227934384
3,27,0.42386374551638584
3,28,0.206830627050517
3,29,0.4039273869618197
3,30,0.8538142713645163
3,31,0.6584952814399121
3,32,0.38879187947344307
3,33,0.3064212987691715
3,34,0.35382431223079175
3,35,0.668155962866287
3,36,0.20698315494508904
3,37,0.2779585481644719
3,38,0.3208740317395745
3,39,0.5588278363777248
3,40,0.6711267077696116
3,41,0.4765257221633691
3,42,0.43090707134832695
3,43,0.3880785381970021
3,44,0.7975915561589584
3,45,0.6291195318644678
3,46,0.3915826129654646
3,47,0.2684340691540656
3,48,0.3184269042438287
3,49,0.6037224401783691
3,50,0.4960877869051063
3,51,0.170989179960099
3,52,0.40067902611022715
3,53,0.40083080686912587
3,54,0.48774968723213175
3,55,0.7043908210073478
3,56,0.10325327927447231
3,57,0.22885079478897874
3,58,0.7295570519313346
3,59,0.7107151482016668
3,60,0.46960183653156495
3,61,0.2855942636407983
3,62,0.4259719867198375
3,63,0.3390632502438201
3,64,0.45168558234821615
3,65,0.3022857833883894
3,66,0.661771678591213
3,67,0.4884962550878156
3,68,0.8431820981174855
3,69,0.23887331842001455
3,70,0.5570883789126444
3,71,0.650940129426984
3,72,0.5480963281886868
3,73,0.4120133461254735
3,74,0.29616933945456264
3,75,0.07451918549809329
3,76,0.5271761341634339
3,77,0.7243304573803241
3,78,0.3036807955069652
3,79,0.2968763901764167
3,80,0.6435665262547657
3,81,0.7082198329190076
3,82,0.7070260038338293
3,83,0.5002608784322683
3,84,0.4708076841053694
3,85,0.17370339076026153
3,86,0.23934111776806782
3,87,0.5411538788072068
3,88,0.5790804142410224
3,89,0.07986351744296934
3,90,0.6285903292078985
3,91,0.6512763009949256
3,92,0.22118538030604806
3,93,0.44831741783275075
3,94,0.4457533924201713
3,95,0.7850175730492358
3,96,0.30045125917809534
3,97,0.6187737479502283
3,98,0.12929985659622914
3,99,0.31618753874181843
4,0,0.09286874408155081
4,1,0.9456555903860191
4,2,0.6418135641438426
4,3,0.5920053482824033
4,5,1.0161649354082292
4,6,0.24702592543346324
4,7,0.9279475553820532
4,8,0.484345198521207
4,9,0.4626846698693224
4,10,0.6432071589671107
4,11,0.3855622122065526
4,12,0.1284323313078071
4,13,0.7454384002272635
4,14,0.7974140105756125
4,15,0.11581453810683527
4,16,0.5638914833762757
4,17,0.6249109098282559
4,18,0.7368763672610099
4,19,0.27159825741279414
4,20,0.17332325953860683
4,21,0.6738374906979723
4,22,0.704590899465097
4,23,0.3471617868252025
4,24,0.6019733226657302
4,25,0.2250468083387982
4,26,0.4933346156959202
4,27,0.17778614006316829
4,28,0.4361406518919241
4,29,0.9943005385314639
4,30,0.9628911977489439
4,31,0.7761887796634651
4,32,0.6035626413789541
4,33,0.2968546191998383
4,34,0.9001448452960477
4,35,0.400441703068888
4,36,0.43407644174295096
4,37,0.5689585068422766
4,38,0.8380498234464646
4,39,0.7506486888393934
4,40,0.8230342587341454
4,41,1.0557903795314592
4,42,0.9800219729633655
4,43,0.6122632245429797
4,44,0.836376902431433
4,45,0.3927478067527225
4,46,0.22240937506294292
4,47,0.49531458651164434
4,48,0.34191604954989735
4,49,0.2482322684033873
4,50,1.0540201218430378
4,51,0.7357080048982637
4,52,0.46657029128798827
4,53,0.6595100732995092
4,54,0.20450303017741372
4,55,0.5026806385538163
4,56,0.6836400091634242
4,57,0.50494028771456
4,58,0.17429484813442983
4,59,0.13318046020327232
4,60,0.873626746794304
4,61,0.352740106459053
4,62,0.873923952134512
4,63,0.8693198967966522
4,64,1.0030937983843018
4,65,0.8271932634967314
4,66,0.9372519886014199
4,67,0.7184543170125681
4,68,0.8997753100954637
4,69,0.83060823515472
4,70,0.44790084218030524
4,71,0.7601419275795086
4,72,0.3302801567382856
4,73,0.9819568863083129
4,74,0.5540279006344919
4,75,0.6185917788276835
4,76,0.35556194399476576
4,77,0.9293946125908997
4,78,0.6427881054143725
4,79,0.888669885044475
4,80,0.46173494979991725
4,81,0.13406429058298241
4,82,0.8932011604164389
4,83,1.0838352969082898
4,84,0.687874429763521
4,85,0.7488156390887057
4,86,0.8029489935506579
4,87,0.1746078118467972
4,88,0.5800442219238392
4,89,0.6703920332464397
4,90,0.49012601991250626
4,91,0.8669100422371416
4,92,0.6728924971300397
4,93,0.7917621287716677
4,94,0.9303734394306418
4,95,0.23602233655200208
4,96,0.39723236572441495
4,97,0.9317771213064641
4,98,0.6597512447454846
4,99,0.7265370788644555
5,0,0.9520565018865872
5,1,0.10609831417056692
5,2,0.37522904458126655
5,3,0.429269917599406
5,4,1.0161649354082292
5,6,0.9221278690754801
5,7,0.21913133317901407
5,8,0.6680642502624009
5,9,0.9782980910094321
5,10,0.4124148121833206
5,11,0.9783493440041274
5,12,0.9580381129073146
5,13,0.9264883533368267
5,14,0.8087528680529006
5,15,0.936628768537434
5,16,1.0230838280977443
5,17,0.9118273546473499
5,18,0.39882028215606974
5,19,0.7870448163567727
5,20,0.9836352219025492
5,21,0.34429655430260286
5,22,0.6426168139585553
5,23,0.8931744283191957
5,24,1.0162856933355364
5,25,0.840857385971585
5,26,0.7334381092120766
5,27,0.8423638576992588
5,28,0.6254995387920741
5,29,0.043909959914324115
5,30,0.9356931573915743
5,31,0.7976026253369713
5,32,0.7050784106094621
5,33,0.7356778148147778
5,34,0.18709311883394708
5,35,1.0070892556868452
5,36,0.5941427628265461
5,37,0.6172560154862899
5,38,0.26180085270642056
5,39,0.6867015002659028
5,40,0.7796012110342363
5,41,0.06802263258293041
5,42,0.16499991999007585
5,43,0.6000042722087758
5,44,0.9449710667202982
5,45,0.9667120025103147
5,46,0.820852049891879
5,47,0.5862192015617538
5,48,0.7059086051967515
5,49,0.9851079364201029
5,50,0.1536968305613093
5,51,0.2845106170027704
5,52,0.7061934767672802
5,53,0.5750190547603858
5,54,0.8849442348464626
5,55,1.0083670683187624
5,56,0.358212588429691
5,57,0.5554487339992055
5,58,1.1408043218465316
5,59,1.1282964939883386
5,60,0.4382757989222189
5,61,0.7105091224562496
5,62,0.36833096123906256
5,63,0.22927808756508958
5,64,0.1601813171789907
5,65,0.255012350126836
5,66,0.6667954658274752
5,67,0.6252310620991488
5,68,0.9659356934294546
5,69,0.19607207635298143
5,70,0.8674585527524802
5,71,0.7991553972528906
5,72,0.9040670177875643
5,73,0.09570322404850799
5,74,0.5636666903754729
5,75,0.3982806076641036
5,76,0.8743775554868608
5,77,0.769267431298733
5,78,0.49510915486698204
5,79,0.15934893637404457
5,80,0.9556858344649775
5,81,1.125003019103555
5,82,0.7742647857671998
5,83,0.07422673963113041
5,84,0.629376636120793
5,85,0.2683934658683257
5,86,0.22484182840096936
5,87,0.9407861315806962
5,88,0.8255861623960734
5,89,0.3573650030618101
5,90,0.9265868321091888
5,91,0.7157458137455984
5,92,0.4824016453001463
5,93,0.5049412052932422
5,94,0.3107170102329254
5,95,1.1919193457857298
5,96,0.7120344553316238
5,97,0.6051610660384558
5,98,0.41551997645459005
5,99,0.4192634829212193
6,0,0.1602347007409388
6,1,0.834619974044806
6,2,0.5572708813322702
6,3,0.5403983960839375
6,4,0.24702592543346324
6,5,0.9221278690754801
6,7,0.7888477217019926
6,8,0.2887739345523496
6,9,0.22526943124383786
6,10,0.6201252462080624
6,11,0.15367082291483172
6,12,0.11865233990232299
6,13,0.4984144030768865
6,14,0.5555472283632789
6,15,0.1402183845045034
6,16,0.32898024472834875
6,17,0.37797757363253937
6,18,0.5777421409103853
6,19,0.36429183527438164
6,20,0.0879625174471725
6,21,0.5839255456114565
6,22,0.48498995559041497
6,23,0.10034111441412094
6,24,0.3636487096070407
6,25,0.10970925768769008
6,26,0.2704582177839279
6,27,0.1900725075554431
6,28,0.46747673800309836
6,29,0.9099688718516465
6,30,0.7169620298263214
6,31,0.5349715699263037
6,32,0.7046988855790527
6,33,0.3414157456393618
6,34,0.7738094423595346
6,35,0.17745408157385278
6,36,0.33717824771785776
6,37,0.6339755972975866
6,38,0.7015293659187828
6,39,0.5223003611932732
6,40,0.583966869577564
6,41,0.9481287822588419
6,42,0.8495733064513167
6,43,0.4118962180094061
6,44,0.5893699106237724
6,45,0.15659175046406118
6,46,0.3219398548824627
6,47,0.3414667961926657
6,48,0.22280605902359085
6,49,0.0637336286353322
6,50,0.9256586312006094
6,51,0.6393916162683043
6,52,0.25928097927593335
6,53,0.4594362935789956
6,54,0.07407265396833071
6,55,0.26921659326732245
6,56,0.6433214855654094
6,57,0.36776229220535667
6,58,0.2525759977989882
6,59,0.2688736838912873
6,60,0.6879739618837865
6,61,0.4146050923238986
6,62,0.7036979416926128
6,63,0.7363304437745316
6,64,0.8727681635892272
6,65,0.69584564502262
6,66,0.7128813412863018
6,67,0.501626549910426
6,68,0.6527847951769439
6,69,0.7597857552168189
6,70,0.20157438881750103
6,71,0.5186363338134256
6,72,0.08325551392360488
6,73,0.867851429340253
6,74,0.38343119201384396
6,75,0.5363198766037929
6,76,0.11058703720368118
6,77,0.6932903463287119
6,78,0.4725256767710466
6,79,0.8231930512406918
6,80,0.2201219656996391
6,81,0.2622229068806916
6,82,0.6558281552493774
6,83,0.9811847130077733
6,84,0.47186074962747676
6,85,0.6586010852302807
6,86,0.6976467173477157
6,87,0.07253168841143727
6,88,0.335931675167137
6,89,0.6185009598051534
6,90,0.24457189856283856
6,91,0.6351851702081434
6,92,0.6949074796491804
6,93,0.5962123879759381
6,94,0.7696384651687613
6,95,0.28695030297754387
6,96,0.47926961624968256
6,97,0.7158973868202079
6,98,0.6461071320690904
6,99,0.5627751080606798
7,0,0.8511467173277119
7,1,0.11931331934524621
7,2,0.3163889651499412
7,3,0.39924892176746707
7,4,0.9279475553820532
7,5,0.21913133317901407
7,6,0.7888477217019926
7,8,0.5100339288914933
7,9,0.8052895945821243
7,10,0.43281379383840124
7,11,0.8176793381695613
7,12,0.8473204202239666
7,13,0.7178963721596776
7,14,0.5943596354072215
7,15,0.8324145391702248
7,16,0.8367611016410709
7,17,0.7155183408154276
7,18,0.2166496479231383
7,19,0.7405893114976009
7,20,0.8616868686344449
7,21,0.28468706833734503
7,22,0.4379036163235559
7,23,0.7413942669580994
7,24,0.8249648325551288
7,25,0.7257543718884819
7,26,0.5635144390378727
7,27,0.7501832512452374
7,28,0.6047462995956704
7,29,0.24378239164502832
7,30,0.7166626375014732
7,31,0.5846092630004184
7,32,0.7600665679695832
7,33,0.6802981778445913
7,34,0.056099115358123806
7,35,0.8442465154436719
7,36,0.4941773541403782
7,37,0.6555298565032182
7,38,0.08990569821620753
7,39,0.47555657694931575
7,40,0.5633528231459564
7,41,0.1984908829530249
7,42,0.06774076625096472
7,43,0.4169091371889344
7,44,0.7302815365359037
7,45,0.8048378125522854
7,46,0.762948504729383
7,47,0.44848677637737494
7,48,0.5920459090458471
7,49,0.8487207834304642
7,50,0.1405699506902119
7,51,0.22937444243167956
7,52,0.5464571541233557
7,53,0.38313463182935054
7,54,0.7661333307721255
7,55,0.8299957646922246
7,56,0.3796601123227551
7,57,0.4282299339381523
7,58,1.0273440993916751
7,59,1.0242151330088507
7,60,0.2193304455305288
7,61,0.6771137857755332
7,62,0.15002863013390733
7,63,0.061140881374388334
7,64,0.08859539616245604
7,65,0.1022511281532846
7,66,0.4482087624489017
7,67,0.41901641747329516
7,68,0.7486489605203868
7,69,0.26033928991233035
7,70,0.6978858621011349
7,71,0.5874603528899979
7,72,0.755013133718681
7,73,0.1243701758932493
7,74,0.4075439034410226
7,75,0.33710432321831646
7,76,0.7220565934495936
7,77,0.5501444318824328
7,78,0.32350785205431515
7,79,0.2809622756290447
7,80,0.7826372813806887
7,81,1.0197452189393095
7,82,0.5554206688362335
7,83,0.23672268408576513
7,84,0.42780719524384997
7,85,0.23344599530421947
7,86,0.1667303465134214
7,87,0.8215203499342852
7,88,0.6352027002786018
7,89,0.35788921662289475
7,90,0.7490835676251392
7,91,0.4972094962667383
7,92,0.5452518737702801
7,93,0.29227196700339975
7,94,0.0942273952422902
7,95,1.0718885376512657
7,96,0.6991220380058174
7,97,0.3868552745965578
7,98,0.4515513712445389
7,99,0.23505885000106871
8,0,0.39355282138327924
8,1,0.5714779591535899
8,2,0.3426582817322165
8,3,0.36808616515635884
8,4,0.484345198521207
8,5,0.6680642502624009
8,6,0.2887739345523496
8,7,0.5100339288914933
8,9,0.31341253424711735
8,10,0.46417602761449556
8,11,0.3109113002707956
8,12,0.3735874660647747
8,13,0.3885081295670029
8,14,0.36715027020566715
8,15,0.37117150516619857
8,16,0.3756543781026342
8,17,0.3071072748238355
8,18,0.29443658672907763
8,19,0.4280223525563001
8,20,0.37096445864266286
8,21,0.3589516705574954
8,22,0.22676712274073624
8,23,0.2313673752470092
8,24,0.3816134979288217
8,25,0.25938539993249443
8,26,0.07809707323520343
8,27,0.32714959575502944
8,28,0.418336740671256
8,29,0.6638707498112167
8,30,0.5497795020754019
8,31,0.34475918563213553
8,32,0.6786441799972894
8,33,0.36949120880320235
8,34,0.5026244007046825
8,35,0.33919965618604786
8,36,0.19120119144630057
8,37,0.5779593309528375
8,38,0.4265155938804615
8,39,0.2826769873287704
8,40,0.3780355014730954
8,41,0.6837392144659109
8,42,0.5739456791191034
8,43,0.12815832940247918
8,44,0.46013897933661274
8,45,0.2989228418290444
8,46,0.41570766225630595
8,47,0.09992307822836712
8,48,0.1698979428490331
8,49,0.3440389059787756
8,50,0.6496324813930712
8,51,0.40086342341009135
8,52,0.03818407014813901
8,53,0.17580046125324805
8,54,0.28748340308462844
8,55,0.3482471755397868
8,56,0.4636544112709284
8,57,0.13965968436170026
8,58,0.5393076338497165
8,59,0.5480872976879545
8,60,0.39994099097654184
8,61,0.421977089812306
8,62,0.4154099306845637
8,63,0.46227576133992954
8,64,0.5967194836947225
8,65,0.42431605542214834
8,66,0.4586637381366335
8,67,0.23777274365723824
8,68,0.515223871061806
8,69,0.5345268238570089
8,70,0.20197117596048197
8,71,0.33202819766464586
8,72,0.24529327955485647
8,73,0.6015332806957104
8,74,0.10474830942060832
8,75,0.32843112382194745
8,76,0.21202534091537836
8,77,0.46958449170063443
8,78,0.1873833303313334
8,79,0.5981678377952293
8,80,0.29122332411132434
8,81,0.5422605260232782
8,82,0.43837633763594286
8,83,0.7192245256549992
8,84,0.20741397985352494
8,85,0.42400587052826627
8,86,0.4458944423111588
8,87,0.3370065209090686
8,88,0.21421140592384025
8,89,0.4299392348008584
8,90,0.26808180507239177
8,91,0.39984259520991156
8,92,0.5777375472805107
8,93,0.310887531850209
8,94,0.4828187316541888
8,95,0.5757018184978835
8,96,0.48353321777661656
8,97,0.44829517806617597
8,98,0.49625360261566137
8,99,0.27781730628732604
9,0,0.38284860434136603
9,1,0.8788854377511591
9,2,0.6521019092056217
9,3,0.6639113863662329
9,4,0.4626846698693224
9,5,0.9782980910094321
9,6,0.22526943124383786
9,7,0.8052895945821243
9,8,0.31341253424711735
9,10,0.7559076664927559
9,11,0.07773453448927549
9,12,0.33827626864174265
9,13,0.30383176033847964
9,14,0.4002422031324748
9,15,0.3643346820195071
9,16,0.1037509722081442
9,17,0.1865647083008959
9,18,0.5898219135601261
9,19,0.5763543126873168
9,20,0.2895798649477793
9,21,0.6707676154157569
9,22,0.4066691557941859
9,23,0.1439624892964714
9,24,0.1394464789403709
9,25,0.31509740332026737
9,26,0.24491210369496966
9,27,0.4073800757116143
9,28,0.6485579142071366
9,29,0.9760636047871707
9,30,0.532430798751473
9,31,0.3841613274833733
9,32,0.9018640000778274
9,33,0.5418867536517268
9,34,0.8059538562002198
9,35,0.07368774938340894
9,36,0.4610186147268335
9,37,0.8186014377005776
9,38,0.7281169899141444
9,39,0.4162513504374546
9,40,0.4380278489804616
9,41,0.9892959709477259
9,42,0.8718456240262537
9,43,0.38869567590417625
9,44,0.39443154861346286
9,45,0.07003175644117365
9,46,0.5388256786625922
9,47,0.4074900336502197
9,48,0.3668894844606018
9,49,0.21558717524999613
9,50,0.9458005756184328
9,51,0.7142522491621708
9,52,0.2755285737356847
9,53,0.4267001443045913
9,54,0.29432279425449753
9,55,0.04600695562922545
9,56,0.7648378483667805
9,57,0.4455554055012914
9,58,0.4054968285724522
9,59,0.44319562943457874
9,60,0.6499025233285983
9,61,0.6131591226179302
9,62,0.687090707205325
9,63,0.7639620687366427
9,64,0.8937363923319471
9,65,0.7288839598126208
9,66,0.6002115301904019
9,67,0.4272275686153382
9,68,0.4570227884833835
9,69,0.8474808787633296
9,70,0.11146813407258084
9,71,0.3679417847733355
9,72,0.1519946999429879
9,73,0.9068120360717564
9,74,0.4157542940990448
9,75,0.6357826925184554
9,76,0.15135686789759445
9,77,0.5506371537610177
9,78,0.4856638134357599
9,79,0.9112770476566114
9,80,0.022700712567603185
9,81,0.43559796683493485
9,82,0.5111832811465237
9,83,1.0258118125834168
9,84,0.4040888582326359
9,85,0.7372916710905845
9,86,0.7582064931620022
9,87,0.29431076313765897
9,88,0.1982007509048631
9,89,0.7335191872056415
9,90,0.06158311562996366
9,91,0.5090134343041873
9,92,0.8537348324979754
9,93,0.5512213000991855
9,94,0.7605501521188665
9,95,0.4081306672612114
9,96,0.6798683076633476
9,97,0.621647775785835
9,98,0.7861005622629422
9,99,0.5706401323082639
10,0,0.5976066531104046
10,1,0.38141208300393
10,2,0.16017516200973186
10,3,0.09668332555958271
10,4,0.6432071589671107
10,5,0.4124148121833206
10,6,0.6201252462080624
10,7,0.43281379383840124
10,8,0.46417602761449556
10,9,0.7559076664927559
10,11,0.725789927929953
10,12,0.616452286575881
10,13,0.8367964872098813
10,14,0.7719383523471116
10,15,0.5876575251122708
10,16,0.8338471901107682
10,17,0.7697767070501633
10,18,0.3846053384592152
10,19,0.38853795898373766
10,20,0.656856000998597
10,21,0.17509418993048623
10,22,0.5859799095681243
10,23,0.6309902914718373
10,24,0.844042341702103
10,25,0.5172251705411794
10,26,0.5422044115911638
10,27,0.4854532765595424
10,28,0.21911046387897787
10,29,0.37947075555065
10,30,0.945542258613513
10,31,0.752444845569926
10,32,0.3282726595703164
10,33,0.347469968531017
10,34,0.38096161710371135
10,35,0.7565751048146602
10,36,0.2954951903988841
10,37,0.22275487766688834
10,38,0.36677694004729755
10,39,0.6507866946680653
10,40,0.7631206452968013
10,41,0.46903880051793745
10,42,0.45080667436531185
10,43,0.4830262723234069
10,44,0.8928600526333131
10,45,0.7181896967366888
10,46,0.4293134766901339
10,47,0.3647539098052889
10,48,0.40178702389040005
10,49,0.6825339211319813
10,50,0.5067109327053688
10,51,0.2091441411690634
10,52,0.49615288345696107
10,53,0.49331845081546527
10,54,0.5622703561708137
10,55,0.7972085659996326
10,56,0.05588539747445841
10,57,0.32527659687780663
10,58,0.7920509838788959
10,59,0.7682194296894992
10,60,0.5387610387745235
10,61,0.30713481087856637
10,62,0.48735122542792103
10,63,0.37675725131538584
10,64,0.4689199331314687
10,65,0.3464470821170606
10,66,0.7433120191596664
10,67,0.5798728689339375
10,68,0.9374738474226492
10,69,0.21677456325493571
10,70,0.6505104309145116
10,71,0.7453532781912775
10,72,0.6347315361704386
10,73,0.41722165310836756
10,74,0.39243844712232256
10,75,0.15802669146037512
10,76,0.6158840200621963
10,77,0.8114369785669225
10,78,0.3942971455304069
10,79,0.26103689283231307
10,80,0.7359992206991363
10,81,0.7664933264017743
10,82,0.7960212615414705
10,83,0.4863644027176452
10,84,0.5636112194929866
10,85,0.19996790499713213
10,86,0.26608388938144584
10,87,0.6134033477893187
10,88,0.675682041790036
10,89,0.07636941190365606
10,90,0.7225331556824844
10,91,0.7391467512745388
10,92,0.1312441559217508
10,93,0.5293769829586173
10,94,0.4945424528520996
10,95,0.849825533050118
10,96,0.3005152393429016
10,97,0.6968599757833317
10,98,0.032781390714222716
10,99,0.3951499633709406
11,0,0.30761391242030944
11,1,0.8823859192826105
11,2,0.6356592510112368
11,3,0.6373909626965566
11,4,0.3855622122065526
11,5,0.9783493440041274
11,6,0.15367082291483172
11,7,0.8176793381695613
11,8,0.3109113002707956
11,9,0.07773453448927549
11,10,0.725789927929953
11,12,0.2624518347334129
11,13,0.3774404132538929
11,14,0.46361041389583163
11,15,0.2899951355601642
11,16,0.17861498688691885
11,17,0.2576511618857485
11,18,0.6010337127782834
11,19,0.5139222439940525
11,20,0.2122826654476842
11,21,0.6573806094771331
11,22,0.4447682958405271
11,23,0.09491368095154451
11,24,0.2164700335238669
11,25,0.2528030016361991
11,26,0.25537581279310134
11,27,0.34148284848911836
11,28,0.6001900198683323
11,29,0.9726339985890597
11,30,0.6048647429271328
11,31,0.4459128187918574
11,32,0.8476140806134641
11,33,0.48469004227850276
11,34,0.813008667340422
11,35,0.030789366313114123
11,36,0.43083963479408344
11,37,0.7696705140029313
11,38,0.7362874149242059
11,39,0.4639878443939305
11,40,0.4989968898311754
11,41,0.9946027574962597
11,42,0.8828115479937231
11,43,0.4070046286961535
11,44,0.4686973954522567
11,45,0.014241971979665279
11,46,0.4736688426387914
11,47,0.39542099756300114
11,48,0.32669592762554306
11,49,0.13794737792058248
11,50,0.9580096830873169
11,51,0.7055914522653264
11,52,0.2731053646366372
11,53,0.4495992267690393
11,54,0.2260193943127947
11,55,0.11759796197143899
11,56,0.7400453171180122
11,57,0.4307783864477217
11,58,0.3311742397558892
11,59,0.36693759750288074
11,60,0.6788716402225452
11,61,0.5572438469842451
11,62,0.7093690176273959
11,63,0.7721562697440247
11,64,0.9053080784571073
11,65,0.7348592217413163
11,66,0.6526722818805076
11,67,0.46450158624274324
11,68,0.5317307230837042
11,69,0.8355448479339506
11,70,0.12674726324612948
11,71,0.42940513324740137
11,72,0.09423930478352807
11,73,0.912341348736863
11,74,0.41565950157026893
11,75,0.6174840327923687
11,76,0.1102253342609535
11,77,0.6117612923064398
11,78,0.494345940996371
11,79,0.8996587174682047
11,80,0.08202450923368854
11,81,0.3593711834075888
11,82,0.572549910856544
11,83,1.0301357620456943
11,84,0.4384785949450027
11,85,0.7275408723877689
11,86,0.755007013371213
11,87,0.2195820931286091
11,88,0.2496698239537643
11,89,0.7108018811756901
11,90,0.12071856133591934
11,91,0.5647084781720115
11,92,0.8154729077012187
11,93,0.5810727550891102
11,94,0.7811027289983338
11,95,0.3386467937922482
11,96,0.6233503523084806
11,97,0.6685407365768009
11,98,0.7546428205807818
11,99,0.582953290070475
12,0,0.04604809638999236
12,1,0.8786637676849007
12,2,0.5839851049671771
12,3,0.5495087895522147
12,4,0.1284323313078071
12,5,0.9580381129073146
12,6,0.11865233990232299
12,7,0.8473204202239666
12,8,0.3735874660647747
12,9,0.33827626864174265
12,10,0.616452286575881
12,11,0.2624518347334129
12,13,0.6170514657106758
12,14,0.6706857183187308
12,15,0.03544336073078386
12,16,0.4409511418840034
12,17,0.4966228358767896
12,18,0.6452608662704883
12,19,0.2961721084848086
12,20,0.05863728401666006
12,21,0.6139687705461947
12,22,0.5865156939178724
12,23,0.21872954662513963
12,24,0.4776884209719264
12,25,0.12171510745908942
12,26,0.3725983256628417
12,27,0.13416463400251255
12,28,0.4328882391530754
12,29,0.9408280119986319
12,30,0.8347285695071373
12,31,0.6496906939250241
12,32,0.6439601745615349
12,33,0.29346957899499243
12,34,0.8253966919424472
12,35,0.28062617682682156
12,36,0.3640641850071478
12,37,0.5882911811112158
12,38,0.7579185419152311
12,39,0.6291849383430339
12,40,0.6974081621987667
12,41,0.9912148932968793
12,42,0.9038889222553209
12,43,0.5014081846014546
12,44,0.7079530415622891
12,45,0.268291672136642
12,46,0.24740467714987682
12,47,0.4018844057201879
12,48,0.2559705182431653
12,49,0.12968312237336382
12,50,0.9793508608269855
12,51,0.6736796365429809
12,52,0.35107624219082106
12,53,0.5492155046859103
12,54,0.08611643280825977
12,55,0.38004405006681685
12,56,0.648742761435282
12,57,0.4190925256375634
12,58,0.1827916965357314
12,59,0.17772023319975278
12,60,0.7710793175426734
12,61,0.36329594508537
12,62,0.7783867452025834
12,63,0.7911375884106985
12,64,0.9271697660445848
12,65,0.7494088346518409
12,66,0.8178803031960885
12,67,0.601580962794828
12,68,0.7713461805661943
12,69,0.7823594554818253
12,70,0.3195467715871383
12,71,0.6335222895087125
12,72,0.20190137881291978
12,73,0.913740970281124
12,74,0.4547876724749231
12,75,0.5614075012086738
12,76,0.22738667122336195
12,77,0.8050672746472525
12,78,0.5450900760926743
12,79,0.843712220624881
12,80,0.33570269962951965
12,81,0.17280458278530914
12,82,0.7683197605953326
12,83,1.0218954189972531
12,84,0.5711809848649055
12,85,0.689949179413721
12,86,0.7374022114819905
12,87,0.04617597223896366
12,88,0.4523665636918996
12,89,0.6293701996883602
12,90,0.36252734240310913
12,91,0.7443108342718462
12,92,0.6705262984756062
12,93,0.6843489505679748
12,94,0.8395811233542914
12,95,0.23567071823363414
12,96,0.4216761066162337
12,97,0.8160638505287974
12,98,0.638231717751242
12,99,0.6327171165489925
13,0,0.6570703870028854
13,1,0.8204181651038842
13,2,0.6929699401892173
13,3,0.74044551273256
13,4,0.7454384002272635
13,5,0.9264883533368267
13,6,0.4984144030768865
13,7,0.7178963721596776
13,8,0.3885081295670029
13,9,0.30383176033847964
13,10,0.8367964872098813
13,11,0.3774404132538929
13,12,0.6170514657106758
13,14,0.1434457079351353
13,15,0.635583080530353
13,16,0.23650607888673278
13,17,0.1211562603030379
13,18,0.5344249441900557
13,19,0.7902397084372118
13,20,0.5779976562113998
13,21,0.697926878042903
13,22,0.28453817414280025
13,23,0.3984818197543096
13,24,0.19713936631690285
13,25,0.553311119047199
13,26,0.31932729751239586
13,27,0.6460951824587549
13,28,0.8057783740908729
13,29,0.9379987670683888
13,30,0.22893666627987205
13,31,0.14238323256055452
13,32,1.066732906519252
13,33,0.7395142682609984
13,34,0.7396317451035129
13,35,0.37747231584365704
13,36,0.579706924469056
13,37,0.9664363377171573
13,38,0.6653234712870735
13,39,0.24290632388235955
13,40,0.18634756071472805
13,41,0.9162424670792432
13,42,0.7845210907587695
13,43,0.3585534921434723
13,44,0.09157256936702206
13,45,0.36600998273571883
13,46,0.7652225039107615
