siteNum=100
demandLowerBound=0
demandUpperBound=1000
fixedCostLowerBound=500
fixedCostUpperBound=1500
coordinateLowerBound=0
coordinateUpperBound=1
facilityFailProbility=0.05
Coordinate: index, x, y
0,0.06738405616002696,0.49650800576824416
1,0.27006452930083125,0.9571685662964703
2,0.10990340270118248,0.6011169228412768
3,0.056881699958027054,0.2842192084536542
4,0.20739567308446616,0.27526203630990154
5,0.4455648353125974,0.10724405133824011
6,0.3324518444721124,0.018897140481391572
7,0.12882419747196394,0.8341391898851483
8,0.661228431817932,0.060546389858244676
9,0.36339707252695486,0.5643072636695954
10,0.05930819623921191,0.3502679727977266
11,0.7563616023781828,0.517436348991837
12,0.9294516958358888,0.6891407319840162
13,0.9914313711634123,0.5863106212245589
14,0.9798554814638846,0.6166314813798237
15,0.7778541902765745,0.25228143743447207
16,0.623987041407833,0.1604227372289978
17,0.7828743723588961,0.6314488643001775
18,0.5381340181732782,0.939359526811404
19,0.04845893324574324,0.9333495875048156
20,0.4097972294562082,0.38372221208894
21,0.5796506014253902,0.31998161263687586
22,0.5185642767887529,0.9647368721784799
23,0.7371078467889682,0.5677681698034154
24,0.9668963717165641,0.24186750190216955
25,0.1887213985298437,0.5441536188751559
26,0.5228347141133055,0.21795531427290982
27,0.645905442423618,0.4536121233099003
28,0.4428580788950962,0.23862110317641538
29,0.8419065034888137,0.07498780033631192
30,0.160449647014426,0.5334515080754485
31,0.5471417330319142,0.6704981020960894
32,0.5901705813492191,0.8594408186624424
33,0.46380596244425265,0.042212747398616246
34,0.5882514649563685,0.614871639406401
35,0.34270409041612526,0.9216101781009177
36,0.06726526331961447,0.059405293552224125
37,0.7398299946557899,0.611040924066587
38,0.696313466957735,0.4684492431456566
39,0.742318212653272,0.17252575178715868
40,0.578666568405211,0.637618485805258
41,0.44043772291486283,0.7691827905824196
42,0.3552085684637415,0.4890316454920919
43,0.09828723161517994,0.3816942493618237
44,0.7245249641166589,0.9028046269810456
45,0.7059207804174215,0.552114550901463
46,0.98204951885168,0.7269497900997369
47,0.23279162171649437,0.8913960159357127
48,0.44970767108492293,0.7973708880773184
49,0.1782184565989392,0.1645230115248696
50,0.8686983498276919,0.35009590259219103
51,0.5750555955121661,0.10611465088630101
52,0.31799797823433196,0.39648501547019144
53,0.7723826495227454,0.9181815272538019
54,0.6130540311906636,0.9310995606468603
55,0.9825145872025034,0.5849034752809014
56,0.9108747951955334,0.5249266680837121
57,0.2124358793235629,0.48136172804882094
58,0.008515681300738653,0.7838576658786163
59,0.5390718098760796,0.07936208641340081
60,0.4909611687466888,0.7120511512315637
61,0.23132083771283185,0.2828271459802544
62,0.1691073881315467,0.9579763618002595
63,0.7964677057508919,0.8518830482351584
64,0.9870020310611302,0.16255913182291049
65,0.7872485800019465,0.5069911498217017
66,0.6738438009613588,0.7092405214565128
67,0.050167813879634204,0.4970856446148879
68,0.8704467259990258,0.9366060949661527
69,0.938263092905651,0.8953837679520475
70,0.32975530240343465,0.946362343909355
71,0.35022858036013826,0.21676738271703044
72,0.33842596575581907,0.019334463626974108
73,0.7460394924091533,0.7795037732807505
74,0.7629093044128621,0.1445850410078412
75,0.32953176230486936,0.4592736423173974
76,0.6047486044181177,0.4750632975862309
77,0.2127667643074007,0.19817907280597014
78,0.14937964057907405,0.6597642171317116
79,0.7159674798084987,0.7822882401958211
80,0.7121254513564768,0.6189649852416087
81,0.7362984095940163,0.7139425579541863
82,0.5688743695157434,0.9454874560484536
83,0.935909160708802,0.6090419433769311
84,0.3699687472233968,0.009880532650813345
85,0.3836376753065337,0.160630910997699
86,0.9238231132855173,0.9077299725463182
87,0.9796670630765362,0.35312389468586936
88,0.048822049140766044,0.6952460788630941
89,0.5440647108754716,0.8018338954341389
90,0.6975881156506728,0.9380190797156595
91,0.5901192511759806,0.7966272220036864
92,0.1582927072503253,0.13485577376319668
93,0.7967122221813829,0.19883270328723002
94,0.5576353249928588,0.06748164066925644
95,0.913113816817931,0.06645682747578929
96,0.7187774327001683,0.3904297629203406
97,0.6310659194836993,0.9025198036542773
98,0.3771292010220637,0.19175788388002524
99,0.495009742575381,0.4216186892610282
Demand:index, demand
0,899
1,216
2,526
3,195
4,860
5,502
6,544
7,703
8,927
9,576
10,425
11,596
12,175
13,320
14,317
15,576
16,496
17,849
18,844
19,667
20,827
21,98
22,512
23,417
24,534
25,887
26,709
27,846
28,281
29,178
30,614
31,284
32,467
33,191
34,851
35,634
36,130
37,668
38,342
39,921
40,821
41,453
42,948
43,160
44,385
45,870
46,805
47,189
48,964
49,294
50,613
51,263
52,667
53,312
54,516
55,778
56,226
57,63
58,475
59,0
60,446
61,156
62,957
63,390
64,434
65,564
66,944
67,109
68,324
69,482
70,743
71,458
72,201
73,481
74,186
75,260
76,184
77,781
78,320
79,998
80,733
81,157
82,110
83,446
84,209
85,726
86,0
87,747
88,200
89,319
90,305
91,653
92,214
93,759
94,537
95,977
96,397
97,30
98,569
99,747
Fixcost:index, fixedCost
0,1201
1,677
2,1046
3,1437
4,1134
5,1423
6,622
7,723
8,825
9,758
10,1147
11,1129
12,1428
13,804
14,1234
15,792
16,737
17,879
18,519
19,925
20,730
21,660
22,1065
23,1375
24,1452
25,1357
26,1310
27,985
28,825
29,1182
30,707
31,1242
32,1462
33,788
34,1183
35,931
36,1370
37,1094
38,1419
39,1329
40,1108
41,1359
42,799
43,719
44,1136
45,588
46,1241
47,637
48,998
49,1013
50,649
51,1406
52,1066
53,1484
54,507
55,796
56,927
57,544
58,564
59,1258
60,1403
61,1489
62,1494
63,1365
64,528
65,608
66,877
67,794
68,927
69,1169
70,1386
71,822
72,1349
73,662
74,878
75,1135
76,933
77,1215
78,1319
79,736
80,1044
81,1475
82,1159
83,806
84,1060
85,798
86,614
87,528
88,1151
89,1169
90,1320
91,578
92,1105
93,957
94,1189
95,526
96,746
97,724
98,565
99,1380
TransCost:start_index, end_index, transCost
0,1,0.5032767888734386
0,2,0.11291997326194998
0,3,0.21254842495551157
0,4,0.261826339155093
0,5,0.5427219619095301
0,6,0.5462353623125443
0,7,0.3431759132757042
0,8,0.7366910295689673
0,9,0.3036781935381944
0,10,0.14646285111480895
0,11,0.6892953320187767
0,12,0.8833277888675485
0,13,0.9284007486574751
0,14,0.920344365652911
0,15,0.7512752013421419
0,16,0.6502001160534092
0,17,0.7281039952339865
0,18,0.6463149359450993
0,19,0.4372513325439161
0,20,0.3605099395337544
0,21,0.5418289221424792
0,22,0.6502321607136948
0,23,0.6735042440198261
0,24,0.934860520102893
0,25,0.13035664579032266
0,26,0.5338791096956026
0,27,0.5801095164675608
0,28,0.45550674668687696
0,29,0.8817960676956728
0,30,0.10013004825625928
0,31,0.5103332069713699
0,32,0.6364165126665751
0,33,0.6029382303015346
0,34,0.5341468031489498
0,35,0.5064711030105639
0,36,0.43710272835838004
0,37,0.682129994629603
0,38,0.6295549999215818
0,39,0.7486658910995697
0,40,0.5303979401393102
0,41,0.4620828676251534
0,42,0.2879215966992576
0,43,0.11889997860960624
0,44,0.7726002312444679
0,45,0.6409533805878681
0,46,0.9432477535657415
0,47,0.4281310585759223
0,48,0.4865077804933483
0,49,0.34999757245361945
0,50,0.8145803221245551
0,51,0.6404196775585127
0,52,0.26983687021167096
0,53,0.8214813298946256
0,54,0.6975855081792832
0,55,0.9193898236746195
0,56,0.8439693402052383
0,57,0.14584046465854256
0,58,0.29331776748795846
0,59,0.6296825033618871
0,60,0.4752645766975226
0,61,0.26932281408307507
0,62,0.4725470134137754
0,63,0.8110822331361329
0,64,0.9783757305711147
0,65,0.7199408510394442
0,66,0.6426885289901757
0,67,0.01722593001536739
0,68,0.9157488628464635
0,69,0.9578789956464732
0,70,0.520775956049908
0,71,0.3978138271290587
0,72,0.5487789227703447
0,73,0.7352957266164986
0,74,0.7794903104483851
0,75,0.26477880893038325
0,76,0.5377922770304847
0,77,0.3318678714046803
0,78,0.18269063033712002
0,79,0.7087529892854447
0,80,0.6562676119553704
0,81,0.7033663318032171
0,82,0.6731085210896782
0,83,0.8757852158749749
0,84,0.5730303594562602
0,85,0.4613347747729034
0,86,0.9500480853782224
0,87,0.9234821536009834
0,88,0.19960303054321846
0,89,0.5660815714013441
0,90,0.769473316637224
0,91,0.6027633267395613
0,92,0.37290309700683677
0,93,0.7877373670578525
0,94,0.6514675191767058
0,95,0.9487902002093005
0,96,0.659974184802758
0,97,0.6946818142593746
0,98,0.43452812516163836
0,99,0.434133778240211
1,0,0.5032767888734386
1,2,0.3904156237662793
1,3,0.705909170465763
1,4,0.6847801845685888
1,5,0.867854848772078
1,6,0.9403432594512184
1,7,0.18731006058214622
1,8,0.9782333698628506
1,9,0.40379569924250214
1,10,0.6424535487603034
1,11,0.6556289089258102
1,12,0.711779709852252
1,13,0.8111138859381923
1,14,0.7872538993082608
1,15,0.8687440383848234
1,16,0.8718171027873592
1,17,0.6075090611717581
1,18,0.2686604041382273
1,19,0.222881995579742
1,20,0.5902253371777773
1,21,0.7084142502572254
1,22,0.24861497089975196
1,23,0.6080806929999283
1,24,0.998614154380021
1,25,0.42094898944772047
1,26,0.781235558776852
1,27,0.628351401088799
1,28,0.7390318447385419
1,29,1.0513068758803306
1,30,0.43766604602840653
1,31,0.3986875115579843
1,32,0.33469179436554075
1,33,0.9352432268942178
1,34,0.4673436767307828
1,35,0.08087586049055767
1,36,0.9203838526239909
1,37,0.5835100146148127
1,38,0.6484864945969411
1,39,0.9157990433501454
1,40,0.44423808085453614
1,41,0.25370391595924896
1,42,0.47581685975297267
1,43,0.6005648420042443
1,44,0.45770047488601356
1,45,0.5950121234269323
1,46,0.7482802351119825
1,47,0.07559959008320687
1,48,0.24043077247784006
1,49,0.7979490438429887
1,50,0.8525841132085411
1,51,0.9040532713306813
1,52,0.5627287620993128
1,53,0.5038288232292709
1,54,0.3439787660048142
1,55,0.8038447505538154
1,56,0.7729623894127109
1,57,0.4792840583844066
1,58,0.3137586143738891
1,59,0.9181008294992419
1,60,0.32996647176126076
1,61,0.6754534956545546
1,62,0.10096037285316846
1,63,0.5368289713588048
1,64,1.0702352707627838
1,65,0.68566686415745
1,66,0.4738206576763723
1,67,0.5099322114517694
1,68,0.6007342152228053
1,69,0.6710489413671743
1,70,0.06066104875343215
1,71,0.7447282643542371
1,72,0.94032233309865
1,73,0.5080521077441635
1,74,0.9503620141428867
1,75,0.5014336517678917
1,76,0.5868891890768525
1,77,0.7611491871520382
1,78,0.32095823601817197
1,79,0.4789703223880502
1,80,0.5565963717515772
1,81,0.5258639769630173
1,82,0.2990380727363786
1,83,0.7513595802012373
1,84,0.952541585153622
1,85,0.804593745813685
1,86,0.6556252440881561
1,87,0.9318828903043876
1,88,0.34285802375132474
1,89,0.3149681880362598
1,90,0.4279522400008429
1,91,0.35806221278140116
1,92,0.8298742488885654
1,93,0.9232719391069877
1,94,0.9350079080772254
1,95,1.0985808062446798
1,96,0.7228666135112827
1,97,0.3651143532816617
1,98,0.7728624435745234
1,99,0.5808734972158824
2,0,0.11291997326194998
2,1,0.3904156237662793
2,3,0.32130275807388076
2,4,0.3401266673768212
2,5,0.597142370418816
2,6,0.6233038455728162
2,7,0.23378916444742132
2,8,0.7721242055913959
2,9,0.25615228214886754
2,10,0.25590050928999925
2,11,0.6518517027433464
2,12,0.8242618490237238
2,13,0.8816523043403852
2,14,0.8700904095955734
2,15,0.7535545438132449
2,16,0.6771213722947607
2,17,0.6736541788445385
2,18,0.545700942978938
2,19,0.3378667877967525
2,20,0.37040082017844617
2,21,0.5474481649918693
2,22,0.5470129592304073
2,23,0.6280904027388483
2,24,0.9292454441033772
2,25,0.09724759362155727
2,26,0.5633161512199293
2,27,0.5559279202121467
2,28,0.49220121462049815
2,29,0.9014656915881776
2,30,0.08446023425024157
2,31,0.4427088270468463
2,32,0.5453327406627714
2,33,0.6615292125975524
2,34,0.47854577721580427
2,35,0.3961213032234844
2,36,0.5433870630010638
2,37,0.6300047595469945
2,38,0.6012299698927139
2,39,0.7639626193422542
2,40,0.47018216642028865
2,41,0.3708086740337974
2,42,0.26969933953986663
2,43,0.21972993666674093
2,44,0.6846715523416487
2,45,0.5980283831018974
2,46,0.8811769166284841
2,47,0.3152197110913013
2,48,0.39240611575595824
2,49,0.44190631358650245
2,50,0.7992379648087384
2,51,0.679259752758438
2,52,0.29185196569605304
2,53,0.7344444947309063
2,54,0.601705157201175
2,55,0.8727617975132684
2,56,0.8045869291222435
2,57,0.15765219770779612
2,58,0.2089824136539076
2,59,0.6755839185866682
2,60,0.39687708940192074
2,61,0.34066196673395693
2,62,0.3617371574292011
2,63,0.7309269401706255
2,64,0.9806298689790204
2,65,0.68385389547705
2,66,0.5742120560971834
2,67,0.11996185819365014
2,68,0.8312515450968873
2,69,0.87907494133725
2,70,0.4093033820666081
2,71,0.45329985661869376
2,72,0.6250547109449718
2,73,0.6606746499137549
2,74,0.7967672601209601
2,75,0.26145005751000006
2,76,0.5106479120707476
2,77,0.4158602916268959
2,78,0.07069567514764073
2,79,0.6325636029617291
2,80,0.6024864722282367
2,81,0.636474923778545
2,82,0.5737991046699952
2,83,0.826043774997568
2,84,0.6459059161417459
2,85,0.5186119730864699
2,86,0.8697567806732601
2,87,0.9044276460409767
2,88,0.1122106490764233
2,89,0.4783130194783054
2,90,0.6774041519957905
2,91,0.5184896702972444
2,92,0.4687653826109191
2,93,0.7959515989166648
2,94,0.6965848753869205
2,95,0.9648877587169561
2,96,0.6442954786142426
2,97,0.6020415811731469
2,98,0.48886035845373244
2,99,0.42488411228208006
3,0,0.21254842495551157
3,1,0.705909170465763
3,2,0.32130275807388076
3,4,0.15078026077414527
3,5,0.42707702577531
3,6,0.3825371933558773
3,7,0.5546059041573193
3,8,0.6444101970702845
3,9,0.4152119847688849
3,10,0.06609332156565752
3,11,0.7373346380921739
3,12,0.9619458601836389
3,13,0.9821620587357337
3,14,0.9810089298977683
3,15,0.7216795362304531
3,16,0.5804601920791624
3,17,0.8047569783972368
3,18,0.8129038261230213
3,19,0.6491850213969773
3,20,0.36667454055800663
3,21,0.5239907192826584
3,22,0.8223473064287096
3,23,0.7369583599600438
3,24,0.9109996541512081
3,25,0.29145772221830246
3,26,0.47064117443375697
3,27,0.6128971600453589
3,28,0.3886604588869907
3,29,0.8124295195900479
3,30,0.2698945327942841
3,31,0.6241524522928935
3,32,0.7843959025050168
3,33,0.4734495565446674
3,34,0.6258473114501281
3,35,0.6985425449284104
3,36,0.225053581889717
3,37,0.757120074378406
3,38,0.6654424771015036
3,39,0.6944772431101894
3,40,0.6301987767149988
3,41,0.6183080937021838
3,42,0.36186607306854535
3,43,0.10590468191662164
3,44,0.9101623196941855
3,45,0.7021535747034298
3,46,1.0256441200733897
3,47,0.6321455339691762
3,48,0.6462483190634823
3,49,0.17043998378124287
3,50,0.814485120696645
3,51,0.5479282977361313
3,52,0.2842275887487755
3,53,0.9559549312004587
3,54,0.8531013140784345
3,55,0.9732457399166896
3,56,0.8872678782841699
3,57,0.25112203358211316
3,58,0.501973963367377
3,59,0.5239024170142746
3,60,0.6094794143241978
3,61,0.17444469214788283
3,62,0.6830397548984547
3,63,0.9323248870217531
3,64,0.9380431784183202
3,65,0.7635856974341373
3,66,0.749189796100507
3,67,0.21297228906657836
3,68,1.0428310991193936
3,69,1.0725461661957303
3,70,0.7161658570070489
3,71,0.30100189540408945
3,72,0.38656319230562186
3,73,0.8486726477577062
3,74,0.7197031881064015
3,75,0.32400943090146717
3,76,0.5801548167166459
3,77,0.17805352630453644
3,78,0.38676856459921477
3,79,0.8261155037775796
3,80,0.7357982799817382
3,81,0.8039087152398278
3,82,0.836308668469922
3,83,0.9371227699063729
3,84,0.4162753994732383
3,85,0.349347298106076
3,86,1.0678731605774554
3,87,0.9253543549205995
3,88,0.41110588194511966
3,89,0.7108250490131112
3,90,0.9154009956144531
3,91,0.7395297548978064
3,92,0.180537054430854
3,93,0.7447416041002538
3,94,0.5456458249401541
3,95,0.8834896108679157
3,96,0.6703630679731521
3,97,0.8437909361789507
3,98,0.3333280043435747
3,99,0.45916750653094984
4,0,0.261826339155093
4,1,0.6847801845685888
4,2,0.3401266673768212
4,3,0.15078026077414527
4,5,0.2914697121664399
4,6,0.2852402598079365
4,7,0.5643732360488899
4,8,0.5020627268885643
4,9,0.3284563594869675
4,10,0.16599937140486212
4,11,0.6000099909570522
4,12,0.8322622631866168
4,13,0.8434827787450976
4,14,0.8445278287829918
4,15,0.5709212097668929
4,16,0.4321301109329554
4,17,0.6767900632783879
4,18,0.7418984632700619
4,19,0.677008206972619
4,20,0.22963013685429748
4,21,0.3749314233042765
4,22,0.7564399838898513
4,23,0.6051072839605172
4,24,0.7602345073403035
4,25,0.2695392581880948
4,26,0.3206023221934283
4,27,0.4733915623865547
4,28,0.23829624951102868
4,29,0.6653673898645919
4,30,0.2624228128313944
4,31,0.5211899202286617
4,32,0.6984135452208722
4,33,0.3464941666920601
4,34,0.5102801355311959
4,35,0.6603592114883369
4,36,0.257353191421477
4,37,0.6294710225659579
4,38,0.5257013468224188
4,39,0.5446988778180828
4,40,0.5187911662732398
4,41,0.546137627792012
4,42,0.25989632134816953
4,43,0.15242200620312807
4,44,0.813161980634676
4,45,0.5702408241059258
4,46,0.8967220347943065
4,47,0.6166571454677714
4,48,0.5755977392840106
4,49,0.11451830234588367
4,50,0.6655233563223089
4,51,0.40470317092306357
4,52,0.16409716810767974
4,53,0.8558947104524204
4,54,0.7711559905945404
4,55,0.8346778730453782
4,56,0.7464685550007517
4,57,0.20616131211701733
4,58,0.5460977618964326
4,59,0.38520883957466573
4,60,0.5207630183146754
4,61,0.025092715811941658
4,62,0.6837871328084423
4,63,0.8243164750649241
4,64,0.787710618233271
4,65,0.6244419714510043
4,66,0.6371115927135571
4,67,0.27189393687903096
4,68,0.9364895422219243
4,69,0.9584978598885497
4,70,0.682163837906376
4,71,0.15434657074185593
4,72,0.2875201906943502
4,73,0.7378325646107422
4,74,0.5706766787707692
4,75,0.22085627778152964
4,76,0.44475824449588075
4,77,0.07726986400579144
4,78,0.38885445488562254
4,79,0.7181370718891434
4,80,0.6106421752375647
4,81,0.6871526066001586
4,82,0.7614912745641764
4,83,0.8013369628391345
4,84,0.3112191300664869
4,85,0.2102416187094866
4,86,0.9556589179410103
4,87,0.776186555404075
4,88,0.4489233678591034
4,89,0.6249991710623919
4,90,0.8243394503073145
4,91,0.6467603838213086
4,92,0.14874481441732018
4,93,0.5942519987225866
4,94,0.4072351981122151
4,95,0.7359604022166306
4,96,0.524189764608456
4,97,0.7569338044887663
4,98,0.18916240107160626
4,99,0.3227105867990409
5,0,0.5427219619095301
5,1,0.867854848772078
5,2,0.597142370418816
5,3,0.42707702577531
5,4,0.2914697121664399
5,6,0.14352604416909004
5,7,0.7929067877769872
5,8,0.22066141131905243
5,9,0.4643902683173444
5,10,0.4563494468385102
5,11,0.5146380781410921
5,12,0.7568026431862269
5,13,0.7262747781276809
5,14,0.7382019022253528
5,15,0.36256317902953616
5,16,0.18617856015384426
5,17,0.6233525565158518
5,18,0.8372485999614594
5,19,0.9165933964094413
5,20,0.27878216406504175
5,21,0.2514682140178861
5,22,0.8605944783975681
5,23,0.5450502648644784
5,24,0.5384329524565331
5,25,0.5068121162952511
5,26,0.13500969561652115
5,27,0.40013397773617965
5,28,0.1314049324796991
5,29,0.39765208871751867
5,30,0.5127801349279252
5,31,0.5723399268314298
5,32,0.7659704945752075
5,33,0.06754116678827031
5,34,0.5272999549089655
5,35,0.8208364765646703
5,36,0.38131235610268804
5,37,0.583440890728561
5,38,0.4397090707053261
5,39,0.303849086515986
5,40,0.5468209140920512
5,41,0.6619585952261008
5,42,0.39233406939577387
5,43,0.44263375969869806
5,44,0.8430512338995125
5,45,0.515456088850503
5,46,0.8196651867231901
5,47,0.8125064578242371
5,48,0.6901392713617468
5,49,0.273413542991872
5,50,0.4878719020023256
5,51,0.12949568534296058
5,52,0.3161228216323639
5,53,0.8743165751199053
5,54,0.8407083507103086
5,55,0.7186609501954775
5,56,0.625277640010903
5,57,0.44080964842872916
5,58,0.8054923627222509
5,59,0.09757539782181614
5,60,0.6065084131078743
5,61,0.2770016491495942
5,62,0.8945245576091856
5,63,0.8231768097933051
5,64,0.5442554501969278
5,65,0.5258759588827794
5,66,0.6438253149671336
5,67,0.5552614450927909
5,68,0.9318615886728788
5,69,0.929470702033864
5,70,0.8470722264601181
5,71,0.14520455097781407
5,72,0.13858871881025933
5,73,0.736354638271203
5,74,0.3195338191460086
5,75,0.37065955667778155
5,76,0.40078731299416115
5,77,0.24992822968419776
5,78,0.6269004731117854
5,79,0.7271879035440333
5,80,0.5769860277516503
5,81,0.6727622827897448
5,82,0.84726456716044
5,83,0.701597236242228
5,84,0.12326566150224919
5,85,0.08176264385839889
5,86,0.9324744985799708
5,87,0.5879813662583679
5,88,0.7093315323265466
5,89,0.7015392198637698
5,90,0.8681606312243525
5,91,0.7043757059569472
5,92,0.2885960546797189
5,93,0.36289525826415775
5,94,0.11891528059666047
5,95,0.4693246719884653
5,96,0.39349621423277187
5,97,0.8166236430881078
5,98,0.10874752379548036
5,99,0.31823923677527477
6,0,0.5462353623125443
6,1,0.9403432594512184
6,2,0.6233038455728162
6,3,0.3825371933558773
6,4,0.2852402598079365
6,5,0.14352604416909004
6,7,0.8402879373993503
6,8,0.3314041405299859
6,9,0.546287295857718
6,10,0.4294346062906425
6,11,0.6544011195514603
6,12,0.8975718881954293
6,13,0.8696045507742968
6,14,0.8811457379341157
6,15,0.5028433948183085
6,16,0.32407138964603993
6,17,0.7603289209159985
6,18,0.9431628497914756
6,19,0.9575360314337819
6,20,0.37293382985697454
6,21,0.38956268406046324
6,22,0.9639764704180471
6,23,0.6819134014228472
6,24,0.6724846765708109
6,25,0.5445666251115491
6,26,0.27544471969168294
6,27,0.5359386852657072
6,28,0.24590273764614146
6,29,0.5125331323112524
6,30,0.5425411994866314
6,31,0.6860579869275039
6,32,0.8791658673240569
6,33,0.13340735299884138
6,34,0.6485515008145503
6,35,0.9027712538817175
6,36,0.26826261999868783
6,37,0.7187428035713928
6,38,0.5783531562356443
6,39,0.43771245124825087
6,40,0.6659112504236786
6,41,0.7580168248070583
6,42,0.47068494907792346
6,43,0.431804131669021
6,44,0.9669611035806678
6,45,0.6509991189634654
6,46,0.9608931747030479
6,47,0.8781722198229425
6,48,0.7872549171460921
6,49,0.21211985350741777
6,50,0.6302800445276667
6,51,0.2578051088321076
6,52,0.37786441693784456
6,53,1.0011251278062738
6,54,0.954385059893003
6,55,0.8619424229722848
6,56,0.7685304110632296
6,57,0.47778376557230406
6,58,0.8307221215461815
6,59,0.21528543794250787
6,60,0.7110468961334636
6,61,0.28264204982764934
6,62,0.9531795189417607
6,63,0.9535073371687574
6,64,0.6701303712860122
6,65,0.6671400397236644
6,66,0.7701444355520054
6,67,0.555291382440756
6,68,1.0637801547738475
6,69,1.065474578234266
6,70,0.9274691234261127
6,71,0.19866717167469575
6,72,0.005990106563835005
6,73,0.8657812612805111
6,74,0.4484317932053757
6,75,0.44038618308160066
6,76,0.5312561419549796
6,77,0.21556096509356287
6,78,0.6665028445345011
6,79,0.854312714215748
6,80,0.7100939839765965
6,81,0.8038533327110684
6,82,0.9562767503451467
6,83,0.8440566455541969
6,84,0.03858519416589444
6,85,0.15069323469545437
6,86,1.0675878328898911
6,87,0.7284195648245814
6,88,0.7334123991655428
6,89,0.8110301890086362
6,90,0.9889942546405133
6,91,0.8193024912583704
6,92,0.20923147399571945
6,93,0.49791013754793984
6,94,0.2303650441320081
6,95,0.5826064280073996
6,96,0.5359887588896954
6,97,0.9327161286628256
6,98,0.1785410395304669
6,99,0.43429220127377594
7,0,0.3431759132757042
7,1,0.18731006058214622
7,2,0.23378916444742132
7,3,0.5546059041573193
7,4,0.5643732360488899
7,5,0.7929067877769872
7,6,0.8402879373993503
7,8,0.9390953567146317
7,9,0.3575383925073782
7,10,0.48883926719634013
7,11,0.7029252335677855
7,12,0.8136516109061562
7,13,0.8975021646482558
7,14,0.8783870727601667
7,15,0.8716641415401377
7,16,0.8361101007608058
7,17,0.6847371753858323
7,18,0.4226178517590292
7,19,0.12767646098636481
7,20,0.5308684381176652
7,21,0.6838146391701417
7,22,0.41103902983323487
7,23,0.6640500872417646
7,24,1.0262313197468096
7,25,0.29610691665099526
7,26,0.7313869398536561
7,27,0.6420076808552339
7,28,0.6732451784297515
7,29,1.0415359846919536
7,30,0.3023462436526277
7,31,0.44918589266553854
7,32,0.46203967181985967
7,33,0.8598606126421446
7,34,0.5090694184501133
7,35,0.23107527428361774
7,36,0.7771757281986922
7,37,0.6504620822180891
7,38,0.6751097748720769
7,39,0.9022789192567482
7,40,0.4908956567529406
7,41,0.31831167595507354
7,42,0.4127336921385849
7,43,0.45347428867455447
7,44,0.5996451831146882
7,45,0.642322631581047
7,46,0.8599319836300291
7,47,0.11869106720148219
7,48,0.322983144538148
7,49,0.6714354914334865
7,50,0.8841445952430402
7,51,0.8538982316303257
7,52,0.47678915225785706
7,53,0.6490228005828336
7,54,0.49384192345475103
7,55,0.8893288047469113
7,56,0.8409610698710113
7,57,0.36255048051510624
7,58,0.13039313908232072
7,59,0.8590643627857453
7,60,0.38216315252299
7,61,0.5607588884852898
7,62,0.13022434717689732
7,63,0.6678792545484102
7,64,1.0897196742514441
7,65,0.7352200402786524
7,66,0.5591476062391606
7,67,0.3461096922350994
7,68,0.7486677777597699
7,69,0.8117525631517895
7,70,0.2301463561043766
7,71,0.6558718236424866
7,72,0.8413320647641912
7,73,0.6196287187114052
7,74,0.9367757720384092
7,75,0.4252148931239646
7,76,0.5961875020136802
7,77,0.6414761297525293
7,78,0.17558233784777852
7,79,0.5894283289566298
7,80,0.6217236453016926
7,81,0.6192512807583489
7,82,0.45391914510552894
7,83,0.837887169175295
7,84,0.8588090753482815
7,85,0.7200995141062678
7,86,0.7983976950351301
7,87,0.9773992511588341
7,88,0.16028611925862976
7,89,0.4164952773095693
7,90,0.5781724882188672
7,91,0.4628177549599102
7,92,0.6999040570905015
7,93,0.9217856288007751
7,94,0.8784320012701375
7,95,1.097472740694846
7,96,0.7381889157483082
7,97,0.5068753847532508
7,98,0.6887010360765132
7,99,0.5516022270421517
8,0,0.7366910295689673
8,1,0.9782333698628506
8,2,0.7721242055913959
8,3,0.6444101970702845
8,4,0.5020627268885643
8,5,0.22066141131905243
8,6,0.3314041405299859
8,7,0.9390953567146317
8,9,0.5852166577946041
8,10,0.6680168902206748
8,11,0.46668914161135294
8,12,0.6834285378245322
8,13,0.6208558674415553
8,14,0.6409007924621776
8,15,0.22441901881327217
8,16,0.10659364860910221
8,17,0.5837185710374629
8,18,0.8873921142042979
8,19,1.0664295008121685
8,20,0.409463382484378
8,21,0.27195877854879463
8,22,0.9153761464276253
8,23,0.5128660835608979
8,24,0.35540151259486685
8,25,0.6761204393184145
8,26,0.20959577902593748
8,27,0.39336429021692637
8,28,0.28177333897832235
8,29,0.18125429627819664
8,30,0.6887805471594736
8,31,0.6205295046182495
8,32,0.8020483317653739
8,33,0.1982719189886426
8,34,0.5591083258000542
8,35,0.9180896489386412
8,36,0.5939642646096989
8,37,0.5560777264679944
8,38,0.4094089610777628
8,39,0.1382567540987788
8,40,0.5829482526012577
8,41,0.7422358692283963
8,42,0.5265432281047026
8,43,0.6481039596773387
8,44,0.8446332867003598
8,45,0.49359564724048133
8,46,0.7396077756074082
8,47,0.9348097140075963
8,48,0.7665842245943106
8,49,0.4940746644124312
8,50,0.35620596177414304
8,51,0.0974793523270513
8,52,0.480272739644098
8,53,0.8648082382870004
8,54,0.8718850819035208
8,55,0.6149594675055766
8,56,0.5272308313750477
8,57,0.6152237837005816
8,58,0.9742756985093789
8,59,0.12359721162348432
8,60,0.6733865123136024
8,61,0.4839723897201243
8,62,1.0235055818992014
8,63,0.8028096711581484
8,64,0.34137228576294437
8,65,0.4638900747452458
8,66,0.6488167876285694
8,67,0.7509737676767544
8,68,0.9006957874520128
8,69,0.8796031214738398
8,70,0.9458035419553678
8,71,0.3480314730258667
8,72,0.32542257905602257
8,73,0.7239424253187154
8,74,0.13191472525351364
8,75,0.5186579821227885
8,76,0.4183470302219016
8,77,0.4691061954842586
8,78,0.7880680107801702
8,79,0.7238146599120676
8,80,0.5607333004805727
8,81,0.6576944990234918
8,82,0.8897471345576676
8,83,0.6134304158205638
8,84,0.29563361269766325
8,85,0.29508225882333944
8,86,0.8869475686370996
8,87,0.43244046782073026
8,88,0.881978045512803
8,89,0.7504895092058343
8,90,0.8782256817322206
8,91,0.7395076112005174
8,92,0.5083957391468551
8,93,0.19359483963429164
8,94,0.10382499451231703
8,95,0.2519547190457615
8,96,0.3348655361863469
8,97,0.842513505345557
8,98,0.31293582265734904
8,99,0.39749447549560374
9,0,0.3036781935381944
9,1,0.40379569924250214
9,2,0.25615228214886754
9,3,0.4152119847688849
9,4,0.3284563594869675
9,5,0.4643902683173444
9,6,0.546287295857718
9,7,0.3575383925073782
9,8,0.5852166577946041
9,10,0.37186403794784284
9,11,0.39574992654948954
9,12,0.579656132013478
9,13,0.6284196273251484
9,14,0.6186750307779022
9,15,0.5187820531697618
9,16,0.48065563824788615
9,17,0.424816665880157
9,18,0.41375983403612127
9,19,0.48515798288352563
9,20,0.18645089277728683
9,21,0.3262830251692365
9,22,0.42944235078646015
9,23,0.37372679950838505
9,24,0.6842359272144249
9,25,0.17583446898957408
9,26,0.3812873383755378
9,27,0.3034211481767915
9,28,0.33523950642760947
9,29,0.6844010613055874
9,30,0.20527965114801122
9,31,0.2122229828030049
9,32,0.3721962380066158
9,33,0.5316621381052554
9,34,0.2304696376715458
9,35,0.35790162359195293
9,36,0.5853375503526281
9,37,0.3793227911377788
9,38,0.34644203812406865
9,39,0.545044937126762
9,40,0.2274104024593049
9,41,0.2188818022129734
9,42,0.07571968232103564
9,43,0.3219172886671932
9,44,0.49496850309169066
9,45,0.3427406493424436
9,46,0.6396744803000556
9,47,0.35219999381091577
9,48,0.2485320350488019
9,49,0.44058888780804856
9,50,0.5488313839936547
9,51,0.5047175455256763
9,52,0.17385449304890802
9,53,0.540829175080121
9,54,0.4436949246172091
9,55,0.6194600075152276
9,56,0.5488922372625358
9,57,0.17224762330090074
9,58,0.41730466202619587
9,59,0.5157842943389475
9,60,0.19519440298400229
9,61,0.3109263392784224
9,62,0.4390032349373723
9,63,0.5198557542525435
9,64,0.7418117724535731
9,65,0.4277092906349447
9,66,0.3426117633829195
9,67,0.3203612250898762
9,68,0.6290514850717147
9,69,0.6633872120217031
9,70,0.38353337929579606
9,71,0.3477892724603082
9,72,0.5455445985065477
9,73,0.43900428157607835
9,74,0.5794624816349908
9,75,0.11035814809426163
9,76,0.2573228466897172
9,77,0.39590319763723697
9,78,0.23434054523670123
9,79,0.414513688818597
9,80,0.3529857627844362
9,81,0.4018035944115461
9,82,0.43303493928296616
9,83,0.5742571572761258
9,84,0.5544656770048879
9,85,0.40418347282807837
9,86,0.6572796240052966
9,87,0.6514500108122631
9,88,0.34073804991914014
9,89,0.2984287123315038
9,90,0.5013423727918537
9,91,0.3246159412778654
9,92,0.4759163611795194
9,93,0.56686301097066
9,94,0.5334455908437927
9,95,0.7416492134238621
9,96,0.3956369366776186
9,97,0.4313169760559433
9,98,0.3728023762459134
9,99,0.19411832521435246
10,0,0.14646285111480895
10,1,0.6424535487603034
10,2,0.25590050928999925
10,3,0.06609332156565752
10,4,0.16599937140486212
10,5,0.4563494468385102
10,6,0.4294346062906425
10,7,0.48883926719634013
10,8,0.6680168902206748
10,9,0.37186403794784284
10,11,0.7168184686580814
10,12,0.9338010798927581
10,13,0.961545498199188
10,14,0.9583093566477788
10,15,0.7251963228392956
10,16,0.5957377037330386
10,17,0.7762800428779391
10,18,0.7591462485984394
10,19,0.5831825408197056
10,20,0.35208201960898045
10,21,0.521223063809277
10,22,0.7671298298384185
10,23,0.7118417675178138
10,24,0.9140388166575244
10,25,0.23310817377770812
10,26,0.48204094471153297
10,27,0.595631045762569
10,28,0.3994690676154797
10,29,0.8296018827487847
10,30,0.20925056908347808
10,31,0.583548537253006
10,32,0.7355758688882196
10,33,0.5084451442983445
10,34,0.591435610953504
10,35,0.6377657472748487
10,36,0.29097149876644973
10,37,0.7287746223858272
10,38,0.6478753951063657
10,39,0.7057584428483333
10,40,0.5935515445726748
10,41,0.566347367490649
10,42,0.3268216442377158
10,43,0.050069711977642616
10,44,0.8647601415892235
10,45,0.6773845843461526
10,46,0.9966648082191686
10,47,0.5682570351396259
10,48,0.5935594046187094
10,49,0.22054668589002482
10,50,0.8093901718788898
10,51,0.5706191588592169
10,52,0.2627858792668875
10,53,0.9115925522186673
10,54,0.8024959708119576
10,55,0.952556486168142
10,56,0.869293582339729
10,57,0.20157792536043043
10,58,0.43655458022995836
10,59,0.5509656289167074
10,60,0.5632151958818497
10,61,0.18476096435274525
10,62,0.6175478512668177
10,63,0.8916399645426404
10,64,0.9464937718478159
10,65,0.744620276737832
10,66,0.7116988830690965
10,67,0.14710192163085758
10,68,1.000868676684863
10,69,1.034269278525007
10,70,0.6545763030415707
10,71,0.3200891710898096
10,72,0.4329246086237122
10,73,0.8098414940934738
10,74,0.7330484212198204
10,75,0.2913812136097185
10,76,0.5595347281120625
10,77,0.21605685736454058
10,78,0.3223364551866739
10,79,0.7860298506675495
10,80,0.7059521606136692
10,81,0.7684887460899519
10,82,0.7835457345866613
10,83,0.9139984785317439
10,84,0.4608400886940781
10,85,0.3757017782766377
10,86,1.0286641448788225
10,87,0.9203632978644437
10,88,0.3451374406601205
10,89,0.662495781849793
10,90,0.867670801172401
10,91,0.6935394404032069
10,92,0.2370661277217839
10,93,0.7527930248929242
10,94,0.5729729809428428
10,95,0.89974040919632
10,96,0.6606910346177324
10,97,0.7949144474559083
10,98,0.35515579591199
10,99,0.44150511007184884
11,0,0.6892953320187767
11,1,0.6556289089258102
11,2,0.6518517027433464
11,3,0.7373346380921739
11,4,0.6000099909570522
11,5,0.5146380781410921
11,6,0.6544011195514603
11,7,0.7029252335677855
11,8,0.46668914161135294
11,9,0.39574992654948954
11,10,0.7168184686580814
11,12,0.24380848137815536
11,13,0.24495195768217146
11,14,0.2445182780044152
11,15,0.2660245448404416
11,16,0.3807646824168966
11,17,0.11705460528738201
11,18,0.475018364370548
11,19,0.8210420275084498
11,20,0.37146511947488176
11,21,0.26498141588938856
11,22,0.5065820033326587
11,23,0.05388876775820772
11,24,0.3467896748559477
11,25,0.5682686103727727
11,26,0.3797679524380589
11,27,0.1275699614164996
11,28,0.41955023600925817
11,29,0.45064248391980105
11,30,0.5961271205589707
11,31,0.2592312751051016
11,32,0.38024533231233953
11,33,0.558055798257113
11,34,0.19430556894271386
11,35,0.5783329675362942
11,36,0.8274335092628574
11,37,0.09505319841442265
11,38,0.07749525860759046
11,39,0.3451963743422772
11,40,0.21452102719243038
11,41,0.4039606026194571
11,42,0.40215741171793584
11,43,0.6719284151359329
11,44,0.3866811104982542
11,45,0.06121155289454775
11,46,0.3079462901985047
11,47,0.6434060593053622
11,48,0.41521076545606606
11,49,0.6773457911389081
11,50,0.20154991895003968
11,51,0.44950796150693684
11,52,0.4547437652713841
11,53,0.40106529624466675
11,54,0.4377834083612746
11,55,0.23600208828451905
11,56,0.15469463996761446
11,57,0.5451206934951869
11,58,0.793885281236437
11,59,0.4890029789881118
11,60,0.3291083581779609
11,61,0.5750732846325818
11,62,0.7341273833849812
11,63,0.3368428330282464
11,64,0.42324088485000494
11,65,0.03260533042977289
11,66,0.20880140834181538
11,67,0.7064869553520227
11,68,0.4344176462481184
11,69,0.4194429684173994
11,70,0.6049549109595916
11,71,0.5053175821740921
11,72,0.6502120304661946
11,73,0.26227062517109717
11,74,0.3729087961785179
11,75,0.43077443381044245
11,76,0.15742292284118234
11,77,0.6304130046047739
11,78,0.6234455260876737
11,79,0.2679145561788342
11,80,0.1107470136660743
11,81,0.1975277749215262
11,82,0.46731061697634224
11,83,0.20156614454102523
11,84,0.6378968139254737
11,85,0.5159779514610102
11,86,0.42470280223075324
11,87,0.2772434154632974
11,88,0.729539936831626
11,89,0.35489707601516696
11,90,0.4246694669095203
11,91,0.32493701375244244
11,92,0.7099678160745976
11,93,0.32114865027704714
11,94,0.4918855282127004
11,95,0.477445060251552
11,96,0.13245090681426916
11,97,0.4049546582109591
11,98,0.49988366334169615
11,99,0.2783627463197481
12,0,0.8833277888675485
12,1,0.711779709852252
12,2,0.8242618490237238
12,3,0.9619458601836389
12,4,0.8322622631866168
12,5,0.7568026431862269
12,6,0.8975718881954293
12,7,0.8136516109061562
12,8,0.6834285378245322
12,9,0.579656132013478
12,10,0.9338010798927581
12,11,0.24380848137815536
12,13,0.12006461523907645
12,14,0.08830703838774423
12,15,0.462415232151939
12,16,0.6106155689815149
12,17,0.15752226304408054
12,18,0.46447709323079567
12,19,0.9142134394390597
12,20,0.602761343089659
12,21,0.5085658866341104
12,22,0.49475418504677976
12,23,0.22743670573693328
12,24,0.44883788398447083
12,25,0.7547864839242575
12,26,0.6223769498372939
12,27,0.36860846887734483
12,28,0.6631299148646976
12,29,0.6203611723460424
12,30,0.7846039035926725
12,31,0.38276422940018145
12,32,0.37962322659446984
12,33,0.7970832869064325
12,34,0.349189770274761
12,35,0.6311218549881833
12,36,1.0676760589392371
12,37,0.20507552158942338
12,38,0.32102673877752647
12,39,0.5494633548216461
12,40,0.3545486531886159
12,41,0.4955213384473732
12,42,0.6081108581753631
12,43,0.886204099663309
12,44,0.2960527409067966
12,45,0.26218742237164366
12,46,0.06477697014833624
12,47,0.7254257086417751
12,48,0.4918008702434716
12,49,0.9162833253716839
12,50,0.3444450106889683
12,51,0.682287334753344
12,52,0.6778812707082152
12,53,0.2777235517696263
12,54,0.3983108797922145
12,55,0.11696613238530283
12,56,0.16526148982765093
12,57,0.7465144309423223
12,58,0.9257939513921445
12,59,0.724034841672642
12,60,0.4390886353084794
12,61,0.8077607475204971
12,62,0.8064713647223263
12,63,0.21016613218526278
12,64,0.5297171157445908
12,65,0.2310848251936664
12,66,0.2563969529051145
12,67,0.9000140563638016
12,68,0.25440261858190394
12,69,0.20643117643328904
12,70,0.652532544734255
12,71,0.7474195599522028
12,72,0.8932815069993699
12,73,0.20446397139409553
12,74,0.569453482486006
12,75,0.642450624997489
12,76,0.3889231871393058
12,77,0.8687235704542922
12,78,0.7806250002513747
12,79,0.23292052030445415
12,80,0.22837541892765012
12,81,0.1947391140923912
12,82,0.44241343921128057
12,83,0.08035866343405303
12,84,0.8800088568794696
12,85,0.7597602094644127
12,86,0.21866169539068858
12,87,0.3397482863164468
12,88,0.8806508104231158
12,89,0.4015256869308325
12,90,0.3401487201003979
12,91,0.3559492288734706
12,92,0.9496936351193288
12,93,0.5079583948224536
12,94,0.7243669232103123
12,95,0.6228982029388237
12,96,0.36552959960410725
12,97,0.36683061452959637
12,98,0.7432696925513683
12,99,0.5102037378297865
13,0,0.9284007486574751
13,1,0.8111138859381923
13,2,0.8816523043403852
13,3,0.9821620587357337
13,4,0.8434827787450976
13,5,0.7262747781276809
13,6,0.8696045507742968
13,7,0.8975021646482558
13,8,0.6208558674415553
13,9,0.6284196273251484
13,10,0.961545498199188
13,11,0.24495195768217146
13,12,0.12006461523907645
13,14,0.03245544303950813
13,15,0.39647283364568703
13,16,0.5624907334381104
13,17,0.21338576039253554
13,18,0.5745624595846228
13,19,1.0048049874424696
13,20,0.6159061116075866
13,21,0.49040242978734944
13,22,0.6056481786923601
13,23,0.2549985834371319
13,24,0.3453158389741116
13,25,0.80381621843085
13,26,0.5960440077359884
13,27,0.3701311372747557
13,28,0.6494772189620277
13,29,0.5327370019195405
13,30,0.8326612226545274
13,31,0.452195548945931
13,32,0.48539708094998607
13,33,0.7579123090621841
13,34,0.40419026278314046
13,35,0.7302553509747477
13,36,1.0638196366004176
13,37,0.2528138456239863
13,38,0.31778275885486496
13,39,0.4829858009488733
13,40,0.4159414374210006
13,41,0.5805482156857399
13,42,0.6436168532555546
13,43,0.9162828786153441
13,44,0.4140138715096322
13,45,0.28755115832433503
13,46,0.14095174697285592
13,47,0.8176865949169908
13,48,0.581387137345407
13,49,0.9160895328026745
13,50,0.2661968967226386
