siteNum=10
demandLowerBound=0
demandUpperBound=1000
fixedCostLowerBound=500
fixedCostUpperBound=1500
coordinateLowerBound=0
coordinateUpperBound=1
facilityFailProbility=0.05
Coordinate: index, x, y
0,0.8209970204996758,0.7706547377428069
1,0.9606276494395253,0.11278364644283412
2,0.29214150930219274,0.08766932057353338
3,0.8505660325250776,0.3830480157462105
4,0.0013287525838069358,0.02861914915437802
5,0.2282152935273568,0.8717411954516315
6,0.29675308321885774,0.6010660404173878
7,0.9025960649922202,0.9022245792953523
8,0.1181247136895015,0.611545866904262
9,0.006141658490274038,0.5168709628572937
Demand:index, demand
0,32
1,173
2,840
3,274
4,427
5,425
6,776
7,779
8,46
9,960
Fixcost:index, fixedCost
0,1252
1,723
2,1416
3,1069
4,1344
5,1087
6,764
7,911
8,619
9,1326
TransCost:start_index, end_index, transCost
0,1,0.6725258993573073
0,2,0.863803931335021
0,3,0.38873293841544365
0,4,1.1056549571000787
0,5,0.6013390456010677
0,6,0.5509918620417429
0,7,0.15481933751394925
0,8,0.7206560292262686
0,9,0.8534608751375861
1,0,0.6725258993573073
1,2,0.668957733283336
1,3,0.29181567612582854
1,4,0.9629839230809706
1,5,1.0547248078481202
1,6,0.8241050515196474
1,7,0.7915710020310994
1,8,0.9790684089005337
1,9,1.0364989465529686
2,0,0.863803931335021
2,1,0.668957733283336
2,3,0.6317329512528371
2,4,0.29674733733393244
2,5,0.7866735447681884
2,6,0.5134174311030139
2,7,1.017917007458898
2,8,0.5520221743288228
2,9,0.5157615383135086
3,0,0.38873293841544365
3,1,0.29181567612582854
3,2,0.6317329512528371
3,4,0.9202302859152263
3,5,0.7912910123472932
3,6,0.5951811840950415
3,7,0.5217771827295901
3,8,0.7672558592291395
3,9,0.8549626334744493
4,0,1.1056549571000787
4,1,0.9629839230809706
4,2,0.29674733733393244
4,3,0.9202302859152263
4,5,0.8731164225999859
4,6,0.6441824108494828
4,7,1.2551769660042686
4,8,0.5945122831340458
4,9,0.48827553455753975
5,0,0.6013390456010677
5,1,1.0547248078481202
5,2,0.7866735447681884
5,3,0.7912910123472932
5,4,0.8731164225999859
5,6,0.279217600033752
5,7,0.6750693754067858
5,8,0.28252706908703235
5,9,0.4186282137650816
6,0,0.5509918620417429
6,1,0.8241050515196474
6,2,0.5134174311030139
6,3,0.5951811840950415
6,4,0.6441824108494828
6,5,0.279217600033752
6,7,0.676566466877534
6,8,0.17893552236465302
6,9,0.3025620783709147
7,0,0.15481933751394925
7,1,0.7915710020310994
7,2,1.017917007458898
7,3,0.5217771827295901
7,4,1.2551769660042686
7,5,0.6750693754067858
7,6,0.676566466877534
7,8,0.8365939366574776
7,9,0.9757704200469733
8,0,0.7206560292262686
8,1,0.9790684089005337
8,2,0.5520221743288228
8,3,0.7672558592291395
8,4,0.5945122831340458
8,5,0.28252706908703235
8,6,0.17893552236465302
8,7,0.8365939366574776
8,9,0.14664086097693196
9,0,0.8534608751375861
9,1,1.0364989465529686
9,2,0.5157615383135086
9,3,0.8549626334744493
9,4,0.48827553455753975
9,5,0.4186282137650816
9,6,0.3025620783709147
9,7,0.9757704200469733
9,8,0.14664086097693196
