siteNum=10
demandLowerBound=0
demandUpperBound=1000
fixedCostLowerBound=500
fixedCostUpperBound=1500
coordinateLowerBound=0
coordinateUpperBound=1
facilityFailProbility=0.05
Coordinate: index, x, y
0,0.2557361571912494,0.7505822011022659
1,0.692802872379737,0.6561862965779459
2,0.8893419406506952,0.9952960049821975
3,0.9644882144169072,0.9144107112106226
4,0.15345441920350267,0.7844601421045795
5,0.21175590637742414,0.31024522827330725
6,0.6250260765339616,0.5444520400669767
7,0.019061056780778074,0.4750344763689086
8,0.515895631100479,0.2967792990934838
9,0.02199523623259647,0.9802048253263461
Demand:index, demand
0,91
1,415
2,956
3,367
4,624
5,73
6,116
7,520
8,337
9,16
Fixcost:index, fixedCost
0,1474
1,1176
2,1294
3,534
4,881
5,733
6,1170
7,1382
8,629
9,622
TransCost:start_index, end_index, transCost
0,1,0.44714416055296874
0,2,0.6792209762975844
0,3,0.7274402101519588
0,4,0.10774631693171845
0,5,0.4425278659043045
0,6,0.42292397403857485
0,7,0.3632377344935913
0,8,0.5230870154537574
0,9,0.3276604457149999
1,0,0.44714416055296874
1,2,0.391947700198423
1,3,0.37482365639089893
1,4,0.5543924001912249
1,5,0.5925212285140381
1,6,0.13068373323860547
1,7,0.6976704207945389
1,8,0.4005865223117645
1,9,0.7449636848099325
2,0,0.6792209762975844
2,1,0.391947700198423
2,3,0.1104055850465024
2,4,0.765494745440517
2,5,0.963544187109046
2,6,0.5226118604894577
2,7,1.013933368118655
2,8,0.7920781113768361
2,9,0.8674779820654481
3,0,0.7274402101519588
3,1,0.37482365639089893
3,2,0.1104055850465024
3,4,0.8213786991328927
3,5,0.9652056041794032
3,6,0.5020995532864297
3,7,1.042537282853525
3,8,0.7633504221786463
3,9,0.9447866845902331
4,0,0.10774631693171845
4,1,0.5543924001912249
4,2,0.765494745440517
4,3,0.8213786991328927
4,5,0.4777853575683247
4,6,0.5291348760392648
4,7,0.33735117975078865
4,8,0.6076152044850112
4,9,0.23579121653905594
5,0,0.4425278659043045
5,1,0.5925212285140381
5,2,0.963544187109046
5,3,0.9652056041794032
5,4,0.4777853575683247
5,6,0.47502111977444617
5,7,0.2535484201271775
5,8,0.30443768394088727
5,9,0.6963152831995606
6,0,0.42292397403857485
6,1,0.13068373323860547
6,2,0.5226118604894577
6,3,0.5020995532864297
6,4,0.5291348760392648
6,5,0.47502111977444617
6,7,0.6099281952117408
6,8,0.27064966421895525
6,9,0.7439937393660437
7,0,0.3632377344935913
7,1,0.6976704207945389
7,2,1.013933368118655
7,3,1.042537282853525
7,4,0.33735117975078865
7,5,0.2535484201271775
7,6,0.6099281952117408
7,8,0.5278442028334985
7,9,0.5051788701785088
8,0,0.5230870154537574
8,1,0.4005865223117645
8,2,0.7920781113768361
8,3,0.7633504221786463
8,4,0.6076152044850112
8,5,0.30443768394088727
8,6,0.27064966421895525
8,7,0.5278442028334985
8,9,0.8432129327502722
9,0,0.3276604457149999
9,1,0.7449636848099325
9,2,0.8674779820654481
9,3,0.9447866845902331
9,4,0.23579121653905594
9,5,0.6963152831995606
9,6,0.7439937393660437
9,7,0.5051788701785088
9,8,0.8432129327502722
