siteNum=10
demandLowerBound=0
demandUpperBound=1000
fixedCostLowerBound=500
fixedCostUpperBound=1500
coordinateLowerBound=0
coordinateUpperBound=1
facilityFailProbility=0.05
Coordinate: index, x, y
0,0.5885319251868593,0.2781576654242105
1,0.11977162693178312,0.05781816109924498
2,0.8384688037749304,0.4706926529943791
3,0.5633394749978579,0.7317950605592569
4,0.004817579212440193,0.18622835817655115
5,0.06149042819623818,0.5406033085541337
6,0.5178448658956967,0.0488915808925553
7,0.1794546333759175,0.1241927300587139
8,0.5075795757451576,0.05104360754927317
9,0.6844673004835833,0.2606276267868618
Demand:index, demand
0,911
1,316
2,127
3,79
4,621
5,27
6,208
7,103
8,404
9,924
Fixcost:index, fixedCost
0,745
1,1404
2,1478
3,1006
4,1271
5,1089
6,918
7,1342
8,1426
9,1072
TransCost:start_index, end_index, transCost
0,1,0.5179630434561519
0,2,0.3154966952552644
0,3,0.45433637958173184
0,4,0.590908990646934
0,5,0.5887702906465253
0,6,0.23991581412593127
0,7,0.43709201776911455
0,8,0.24111009552598947
0,9,0.09752383548625548
1,0,0.5179630434561519
1,2,0.8288491889722612
1,3,0.8068440350177347
1,4,0.17234735797363876
1,5,0.4862902391875564
1,6,0.39817331328632194
1,7,0.0892616640152192
1,8,0.3878671160831223
1,9,0.6000107358211334
2,0,0.3154966952552644
2,1,0.8288491889722612
2,3,0.37930280092493124
2,4,0.8808486244757061
2,5,0.780117232137387
2,6,0.529826248847143
2,7,0.7445548155650604
2,8,0.5344090217886741
2,9,0.26046838244124704
3,0,0.45433637958173184
3,1,0.8068440350177347
3,2,0.37930280092493124
3,4,0.7807622780465747
3,5,0.5370351495111682
3,6,0.6844172134000194
3,7,0.718712852018658
3,8,0.6830312636621222
3,9,0.48648813012710257
4,0,0.590908990646934
4,1,0.17234735797363876
4,2,0.8808486244757061
4,3,0.7807622780465747
4,5,0.35887799774722123
4,6,0.5310916938498832
4,7,0.18532814099016884
4,8,0.5206193830042476
4,9,0.6837097299246894
5,0,0.5887702906465253
5,1,0.4862902391875564
5,2,0.780117232137387
5,3,0.5370351495111682
5,4,0.35887799774722123
5,6,0.6708500547275249
5,7,0.43279709285826273
5,8,0.662317317008162
5,9,0.6829982179961905
6,0,0.23991581412593127
6,1,0.39817331328632194
6,2,0.529826248847143
6,3,0.6844172134000194
6,4,0.5310916938498832
6,5,0.6708500547275249
6,7,0.34666729371334454
6,8,0.010488441285814578
6,9,0.26943494361153386
7,0,0.43709201776911455
7,1,0.0892616640152192
7,2,0.7445548155650604
7,3,0.718712852018658
7,4,0.18532814099016884
7,5,0.43279709285826273
7,6,0.34666729371334454
7,8,0.3361796720932399
7,9,0.523117840437906
8,0,0.24111009552598947
8,1,0.3878671160831223
8,2,0.5344090217886741
8,3,0.6830312636621222
8,4,0.5206193830042476
8,5,0.662317317008162
8,6,0.010488441285814578
8,7,0.3361796720932399
8,9,0.2742530369620708
9,0,0.09752383548625548
9,1,0.6000107358211334
9,2,0.26046838244124704
9,3,0.48648813012710257
9,4,0.6837097299246894
9,5,0.6829982179961905
9,6,0.26943494361153386
9,7,0.523117840437906
9,8,0.2742530369620708
