siteNum=10
demandLowerBound=0
demandUpperBound=1000
fixedCostLowerBound=500
fixedCostUpperBound=1500
coordinateLowerBound=0
coordinateUpperBound=1
facilityFailProbility=0.05
Coordinate: index, x, y
0,0.15652032186429432,0.3735736063963261
1,0.980613377384306,0.2986572396673116
2,0.11113355142851788,0.6659130108505169
3,0.08701540290874998,0.7707093169817445
4,0.040809118000374345,0.3040227856948102
5,0.14989526765063999,0.31373076756794804
6,0.6218584928261967,0.48878703707451276
7,0.945092289770229,0.32995828611741995
8,0.16150164320938987,0.40292245044963915
9,0.210280509210661,0.7369450689782723
Demand:index, demand
0,802
1,128
2,694
3,970
4,125
5,748
6,1
7,60
8,529
9,386
Fixcost:index, fixedCost
0,1325
1,555
2,1138
3,1314
4,1132
5,1075
6,1090
7,602
8,623
9,656
TransCost:start_index, end_index, transCost
0,1,0.8274912846430379
0,2,0.29584165752513764
0,3,0.40317205555594005
0,4,0.13500518271493156
0,5,0.060208443779698285
0,6,0.47938893183177056
0,7,0.7897772120858325
0,8,0.02976857755434065
0,9,0.36732679940682134
1,0,0.8274912846430379
1,2,0.9438601428238605
1,3,1.0106188716245543
1,4,0.9398195757912012
1,5,0.8308548544016857
1,6,0.4060226681558626
1,7,0.047344515777001835
1,8,0.8257210589796784
1,9,0.8862894273942051
2,0,0.29584165752513764
2,1,0.9438601428238605
2,3,0.10753581201986412
2,4,0.36865981744724696
2,5,0.354308909185229
2,6,0.5405678277069031
2,7,0.8990843977775331
2,8,0.26777038583385965
2,9,0.1219658662057499
3,0,0.40317205555594005
3,1,1.0106188716245543
3,2,0.10753581201986412
3,4,0.4689683776649175
3,5,0.4612843721765306
3,6,0.6045968100648014
3,7,0.9646540390076912
3,8,0.3752537530626834
3,9,0.1278057544669308
4,0,0.13500518271493156
4,1,0.9398195757912012
4,2,0.36865981744724696
4,3,0.4689683776649175
4,5,0.1095172724165888
4,6,0.6097181353489339
4,7,0.9046550198436527
4,8,0.15603790991277217
4,9,0.46491101923068695
5,0,0.060208443779698285
5,1,0.8308548544016857
5,2,0.354308909185229
5,3,0.4612843721765306
5,4,0.1095172724165888
5,6,0.5033825418224873
5,7,0.7953625816859475
5,8,0.08994367264504434
5,9,0.42750055241659146
6,0,0.47938893183177056
6,1,0.4060226681558626
6,2,0.5405678277069031
6,3,0.6045968100648014
6,4,0.6097181353489339
6,5,0.5033825418224873
6,7,0.3601481078909705
6,8,0.4682960134630357
6,9,0.48060258571441067
7,0,0.7897772120858325
7,1,0.047344515777001835
7,2,0.8990843977775331
7,3,0.9646540390076912
7,4,0.9046550198436527
7,5,0.7953625816859475
7,6,0.3601481078909705
7,8,0.786980349598599
7,9,0.8399920203624254
8,0,0.02976857755434065
8,1,0.8257210589796784
8,2,0.26777038583385965
8,3,0.3752537530626834
8,4,0.15603790991277217
8,5,0.08994367264504434
8,6,0.4682960134630357
8,7,0.786980349598599
8,9,0.33756553061160544
9,0,0.36732679940682134
9,1,0.8862894273942051
9,2,0.1219658662057499
9,3,0.1278057544669308
9,4,0.46491101923068695
9,5,0.42750055241659146
9,6,0.48060258571441067
9,7,0.8399920203624254
9,8,0.33756553061160544
