siteNum=50
demandLowerBound=0
demandUpperBound=1000
fixedCostLowerBound=500
fixedCostUpperBound=1500
coordinateLowerBound=0
coordinateUpperBound=1
facilityFailProbility=0.05
Coordinate: index, x, y
0,0.4793520205521684,0.8630599219838706
1,0.32965071290718007,0.2555251029691401
2,0.7712048858989489,0.021410327734988743
3,0.9527082147036217,0.15751423785234853
4,0.37363242091988935,0.7448637910377558
5,0.3478858718216541,0.9939926062253722
6,0.6288102727504516,0.5784275418159505
7,0.5203935650465086,0.7685954450460891
8,0.20817284338194064,0.661034068758747
9,0.6239025433816351,0.6666651070950281
10,0.5221664013477573,0.2635812444367168
11,0.12770587897247254,0.4977479308833592
12,0.49063022841558335,0.9636273057797102
13,0.4534115319568245,0.48861202465335163
14,0.4562806035349244,0.4942759319761798
15,0.27422753412216383,0.2835836100491895
16,0.5255236381918929,0.8842098694277307
17,0.044787892772217064,0.6998991969377626
18,0.17898355092650542,0.40864077861064607
19,0.4087326806182874,0.2723743985480258
20,0.19065245175784384,0.4142194224655069
21,0.7235543019056733,0.5157297206869548
22,0.4481374216150079,0.5050320859274353
23,0.5253096659448906,0.14945410186282249
24,0.4427573826991026,0.10475490897598894
25,0.2205820313279856,0.5881638903356904
26,0.0888724166452799,0.28582480501062146
27,0.47821383121391425,0.5032967092081676
28,0.6284413130063675,0.13302358551970417
29,0.5692170017426249,0.32636632183637937
30,0.7368985320069393,0.09604190294951864
31,0.4078434695968005,0.027980411921655013
32,0.3611719010217801,0.7323763131987656
33,0.49637528755305127,0.976343714848072
34,0.04933637027428339,0.27030344398907913
35,0.36911023195046067,0.8940839761668476
36,0.8989529791108473,0.4501194907729331
37,0.4882861894548981,0.1651417521138796
38,0.7594114263129192,0.8847914639601634
39,0.7256910911218841,0.27733554057420295
40,0.5631339387155865,0.2443897282024079
41,0.42850297695286776,0.842528090479848
42,0.9646557703499619,0.4479751172169114
43,0.7382090865167942,0.4383628080677231
44,0.11557054909498554,0.3296461276777377
45,0.6777348561448077,0.8600609837603352
46,0.3385592816767239,0.4993772528578341
47,0.8372791100959471,0.012097474356832283
48,0.7130380488589085,0.4336933130446844
49,0.2352512291483133,0.15024208160618757
Demand:index, demand
0,73
1,296
2,735
3,252
4,857
5,678
6,209
7,629
8,754
9,422
10,565
11,624
12,651
13,222
14,795
15,403
16,756
17,46
18,50
19,596
20,296
21,884
22,447
23,696
24,772
25,876
26,844
27,807
28,164
29,833
30,506
31,913
32,389
33,117
34,653
35,561
36,68
37,750
38,91
39,704
40,889
41,319
42,298
43,491
44,434
45,562
46,885
47,327
48,974
49,42
Fixcost:index, fixedCost
0,560
1,1404
2,1322
3,1107
4,1400
5,1403
6,742
7,570
8,1087
9,1025
10,1073
11,991
12,917
13,845
14,1184
15,858
16,603
17,1069
18,878
19,1221
20,784
21,935
22,1399
23,735
24,951
25,1234
26,716
27,842
28,1426
29,509
30,637
31,746
32,1484
33,820
34,533
35,736
36,527
37,1355
38,839
39,1184
40,878
41,1059
42,1240
43,522
44,1295
45,696
46,794
47,798
48,1133
49,1149
TransCost:start_index, end_index, transCost
0,1,0.6257068305731374
0,2,0.8908154323486057
0,3,0.8496239161759548
0,4,0.1585779275846437
0,5,0.18554437761548712
0,6,0.3214861754262865
0,7,0.10299488228843971
0,8,0.33816060016220245
0,9,0.24385605788147824
0,10,0.6010056206364414
0,11,0.5070580437481568
0,12,0.10119780954225294
0,13,0.3753453566567889
0,14,0.3695049682604771
0,15,0.6147103797940888
0,16,0.05078521982178435
0,17,0.4641846651395558
0,18,0.5447182532367701
0,19,0.5948919891622133
0,20,0.5336714673185396
0,21,0.4245857074269133
0,22,0.35938597994087285
0,23,0.7150841710460922
0,24,0.7591875000765493
0,25,0.37753110539265633
0,26,0.6969036528347381
0,27,0.35976501322622445
0,28,0.7451044689723149
0,29,0.5441651727955734
0,30,0.8091024947964899
0,31,0.838135586277952
0,32,0.17619519362716804
0,33,0.11455570411412364
0,34,0.732307108861236
0,35,0.11452398828215822
0,36,0.5887145013943831
0,37,0.6979753514334587
0,38,0.28090128278762316
0,39,0.6354179637584141
0,40,0.6243174020358029
0,41,0.05483777292955243
0,42,0.6386040437675163
0,43,0.4973676901131795
0,44,0.6456525651862761
0,45,0.19840550165820683
0,46,0.3899842037091852
0,47,0.923173271223057
0,48,0.48884030592588684
0,49,0.7534550218325526
1,0,0.6257068305731374
1,2,0.49977976716688133
1,3,0.6307192562668154
1,4,0.4913112478667969
1,5,0.7386926115686614
1,6,0.440184537732572
1,7,0.5473792209804855
1,8,0.4233135883953499
1,9,0.5055890057449851
1,10,0.19268417607861577
1,11,0.3153626710878731
1,12,0.726170182559503
1,13,0.2639057661212816
1,14,0.2702537466011215
1,15,0.06212091890979284
1,16,0.6584912591953543
1,17,0.527840091017799
1,18,0.21481388182905153
1,19,0.08085701193196096
1,20,0.21096066847389827
1,21,0.4720873653335449
1,22,0.2762115759438128
1,23,0.2225611897423031
1,24,0.18848015849991062
1,25,0.35006362302032007
1,26,0.24267727519194277
1,27,0.28889750601084874
1,28,0.3229279245978071
1,29,0.24982090592459205
1,30,0.4373621808638795
1,31,0.24060484954093844
1,32,0.47789189363036333
1,33,0.7398490082590615
1,34,0.28070363383649777
1,35,0.6397769050088109
1,36,0.6016411273087671
1,37,0.18257700986528047
1,38,0.762017338294802
1,39,0.3966404875513469
1,40,0.23374861134367167
1,41,0.5952682399166401
1,42,0.6635272646710744
1,43,0.44760425718736124
1,44,0.22654854411738906
1,45,0.6975859817523997
1,46,0.2440148225064612
1,47,0.5629774418253793
1,48,0.42276442666062475
1,49,0.14140642531813208
2,0,0.8908154323486057
2,1,0.49977976716688133
2,3,0.22686500989886368
2,4,0.8254991087059353
2,5,1.0607145120685955
2,6,0.5749299110641454
2,7,0.7881572928032504
2,8,0.8521288699381696
2,9,0.6618547502270126
2,10,0.34737144339123416
2,11,0.8006175641893548
2,12,0.9831047615272926
2,13,0.5650398582517716
2,14,0.5681365885919358
2,15,0.5618908418353764
2,16,0.8970966082981818
2,17,0.9939963750111673
2,18,0.707582879726402
2,19,0.4408730706678251
2,20,0.700956570473643
2,21,0.4966107534108584
2,22,0.5816034658390619
2,23,0.2772357612018233
2,24,0.33885702232719145
2,25,0.7901867682367654
2,26,0.7317736087006386
2,27,0.5639665262892497
2,28,0.18121522303154536
2,29,0.3657830828295862
2,30,0.08213889417545035
2,31,0.36342080961789053
2,32,0.8207311869143026
2,33,0.9936946623335727
2,34,0.7635718284279679
2,35,0.9608534786330984
2,36,0.4473378161881361
2,37,0.3173353291891493
2,38,0.8634616795657355
2,39,0.25994080111018714
2,40,0.3049808716863916
2,41,0.8897634397357598
2,42,0.46838100337293376
2,43,0.41825601446062505
2,44,0.7244761500302954
2,45,0.8438433322092342
2,46,0.6446972935914976
2,47,0.06672729832143837
2,48,0.41636599393696566
2,49,0.551220412348733
3,0,0.8496239161759548
3,1,0.6307192562668154
3,2,0.22686500989886368
3,4,0.8248080216470722
3,5,1.032233562332299
3,6,0.5311100509828962
3,7,0.7485427162784444
3,8,0.8988131837401594
3,9,0.6060922183497148
3,10,0.44341454975397954
3,11,0.892405636375842
3,12,0.9291578680155874
3,13,0.5991017624965548
3,14,0.599873996569123
3,15,0.6900938490729966
3,16,0.8429550423126068
3,17,1.0575919604545563
3,18,0.8134582932211339
3,19,0.5559696378386697
3,20,0.8041309207126333
3,21,0.4252409292307595
3,22,0.6126665814036308
3,23,0.4274745434212885
3,24,0.5126727980355356
3,25,0.8493926486426632
3,26,0.8733131669977099
3,27,0.5871204624778593
3,28,0.32519042973005086
3,29,0.41901853978558845
3,30,0.2243939997059823
3,31,0.5600505356845615
3,32,0.8248524814025183
3,33,0.9374014363115185
3,34,0.910385684382514
3,35,0.9397454894141544
3,36,0.2975020325818867
3,37,0.46448465691552815
3,38,0.7525262865955167
3,39,0.2566981086515601
3,40,0.3991434170009134
3,41,0.8625746979693376
3,42,0.29070649550217753
3,43,0.3533918439705835
3,44,0.854651308239528
3,45,0.754441699605089
3,46,0.7028863585009442
3,47,0.18566074786028516
3,48,0.3656729002402642
3,49,0.7174938399586288
4,0,0.1585779275846437
4,1,0.4913112478667969
4,2,0.8254991087059353
4,3,0.8248080216470722
4,5,0.25045568739250734
4,6,0.30465843352824373
4,7,0.14866749754847405
4,8,0.1854839457646192
4,9,0.26220253310636
4,10,0.5036816782497925
4,11,0.34863464023826124
4,12,0.24808458706871087
4,13,0.2683834464585528
4,14,0.2638654907308503
4,15,0.4718694066074988
4,16,0.20612683339884696
4,17,0.33190441156339334
4,18,0.3885023766661687
4,19,0.4737913615149701
4,20,0.3778986207742551
4,21,0.41826755191881065
4,22,0.2511378942029724
4,23,0.6144254915136294
4,24,0.6438304444769155
4,25,0.21904173263163956
4,26,0.5401898284189506
4,27,0.2632335966451664
4,28,0.6627790043255068
4,29,0.4619452997742938
4,30,0.7435940491469079
4,31,0.7176992232854185
4,32,0.01764090867587176
4,33,0.26200909609507067
4,34,0.5747829603035375
4,35,0.14928869295105932
4,36,0.6023586069748316
4,37,0.5909510377800649
4,38,0.4103720198204498
4,39,0.5852588933505475
4,40,0.5351496172266151
4,41,0.11202273566059202
4,42,0.6614011522628618
4,43,0.47629717368398655
4,44,0.48887793737898055
4,45,0.32519022789882346
4,46,0.24797936511720614
4,47,0.8671301674178147
4,48,0.4604598208868136
4,49,0.610511532703062
5,0,0.18554437761548712
5,1,0.7386926115686614
5,2,1.0607145120685955
5,3,1.032233562332299
5,4,0.25045568739250734
5,6,0.5016102488933122
5,7,0.28383584074151075
5,8,0.3610832563103837
5,9,0.42816876890541167
5,10,0.7509157478717948
5,11,0.5428977869326468
5,12,0.14593835277462247
5,13,0.5162801537702542
5,14,0.511337630520056
5,15,0.7142173986684333
5,16,0.20882390988530924
5,17,0.42232608052340603
5,18,0.6092329243365527
5,19,0.7241789639254926
5,20,0.6007156506967445
5,21,0.6081629362640616
5,22,0.4991320102397746
5,23,0.8629742105486218
5,24,0.8942842309833914
5,25,0.4253271851705525
5,26,0.7540488078630841
5,27,0.5077084206007122
5,28,0.9055269240576043
5,29,0.703357892313114
5,30,0.9785940503079059
5,31,0.9678711035434671
5,32,0.2619534373679603
5,33,0.1495345777775142
5,34,0.782852354159104
5,35,0.10213818004570276
5,36,0.7742563673926236
5,37,0.8406580681542685
5,38,0.4257677435778451
5,39,0.8101445139468879
5,40,0.779894996164154
5,41,0.171582683187329
5,42,0.8237355194683084
5,43,0.6790262767600811
5,44,0.7037944676766356
5,45,0.3560028538581302
5,46,0.494703277804611
5,47,1.0970978952015797
5,48,0.6687835302501287
5,49,0.8512352850565468
6,0,0.3214861754262865
6,1,0.440184537732572
6,2,0.5749299110641454
6,3,0.5311100509828962
6,4,0.30465843352824373
6,5,0.5016102488933122
6,7,0.2189018362835488
6,8,0.42867200197738603
6,9,0.08837394261849495
6,10,0.33241706677179983
6,11,0.507557694340092
6,12,0.40923414179430634
6,13,0.19705721350708047
6,14,0.1919582772329556
6,15,0.46115275412038803
6,16,0.3227552644932556
6,17,0.5965211675317766
6,18,0.48080310380301416
6,19,0.37696508202069334
6,20,0.467917281747105
6,21,0.11361094944981766
6,22,0.19501172293606656
6,23,0.44128288862626347
6,24,0.5089021919760224
6,25,0.40834433212348753
6,26,0.6141247837707071
6,27,0.1682971485551862
6,28,0.44540410911400585
6,29,0.2590100703968902
6,30,0.49434702019297466
6,31,0.5931427913283712
6,32,0.3087564124546288
6,33,0.4193760914319806
6,34,0.6563005891453878
6,35,0.40875799165109816
6,36,0.29906527341397643
6,37,0.43652280805900623
6,38,0.3330398085866502
6,39,0.3162946192714618
6,40,0.34043302098353356
6,41,0.3314696253871725
6,42,0.36029159488063356
6,43,0.17772515323792723
6,44,0.5703570863577905
6,45,0.285851378310045
6,46,0.30082318062882535
6,47,0.6034807382613234
6,48,0.1674583985537588
6,49,0.5815767439780207
7,0,0.10299488228843971
7,1,0.5473792209804855
7,2,0.7881572928032504
7,3,0.7485427162784444
7,4,0.14866749754847405
7,5,0.28383584074151075
7,6,0.2189018362835488
7,8,0.33022905490821186
7,9,0.1452718224254077
7,10,0.5050173123425318
7,11,0.4770345844090456
7,12,0.19728984492016907
7,13,0.287884192778353
7,14,0.2817120286475145
7,15,0.5439064210579841
7,16,0.11572818487980928
7,17,0.4805412885524422
7,18,0.496113051259561
7,19,0.5086290201108522
7,20,0.4840574007004555
7,21,0.32436917171153684
7,22,0.2732884822554768
7,23,0.6191608602672027
7,24,0.6683648959507954
7,25,0.3499178499103249
7,26,0.6475167892786798
7,27,0.26863087905783983
7,28,0.6446905493808824
7,29,0.44491608802744853
7,30,0.7065427571670243
7,31,0.7491182491941076
7,32,0.16328920296999835
7,33,0.2091320665499918
7,34,0.6857038712622799
7,35,0.19655538231118316
7,36,0.4947061384568952
7,37,0.6043072422873171
7,38,0.2657650330947415
7,39,0.5324315617564348
7,40,0.5259452187376268
7,41,0.11794030795715717
7,42,0.5478743484398381
7,43,0.3955972648022958
7,44,0.5971249261772855
7,45,0.18199512811272436
7,46,0.3248725005501626
7,47,0.8201863375588766
7,48,0.3863564871494102
7,49,0.6809310051678644
8,0,0.33816060016220245
8,1,0.4233135883953499
8,2,0.8521288699381696
8,3,0.8988131837401594
8,4,0.1854839457646192
8,5,0.3610832563103837
8,6,0.42867200197738603
8,7,0.33022905490821186
8,9,0.41576783431932374
8,10,0.5065182148803646
8,11,0.18203652156513747
8,12,0.41393820970148226
8,13,0.29978554946396563
8,14,0.2989410256745031
8,15,0.3831867311753395
8,16,0.3879677370230034
8,17,0.16794386048353516
8,18,0.2540755551127113
8,19,0.4373563622042973
8,20,0.24743571639421613
8,21,0.535473063149416
8,22,0.2862160328386143
8,23,0.6019051642531066
8,24,0.6037188167477111
8,25,0.0739192184001453
8,26,0.3937189142293774
8,27,0.31273504713616107
8,28,0.674848617817941
8,29,0.49229603402472055
8,30,0.7738003626503297
8,31,0.663796121868642
8,32,0.16881477269604778
8,33,0.42717774022434446
8,34,0.42178127782320374
8,35,0.2832191772853298
8,36,0.7222618328034374
8,37,0.569537247557701
8,38,0.5949212949786519
8,39,0.6442435077475029
8,40,0.5473480480627371
8,41,0.2854565600575367
8,42,0.7859138220099013
8,43,0.5749094792871653
8,44,0.3440830603228214
8,45,0.5100001928675756
8,46,0.20768618013344312
8,47,0.9038215522838509
8,48,0.5536900711679252
8,49,0.5115092307231346
9,0,0.24385605788147824
9,1,0.5055890057449851
9,2,0.6618547502270126
9,3,0.6060922183497148
9,4,0.26220253310636
9,5,0.42816876890541167
9,6,0.08837394261849495
9,7,0.1452718224254077
9,8,0.41576783431932374
9,10,0.4157244795913295
9,11,0.524160416466279
9,12,0.32549663190892025
9,13,0.24651589227398168
9,14,0.24044779561503835
9,15,0.5186752794181463
9,16,0.2387553823576012
9,17,0.5800674816589387
9,18,0.5143242789691189
9,19,0.44918062367837625
9,20,0.5014324137708802
9,21,0.18086449028786064
9,22,0.23878570217121625
9,23,0.5265242439000939
9,24,0.5903868562128382
9,25,0.41088912917709874
9,26,0.656731735343483
9,27,0.21889365975561875
9,28,0.5336608229755425
9,29,0.344664723626982
9,30,0.581703476484968
9,31,0.6742400634888623
9,32,0.2708234721039332
9,33,0.3349090041773029
9,34,0.6980178043999601
9,35,0.34152373852244294
9,36,0.350063917225334
9,37,0.5195358226762896
9,38,0.25679128667565965
9,39,0.4024157300831599
9,40,0.42662550197094934
9,41,0.2628854874000459
9,42,0.40489266894106496
9,43,0.25531926199302507
9,44,0.6099042620796433
9,45,0.20074830761073606
9,46,0.33076578295779346
9,47,0.6884681147673237
9,48,0.2494413661759509
9,49,0.6463300900548696
10,0,0.6010056206364414
10,1,0.19268417607861577
10,2,0.34737144339123416
10,3,0.44341454975397954
10,4,0.5036816782497925
10,5,0.7509157478717948
10,6,0.33241706677179983
10,7,0.5050173123425318
10,8,0.5065182148803646
10,9,0.4157244795913295
10,11,0.45872992136330354
10,12,0.7007560332990691
10,13,0.23529998748378977
10,14,0.23991868875176012
10,15,0.2487443999594875
10,16,0.6206377052656922
10,17,0.6467330176545124
10,18,0.37258118213083796
10,19,0.113774024090548
10,20,0.3641337109531842
10,21,0.3227010080034487
10,22,0.25254464693762146
10,23,0.1141704199186882
10,24,0.17757138586671575
10,25,0.4430654875512208
10,26,0.4338645562457893
10,27,0.24371157640121047
10,28,0.16834387173264262
10,29,0.07845842811068252
10,30,0.2723588054082262
10,31,0.26187303222348823
10,32,0.49566929058680353
10,33,0.7132289399468235
10,34,0.47287781323695455
10,35,0.6488142150953008
10,36,0.4204338741450455
10,37,0.10410668761747711
10,38,0.6649716826385083
10,39,0.20398892129204527
10,40,0.045239953728493425
10,41,0.5864744560615289
10,42,0.47937244601546275
10,43,0.2778903323261662
10,44,0.41192809550552323
10,45,0.6164329838283426
10,46,0.2988500158628485
10,47,0.4031626295035463
10,48,0.2556757745851238
10,49,0.3084900028677782
11,0,0.5070580437481568
11,1,0.3153626710878731
11,2,0.8006175641893548
11,3,0.892405636375842
11,4,0.34863464023826124
11,5,0.5428977869326468
11,6,0.507557694340092
11,7,0.4770345844090456
11,8,0.18203652156513747
11,9,0.524160416466279
11,10,0.45872992136330354
11,12,0.5905570890036965
11,13,0.32583375695069805
11,14,0.32859306809137434
11,15,0.2594897912176243
11,16,0.5546276223682285
11,17,0.21849605672163497
11,18,0.10280799690285722
11,19,0.36023505148802737
11,20,0.10459102611570112
11,21,0.5961196925756799
11,22,0.3205143248514504
11,23,0.5285805168076051
11,24,0.5036873685812436
11,25,0.12961876947437076
11,26,0.2154517325898999
11,27,0.35055186994992144
11,28,0.6194835130962404
11,29,0.47360714463497317
11,30,0.7297146164012036
11,31,0.5469539208674152
11,32,0.3309937480368357
11,33,0.6041283450161495
11,34,0.24056760902540036
11,35,0.4640671529290524
11,36,0.7727163501435729
11,37,0.4905558382725023
11,38,0.7408472143682991
11,39,0.6373130594544353
11,40,0.5037737330164951
11,41,0.4575502733086363
11,42,0.8384285620475165
11,43,0.6133846747626919
11,44,0.16853926092224605
11,45,0.6586369440095807
11,46,0.21085969771878574
11,47,0.8598549507047291
11,48,0.5888265815759529
11,49,0.3637668451443762
12,0,0.10119780954225294
12,1,0.726170182559503
12,2,0.9831047615272926
12,3,0.9291578680155874
12,4,0.24808458706871087
12,5,0.14593835277462247
12,6,0.40923414179430634
12,7,0.19728984492016907
12,8,0.41393820970148226
12,9,0.32549663190892025
12,10,0.7007560332990691
12,11,0.5905570890036965
12,13,0.47647114148670405
12,14,0.470606639159185
12,15,0.7136452579540316
12,16,0.08674490902951117
12,17,0.5180037679836723
12,18,0.6365011366283329
12,19,0.6960874873832068
12,20,0.6259678016769824
12,21,0.5048424216952642
12,22,0.46055967507061163
12,23,0.8149114487867005
12,24,0.8602055587755539
12,25,0.4624919513755355
12,26,0.7879248500760039
12,27,0.4604980185184101
12,28,0.841958689690801
12,29,0.6420883448548012
12,30,0.9018605815522653
12,31,0.9393022715941585
12,32,0.26502165968326674
12,33,0.013953951558140006
12,34,0.821850501345292
12,35,0.14001208603019483
12,36,0.6560623025356517
12,37,0.798488994245805
12,38,0.2801043061049284
12,39,0.7254309037841726
12,40,0.7228827574417118
12,41,0.13610589744957374
12,42,0.7004265800037757
12,43,0.5806875954722347
12,44,0.7366151622384884
12,45,0.21385538285091749
12,46,0.48852193858619886
12,47,1.0127065059818159
12,48,0.5747132113066802
12,49,0.852533844589506
13,0,0.3753453566567889
13,1,0.2639057661212816
13,2,0.5650398582517716
13,3,0.5991017624965548
13,4,0.2683834464585528
13,5,0.5162801537702542
13,6,0.19705721350708047
13,7,0.287884192778353
13,8,0.29978554946396563
13,9,0.24651589227398168
13,10,0.23529998748378977
13,11,0.32583375695069805
13,12,0.47647114148670405
13,14,0.006349127332306961
13,15,0.27229314327596993
13,16,0.40211666299196247
13,17,0.46001689933350776
13,18,0.28584281863639693
13,19,0.22080514192517753
13,20,0.27308715364749997
13,21,0.2715004338740687
13,22,0.017246293866866567
13,23,0.34669502197544233
13,24,0.3840049428751537
13,25,0.2532195693936567
13,26,0.4171467643918055
13,27,0.028823497513533754
13,28,0.39633137940334057
13,29,0.19933533283109447
13,30,0.4842274048956503
13,31,0.4628800394865291
13,32,0.2606322656255074
13,33,0.4896203487551667
13,34,0.45927701083378963
13,35,0.41414274428863995
13,36,0.44720113628728186
13,37,0.3253448308370186
13,38,0.5005937309589493
13,39,0.34463591087402073
13,40,0.26773781322164386
13,41,0.3547915130925345
13,42,0.5128567339288594
13,43,0.28919652634637283
13,44,0.37337204783207173
13,45,0.43393004389694956
13,46,0.11535566536888187
13,47,0.6118990392137329
13,48,0.2653714249188561
13,49,0.4026017089869867
14,0,0.3695049682604771
14,1,0.2702537466011215
14,2,0.5681365885919358
14,3,0.599873996569123
14,4,0.2638654907308503
14,5,0.511337630520056
14,6,0.1919582772329556
14,7,0.2817120286475145
14,8,0.2989410256745031
14,9,0.24044779561503835
14,10,0.23991868875176012
14,11,0.32859306809137434
14,12,0.470606639159185
14,13,0.006349127332306961
14,15,0.27845030903483287
14,16,0.39603418214211783
14,17,0.46000780222111715
14,18,0.2902189430020976
14,19,0.22693852804548767
14,20,0.2774299185948412
14,21,0.2681333528131564
14,22,0.013490969557595336
14,23,0.3516633418198776
14,24,0.3897556989460059
14,25,0.2537100030848345
14,26,0.4224223575128893
14,27,0.02371583644503302
14,28,0.4001781699518605
14,29,0.20235678199019688
14,30,0.48717221149685097
14,31,0.46880450932884543
14,32,0.25639316845827714
14,33,0.4837322926676854
14,34,0.464507571907308
14,35,0.4092006181346022
14,36,0.44486922055562206
14,37,0.33068665815800585
14,38,0.49435885390958445
14,39,0.3458975921331143
14,40,0.27177334320293073
14,41,0.3493582150758677
14,42,0.5104792607751948
14,43,0.2874194616612815
14,44,0.378399674497494
14,45,0.42759874895483413
14,46,0.11783180001501986
14,47,0.614537164859785
14,48,0.2638079594058858
14,49,0.40891719766003837
15,0,0.6147103797940888
15,1,0.06212091890979284
15,2,0.5618908418353764
15,3,0.6900938490729966
15,4,0.4718694066074988
15,5,0.7142173986684333
15,6,0.46115275412038803
15,7,0.5439064210579841
15,8,0.3831867311753395
15,9,0.5186752794181463
15,10,0.2487443999594875
15,11,0.2594897912176243
15,12,0.7136452579540316
15,13,0.27229314327596993
15,14,0.27845030903483287
15,16,0.6510772883273404
15,17,0.4753537807877089
15,18,0.15719641135720439
15,19,0.1349714075514569
15,20,0.15508226809624026
15,21,0.505753260919806
15,22,0.28157428227125375
15,23,0.2846628916577675
15,24,0.24572752021068792
15,25,0.309268470926869
15,26,0.1853686665262622
15,27,0.29980703017649
15,28,0.38488403726024645
15,29,0.2980757394268591
15,30,0.49923576012296306
15,31,0.28842020231909193
15,32,0.45713697436969436
15,33,0.7275068296279761
15,34,0.22528292964057064
15,35,0.6178296070738035
15,36,0.6465416314397252
15,37,0.2446417413975515
15,38,0.7725634555462803
15,39,0.45150679028227686
15,40,0.2915528613979254
15,41,0.5798446727051207
15,42,0.7097293265812702
15,43,0.48911704233423675
15,44,0.16520833643673852
15,45,0.7036649211995618
15,46,0.22517875126229941
15,47,0.625085433424688
15,48,0.46377536672070296
15,49,0.13892125667776872
16,0,0.05078521982178435
16,1,0.6584912591953543
16,2,0.8970966082981818
16,3,0.8429550423126068
16,4,0.20612683339884696
16,5,0.20882390988530924
16,6,0.3227552644932556
16,7,0.11572818487980928
16,8,0.3879677370230034
16,9,0.2387553823576012
16,10,0.6206377052656922
16,11,0.5546276223682285
16,12,0.08674490902951117
16,13,0.40211666299196247
16,14,0.39603418214211783
16,15,0.6510772883273404
16,17,0.5148565634406496
16,18,0.5884352064777317
16,19,0.622882630354668
16,20,0.5770872826007332
16,21,0.41832255950037495
16,22,0.38699408007911623
16,23,0.7347557987209219
16,24,0.7838369016709561
16,25,0.4250089473567663
16,26,0.7407624279049372
16,27,0.38383987998219804
16,28,0.758203719933349
16,29,0.5595520830161217
16,30,0.8160196622126958
16,31,0.8642786043757639
16,32,0.22375192135033867
16,33,0.09663473400855514
16,34,0.7769397745782487
16,35,0.1567247639524232
16,36,0.5726114996224144
16,37,0.7200316555025388
16,38,0.23388851122777768
16,39,0.6390332231065142
16,40,0.6409246038521805
16,41,0.10559535692215744
16,42,0.6189812505481298
16,43,0.4939784429026419
16,44,0.6896393832459468
16,45,0.15411496861008236
16,46,0.42784554851390505
16,47,0.9261595455959079
16,48,0.48798239905045426
16,49,0.7892824494511537
17,0,0.4641846651395558
17,1,0.527840091017799
17,2,0.9939963750111673
17,3,1.0575919604545563
17,4,0.33190441156339334
17,5,0.42232608052340603
17,6,0.5965211675317766
17,7,0.4805412885524422
17,8,0.16794386048353516
17,9,0.5800674816589387
17,10,0.6467330176545124
17,11,0.21849605672163497
17,12,0.5180037679836723
17,13,0.46001689933350776
17,14,0.46000780222111715
17,15,0.4753537807877089
17,16,0.5148565634406496
17,18,0.32068667093266634
17,19,0.5614563757216638
17,20,0.3207637808584227
17,21,0.7033080648978961
17,22,0.4479553921666895
17,23,0.7306784362392735
17,24,0.7159444380719722
17,25,0.20829872273257902
17,26,0.41641451378998107
17,27,0.4759312789631833
17,28,0.8136333779852074
17,29,0.6438576699217005
17,30,0.9185100807529009
17,31,0.7637304534460789
17,32,0.3180465433811383
17,33,0.529483471515027
17,34,0.4296198314779395
17,35,0.3780115185735696
17,36,0.8899370181825612
17,37,0.6947346716229208
17,38,0.7381544181909919
17,39,0.8013670876709041
17,40,0.6900518092525305
17,41,0.4093656887195157
17,42,0.9537413979389711
17,43,0.7411033899783045
17,44,0.37695824667007344
17,45,0.6528963596167333
17,46,0.35568339713357017
17,47,1.0493395728364305
17,48,0.7193217942820741
17,49,0.5817209184292261
18,0,0.5447182532367701
18,1,0.21481388182905153
18,2,0.707582879726402
18,3,0.8134582932211339
18,4,0.3885023766661687
18,5,0.6092329243365527
18,6,0.48080310380301416
18,7,0.496113051259561
18,8,0.2540755551127113
18,9,0.5143242789691189
18,10,0.37258118213083796
18,11,0.10280799690285722
18,12,0.6365011366283329
18,13,0.28584281863639693
18,14,0.2902189430020976
18,15,0.15719641135720439
18,16,0.5884352064777317
18,17,0.32068667093266634
18,19,0.2671201769419557
18,20,0.012933851470887828
18,21,0.555000310213461
18,22,0.28589349456194846
18,23,0.4325731283231872
18,24,0.40239688876979435
18,25,0.18427962778113882
18,26,0.1523278697178261
18,27,0.3138447161227413
18,28,0.5272353525904419
18,29,0.39881227710961636
18,30,0.6395210576506312
18,31,0.4441612062546337
18,32,0.37147986656815457
18,33,0.650403058334914
18,34,0.1895932741456544
18,35,0.5213475356139838
18,36,0.72116326936605
18,37,0.3936494609490765
18,38,0.7507436271353899
18,39,0.5622545687162432
18,40,0.4177917280161384
18,41,0.5005178751709147
18,42,0.7866562315060958
18,43,0.5600148200639807
18,44,0.10129838931244851
18,45,0.6727057797242026
18,46,0.18356884703913362
18,47,0.7685048050407627
18,48,0.5346417831065955
18,49,0.26445403802187417
19,0,0.5948919891622133
19,1,0.08085701193196096
19,2,0.4408730706678251
19,3,0.5559696378386697
19,4,0.4737913615149701
19,5,0.7241789639254926
19,6,0.37696508202069334
19,7,0.5086290201108522
19,8,0.4373563622042973
19,9,0.44918062367837625
19,10,0.113774024090548
19,11,0.36023505148802737
19,12,0.6960874873832068
19,13,0.22080514192517753
19,14,0.22693852804548767
19,15,0.1349714075514569
19,16,0.622882630354668
19,17,0.5614563757216638
19,18,0.2671201769419557
19,20,0.2601518730087758
19,21,0.3979126361946302
19,22,0.23597104294754828
19,23,0.16940954177677675
19,24,0.17103793040164633
19,25,0.3675917163809239
19,26,0.32014293979860164
19,27,0.24114880022241708
19,28,0.26017404220539525
19,29,0.16932319719139177
19,30,0.37253989722127256
19,31,0.24439560428815293
19,32,0.46245409419549316
19,33,0.7094039926884229
19,34,0.35940227704018357
19,35,0.6229708960628967
19,36,0.521449191066757
19,37,0.13352004055379593
19,38,0.7057125793763172
19,39,0.31699723487622167
19,40,0.15691682598237092
19,41,0.5704963602343527
19,42,0.5829975077938502
19,43,0.3689266243288445
19,44,0.29870401121644286
19,45,0.6463263052642263
19,46,0.2376017714239771
19,47,0.5013941757584337
19,48,0.3444205994339483
19,49,0.21216059211293362
20,0,0.5336714673185396
20,1,0.21096066847389827
20,2,0.700956570473643
20,3,0.8041309207126333
20,4,0.3778986207742551
20,5,0.6007156506967445
20,6,0.467917281747105
20,7,0.4840574007004555
20,8,0.24743571639421613
20,9,0.5014324137708802
20,10,0.3641337109531842
20,11,0.10459102611570112
20,12,0.6259678016769824
20,13,0.27308715364749997
20,14,0.2774299185948412
20,15,0.15508226809624026
20,16,0.5770872826007332
20,17,0.3207637808584227
20,18,0.012933851470887828
20,19,0.2601518730087758
20,21,0.5424838454147616
20,22,0.27303012571398444
20,23,0.4267272266932087
20,24,0.3991555853476197
20,25,0.17650058820266504
20,26,0.16384246500495872
20,27,0.3010420402005546
20,28,0.5203173894354576
20,29,0.3886248651274535
20,30,0.6321564000410408
20,31,0.4431168147292717
20,32,0.3609718682921577
20,33,0.6398829364917171
20,34,0.20169790218714703
20,35,0.5119737973864125
20,36,0.7092097376326841
20,37,0.3881050472273104
20,38,0.7381902311554859
20,39,0.5522712582908476
20,40,0.4093709603522808
20,41,0.4899195724113987
20,42,0.7747390425941898
20,43,0.5480886528079959
20,44,0.11309259170579583
20,45,0.660321108583692
20,46,0.170670109901473
20,47,0.7614644419959593
20,48,0.5227484523869255
20,49,0.267718298649685
21,0,0.4245857074269133
21,1,0.4720873653335449
21,2,0.4966107534108584
21,3,0.4252409292307595
21,4,0.41826755191881065
21,5,0.6081629362640616
21,6,0.11361094944981766
21,7,0.32436917171153684
21,8,0.535473063149416
21,9,0.18086449028786064
21,10,0.3227010080034487
21,11,0.5961196925756799
21,12,0.5048424216952642
21,13,0.2715004338740687
21,14,0.2681333528131564
21,15,0.505753260919806
21,16,0.41832255950037495
21,17,0.7033080648978961
21,18,0.555000310213461
21,19,0.3979126361946302
21,20,0.5424838454147616
21,22,0.2756245586635755
21,23,0.4164838107684671
21,24,0.49774210761876
21,25,0.5081612085773337
21,26,0.6750387883150338
21,27,0.24565529982820544
21,28,0.3943481539858065
21,29,0.24429183172153135
21,30,0.41989990811407296
21,31,0.5810100841105849
21,32,0.42220463109415707
21,33,0.5135908451085227
21,34,0.7174983460796908
21,35,0.5184424185636817
21,36,0.18726825207358455
21,37,0.42221204204089935
21,38,0.37079954654586145
21,39,0.23840375621995905
21,40,0.31521434683014243
21,41,0.44028679159804307
21,42,0.2504408201100114
21,43,0.07874263064077917
21,44,0.6358233616885962
21,45,0.3473664352517993
21,46,0.38534214511936216
21,47,0.5163126683913922
21,48,0.08270770071155616
21,49,0.6099353286907659
22,0,0.35938597994087285
22,1,0.2762115759438128
22,2,0.5816034658390619
22,3,0.6126665814036308
22,4,0.2511378942029724
22,5,0.4991320102397746
22,6,0.19501172293606656
22,7,0.2732884822554768
22,8,0.2862160328386143
22,9,0.23878570217121625
22,10,0.25254464693762146
22,11,0.3205143248514504
22,12,0.46055967507061163
22,13,0.017246293866866567
22,14,0.013490969557595336
22,15,0.28157428227125375
22,16,0.38699408007911623
22,17,0.4479553921666895
22,18,0.28589349456194846
22,19,0.23597104294754828
22,20,0.27303012571398444
22,21,0.2756245586635755
22,23,0.3638560952442121
22,24,0.4003133312880751
22,25,0.24226504608145893
22,26,0.4208600430105496
22,27,0.03012643269155779
22,28,0.41340031159455615
22,29,0.21582798702235279
22,30,0.5006555189420077
22,31,0.4787503548207175
22,32,0.24340994113973533
22,33,0.47377372580809146
22,34,0.4627524326210422
22,35,0.3969970654868069
22,36,0.4541476191580076
22,37,0.3422533602157205
22,38,0.49102819797286573
22,39,0.3590010532331749
22,40,0.2848835509216438
22,41,0.33806665689776744
22,42,0.5196601795965486
22,43,0.2976346138963506
22,44,0.37597999820324685
22,45,0.4228007807929278
22,46,0.10972395312500918
22,47,0.6280253060172477
22,48,0.2743384093243757
22,49,0.41375896136426765
23,0,0.7150841710460922
23,1,0.2225611897423031
23,2,0.2772357612018233
23,3,0.4274745434212885
23,4,0.6144254915136294
23,5,0.8629742105486218
23,6,0.44128288862626347
23,7,0.6191608602672027
23,8,0.6019051642531066
23,9,0.5265242439000939
23,10,0.1141704199186882
23,11,0.5285805168076051
23,12,0.8149114487867005
23,13,0.34669502197544233
23,14,0.3516633418198776
23,15,0.2846628916577675
23,16,0.7347557987209219
23,17,0.7306784362392735
23,18,0.4325731283231872
23,19,0.16940954177677675
23,20,0.4267272266932087
23,21,0.4164838107684671
23,22,0.3638560952442121
23,24,0.09387703294111485
23,25,0.5341584126465879
23,26,0.4572465869235501
23,27,0.3569630350918139
23,28,0.10443226748909804
23,29,0.18227942207727996
23,30,0.21822628447136688
23,31,0.16897977580885515
23,32,0.6055902165183485
23,33,0.827395691501846
23,34,0.49107549489247404
23,35,0.7608363246363888
23,36,0.4795925370166859
23,37,0.040209951278315656
23,38,0.7717024493311433
23,39,0.23771070216306128
23,40,0.10219319331110752
23,41,0.699802178284057
23,42,0.5311683311944981
23,43,0.3588793722141771
23,44,0.4476106679294219
23,45,0.7267706510362031
23,46,0.39663827050170736
23,47,0.3408691496802527
23,48,0.34063745379038873
23,49,0.2900595071169879
24,0,0.7591875000765493
24,1,0.18848015849991062
24,2,0.33885702232719145
24,3,0.5126727980355356
24,4,0.6438304444769155
24,5,0.8942842309833914
24,6,0.5089021919760224
24,7,0.6683648959507954
24,8,0.6037188167477111
24,9,0.5903868562128382
24,10,0.17757138586671575
24,11,0.5036873685812436
24,12,0.8602055587755539
24,13,0.3840049428751537
24,14,0.3897556989460059
24,15,0.24572752021068792
24,16,0.7838369016709561
24,17,0.7159444380719722
24,18,0.40239688876979435
24,19,0.17103793040164633
24,20,0.3991555853476197
24,21,0.49774210761876
24,22,0.4003133312880751
24,23,0.09387703294111485
24,25,0.5320207984807581
24,26,0.3975183976231891
24,27,0.4001158910535662
24,28,0.18782342784617262
24,29,0.2551541760555982
24,30,0.2942701687058211
24,31,0.08434040980491515
24,32,0.6329019022400634
24,33,0.8732364663952433
24,34,0.4268330006716328
24,35,0.7927573898272942
24,36,0.5721810172884501
24,37,0.0756269996017744
24,38,0.8418591393152182
24,39,0.3314144803183862
24,40,0.1843594260643713
24,41,0.7379108722803212
24,42,0.6246423283588046
24,43,0.44562982353650615
24,44,0.39702302745942325
24,45,0.7910130717207293
24,46,0.4081470795527895
24,47,0.4052564540860434
24,48,0.4257371397600271
24,49,0.21243325218838321
25,0,0.37753110539265633
25,1,0.35006362302032007
25,2,0.7901867682367654
25,3,0.8493926486426632
25,4,0.21904173263163956
25,5,0.4253271851705525
25,6,0.40834433212348753
25,7,0.3499178499103249
25,8,0.0739192184001453
25,9,0.41088912917709874
25,10,0.4430654875512208
25,11,0.12961876947437076
25,12,0.4624919513755355
25,13,0.2532195693936567
25,14,0.2537100030848345
25,15,0.309268470926869
25,16,0.4250089473567663
25,17,0.20829872273257902
25,18,0.18427962778113882
25,19,0.3675917163809239
25,20,0.17650058820266504
25,21,0.5081612085773337
25,22,0.24226504608145893
25,23,0.5341584126465879
25,24,0.5320207984807581
25,26,0.3297822692551346
25,27,0.2712500373179605
25,28,0.6111480104845262
25,29,0.4359865932206722
25,30,0.7132788931002203
25,31,0.5906541930356147
25,32,0.201401922454967
25,33,0.4761780090866105
25,34,0.36105448312046534
25,35,0.3400701770151167
25,36,0.6922740779824564
25,37,0.5006128700944391
25,38,0.61508132335015
25,39,0.5930846695888587
25,40,0.4853065874324435
25,41,0.32853046425639476
25,42,0.7571648573532005
25,43,0.5388674535654313
25,44,0.2790319784728002
25,45,0.5318991771480476
25,46,0.14765398265699828
25,47,0.8439003510958294
25,48,0.5161144141089583
25,49,0.43816742910172035
26,0,0.6969036528347381
26,1,0.24267727519194277
26,2,0.7317736087006386
26,3,0.8733131669977099
26,4,0.5401898284189506
26,5,0.7540488078630841
26,6,0.6141247837707071
26,7,0.6475167892786798
26,8,0.3937189142293774
26,9,0.656731735343483
26,10,0.4338645562457893
26,11,0.2154517325898999
26,12,0.7879248500760039
26,13,0.4171467643918055
26,14,0.4224223575128893
26,15,0.1853686665262622
26,16,0.7407624279049372
26,17,0.41641451378998107
26,18,0.1523278697178261
26,19,0.32014293979860164
26,20,0.16384246500495872
26,21,0.6750387883150338
26,22,0.4208600430105496
26,23,0.4572465869235501
26,24,0.3975183976231891
26,25,0.3297822692551346
26,27,0.4459604984901823
26,28,0.560787666232268
26,29,0.4820524193683439
26,30,0.6752446935041081
26,31,0.4101539511798213
26,32,0.5230251032759461
26,33,0.8017948332592179
26,34,0.042473657843546266
26,35,0.6697107229413904
26,36,0.8265732039294927
26,37,0.41724784141621524
26,38,0.8991015637953453
26,39,0.6368752560531856
26,40,0.4760681221280694
26,41,0.6521253449660404
26,42,0.890667842899258
26,43,0.6670127084370104
26,44,0.05131372717507024
26,45,0.8224999462847449
26,46,0.32855468121876913
26,47,0.796893487455262
26,48,0.6414419943415448
26,49,0.19952301029094724
27,0,0.35976501322622445
27,1,0.28889750601084874
27,2,0.5639665262892497
27,3,0.5871204624778593
27,4,0.2632335966451664
27,5,0.5077084206007122
27,6,0.1682971485551862
27,7,0.26863087905783983
27,8,0.31273504713616107
27,9,0.21889365975561875
27,10,0.24371157640121047
27,11,0.35055186994992144
27,12,0.4604980185184101
27,13,0.028823497513533754
27,14,0.02371583644503302
27,15,0.29980703017649
27,16,0.38383987998219804
27,17,0.4759312789631833
27,18,0.3138447161227413
27,19,0.24114880022241708
27,20,0.3010420402005546
27,21,0.24565529982820544
27,22,0.03012643269155779
27,23,0.3569630350918139
27,24,0.4001158910535662
27,25,0.2712500373179605
27,26,0.4459604984901823
27,28,0.3995878907220713
27,29,0.19896215474760176
27,30,0.4824668399435827
27,31,0.48049721150104896
27,32,0.2572475041425856
27,33,0.4733955091054816
27,34,0.48807964323404956
27,35,0.40573178750163874
27,36,0.424086367540323
27,37,0.33830493258002386
27,38,0.4739307284749
27,39,0.3351170599984189
27,40,0.272477979792152
27,41,0.3428543408954526
27,42,0.48957761253031706
27,43,0.2679812387039935
27,44,0.40207545875350986
27,45,0.4087656871438803
27,46,0.13970953920372697
27,47,0.6084443793948378
27,48,0.24492253050724924
27,49,0.4285771763331085
28,0,0.7451044689723149
28,1,0.3229279245978071
28,2,0.18121522303154536
28,3,0.32519042973005086
28,4,0.6627790043255068
28,5,0.9055269240576043
28,6,0.44540410911400585
28,7,0.6446905493808824
28,8,0.674848617817941
28,9,0.5336608229755425
28,10,0.16834387173264262
28,11,0.6194835130962404
28,12,0.841958689690801
28,13,0.39633137940334057
28,14,0.4001781699518605
28,15,0.38488403726024645
28,16,0.758203719933349
28,17,0.8136333779852074
28,18,0.5272353525904419
28,19,0.26017404220539525
28,20,0.5203173894354576
28,21,0.3943481539858065
28,22,0.41340031159455615
28,23,0.10443226748909804
28,24,0.18782342784617262
28,25,0.6111480104845262
28,26,0.560787666232268
28,27,0.3995878907220713
28,29,0.2022101202489234
28,30,0.11458888776430269
28,31,0.24433067109248022
28,32,0.6562443376966527
28,33,0.8535984276048375
28,34,0.5951540088398146
28,35,0.8040308002891481
28,36,0.41680495993568295
28,37,0.14378816113678783
28,38,0.7630911568314759
28,39,0.17402143464288786
28,40,0.12910255951289462
28,41,0.7371376945880471
28,42,0.4606892972983685
28,43,0.3244703452207381
28,44,0.5492693734040995
28,45,0.7287065471337877
28,46,0.4671687079202733
28,47,0.24132208737329386
28,48,0.3123441895839435
28,49,0.3935669176287356
29,0,0.5441651727955734
29,1,0.24982090592459205
29,2,0.3657830828295862
29,3,0.41901853978558845
29,4,0.4619452997742938
29,5,0.703357892313114
29,6,0.2590100703968902
29,7,0.44491608802744853
29,8,0.49229603402472055
